"","row","col","value"
"1",1,1,0
"2",2,1,9.95710114575975
"3",3,1,13.629108549141
"4",4,1,9.37722052663042
"5",5,1,9.42639201180322
"6",6,1,10.2376808545758
"7",7,1,9.93626665459744
"8",8,1,9.82292192021402
"9",9,1,9.3358265419224
"10",10,1,9.65700643650563
"11",11,1,9.77945640362632
"12",12,1,9.81604604718854
"13",13,1,9.3037449168372
"14",14,1,9.2629371947376
"15",15,1,9.76441496421574
"16",16,1,9.59134029889203
"17",17,1,9.59842117283953
"18",18,1,8.93652192437817
"19",19,1,9.58843855093181
"20",20,1,9.25406941223529
"21",21,1,9.94370890418526
"22",22,1,9.88423299540564
"23",23,1,9.48152764461586
"24",24,1,9.98603582471091
"25",25,1,9.83189079864135
"26",26,1,9.66047641519641
"27",27,1,9.53967675778865
"28",28,1,9.7918600121231
"29",29,1,9.3900360196667
"30",30,1,9.40219925276372
"31",31,1,9.78846238638769
"32",32,1,9.78056258251937
"33",33,1,9.82101429456579
"34",34,1,10.0966641619087
"35",35,1,9.87236401182864
"36",36,1,9.80777475520006
"37",37,1,9.70300077146385
"38",38,1,9.65249365908753
"39",39,1,9.70222487136364
"40",40,1,9.52377266219713
"41",41,1,9.2526930549618
"42",42,1,9.92672131185611
"43",43,1,9.60382161940287
"44",44,1,9.16668286451593
"45",45,1,9.32481394800381
"46",46,1,9.39506459207982
"47",47,1,9.20634445016189
"48",48,1,9.11361382372984
"49",49,1,9.99941948691363
"50",50,1,9.58462323921912
"51",51,1,17.9809060184735
"52",52,1,18.2779983659843
"53",53,1,17.9931624910761
"54",54,1,19.6369301399848
"55",55,1,18.6251755396597
"56",56,1,18.0801928537038
"57",57,1,17.4931101762872
"58",58,1,17.74244882501
"59",59,1,17.3985588770686
"60",60,1,17.7801851048838
"61",61,1,18.0213415425053
"62",62,1,19.0011554302115
"63",63,1,18.9978472313238
"64",64,1,19.1215780143603
"65",65,1,20.3740874245768
"66",66,1,18.5927490886549
"67",67,1,18.2332070668923
"68",68,1,18.6479472319694
"69",69,1,17.1576113334545
"70",70,1,17.4337203017022
"71",71,1,18.7168588220061
"72",72,1,17.0328194743024
"73",73,1,17.1635364085794
"74",74,1,17.7938612594072
"75",75,1,17.7396516849836
"76",76,1,17.3401639588302
"77",77,1,17.4341011859325
"78",78,1,17.4695150676171
"79",79,1,18.6166718024913
"80",80,1,17.495083316299
"81",81,1,17.0113518688915
"82",82,1,18.3451041350699
"83",83,1,18.4358643327556
"84",84,1,18.2282028063041
"85",85,1,17.8263464216815
"86",86,1,18.7536464241846
"87",87,1,17.5005901127356
"88",88,1,17.3093673914412
"89",89,1,18.4034549505085
"90",90,1,18.1003703593953
"91",91,1,19.4041079020709
"92",92,1,17.3482981681326
"93",93,1,18.7602389335646
"94",94,1,17.5157042897838
"95",95,1,17.7751981858144
"96",96,1,17.1700326459737
"97",97,1,19.3409372676856
"98",98,1,19.2979758781206
"99",99,1,17.0103248155066
"100",100,1,17.5657715946184
"101",1,2,9.95710114575975
"102",2,2,0
"103",3,2,13.8463141733689
"104",4,2,9.00564145815134
"105",5,2,9.2107903454483
"106",6,2,10.1810288117767
"107",7,2,9.64453967153011
"108",8,2,9.5628711560077
"109",9,2,9.60072732639106
"110",10,2,9.32922932796818
"111",11,2,10.0261499974612
"112",12,2,9.14704274036411
"113",13,2,9.32465479136659
"114",14,2,9.48917154304991
"115",15,2,9.55924432967134
"116",16,2,9.83458208562721
"117",17,2,9.65177272641824
"118",18,2,8.75065396932
"119",19,2,9.25370202062698
"120",20,2,9.39728215673081
"121",21,2,9.80943129297096
"122",22,2,9.64874835657967
"123",23,2,9.35984170136646
"124",24,2,9.76242926626254
"125",25,2,9.5427134393016
"126",26,2,9.52364234033966
"127",27,2,9.32847719607143
"128",28,2,9.27298838349586
"129",29,2,9.19638901440066
"130",30,2,8.94394919970579
"131",31,2,9.61071683143494
"132",32,2,9.36499029290397
"133",33,2,10.0886172882547
"134",34,2,9.79228319528242
"135",35,2,9.93910062678374
"136",36,2,9.94900094312521
"137",37,2,9.72896518836619
"138",38,2,9.12324324117133
"139",39,2,9.7998996936858
"140",40,2,9.46601240024127
"141",41,2,9.08662941577481
"142",42,2,9.35409020510785
"143",43,2,9.27129850704346
"144",44,2,9.1398660596706
"145",45,2,9.43716574276175
"146",46,2,9.63951580144595
"147",47,2,9.07747022426768
"148",48,2,9.03727531688376
"149",49,2,9.87594747992248
"150",50,2,9.28387870955971
"151",51,2,17.520518019576
"152",52,2,17.6155935924972
"153",53,2,17.3989484232797
"154",54,2,18.9748781595254
"155",55,2,17.8458447990529
"156",56,2,17.3888919080467
"157",57,2,16.7757389472909
"158",58,2,17.0458998436905
"159",59,2,16.5931965491071
"160",60,2,17.1460393267193
"161",61,2,17.1962717353254
"162",62,2,18.2676847088574
"163",63,2,18.5357435667778
"164",64,2,18.5239342353939
"165",65,2,19.6447799120406
"166",66,2,17.8886556066449
"167",67,2,17.3728645608982
"168",68,2,17.9512577811353
"169",69,2,16.5001312537304
"170",70,2,16.952606491736
"171",71,2,17.8781784548052
"172",72,2,16.466851383282
"173",73,2,16.4256030515164
"174",74,2,17.0594993586842
"175",75,2,17.2202065806038
"176",76,2,16.4114631953145
"177",77,2,16.7339172315741
"178",78,2,16.8267827747585
"179",79,2,18.1040196844996
"180",80,2,17.0678405955204
"181",81,2,16.2244969433911
"182",82,2,17.8567845679973
"183",83,2,17.8879668363575
"184",84,2,17.3861060791543
"185",85,2,17.1105409194474
"186",86,2,18.2961092961184
"187",87,2,16.8814648804044
"188",88,2,16.4083447696804
"189",89,2,17.8200519342933
"190",90,2,17.3732182879306
"191",91,2,18.8653170847684
"192",92,2,16.6817425019797
"193",93,2,18.20354350474
"194",94,2,16.8062235638677
"195",95,2,17.1762573785704
"196",96,2,16.506062310339
"197",97,2,18.7381154912363
"198",98,2,18.9781116200327
"199",99,2,16.337272563532
"200",100,2,16.9090449087328
"201",1,3,13.629108549141
"202",2,3,13.8463141733689
"203",3,3,0
"204",4,3,13.5111952360946
"205",5,3,13.6214415671732
"206",6,3,14.844326194696
"207",7,3,14.7776794203153
"208",8,3,13.7989541346066
"209",9,3,13.3495338022166
"210",10,3,13.7959529860217
"211",11,3,13.7612357624092
"212",12,3,13.7430520268178
"213",13,3,14.4487423855028
"214",14,3,13.7342774751813
"215",15,3,14.396928281311
"216",16,3,14.1826844160762
"217",17,3,14.0953484718034
"218",18,3,12.7089522640541
"219",19,3,13.5865265206456
"220",20,3,13.5422597837894
"221",21,3,13.4633737980473
"222",22,3,14.1223687101528
"223",23,3,13.4946757612673
"224",24,3,12.7611741547437
"225",25,3,13.9718990591543
"226",26,3,13.9287020831122
"227",27,3,13.5584588730293
"228",28,3,13.9661571170872
"229",29,3,13.5343595538894
"230",30,3,12.7982494444475
"231",31,3,13.3257049879634
"232",32,3,13.4661784776249
"233",33,3,12.8629528888137
"234",34,3,12.7265058341312
"235",35,3,13.0402667718935
"236",36,3,13.2324091982536
"237",37,3,14.2316328863888
"238",38,3,13.5924759450708
"239",39,3,12.2978105865654
"240",40,3,13.8869317628042
"241",41,3,13.2862868133994
"242",42,3,14.5135872067984
"243",43,3,13.7433238119934
"244",44,3,12.743513765177
"245",45,3,13.0199493524938
"246",46,3,14.2025231730452
"247",47,3,12.8612152724211
"248",48,3,14.0106589886098
"249",49,3,13.6607727068409
"250",50,3,13.8892084139267
"251",51,3,22.376522077693
"252",52,3,22.7405215728238
"253",53,3,22.063581454313
"254",54,3,24.1133659756217
"255",55,3,23.5682845985978
"256",56,3,22.5982987233511
"257",57,3,22.2018233933003
"258",58,3,23.0252274449831
"259",59,3,22.1927939675548
"260",60,3,22.5749764412949
"261",61,3,22.672631990194
"262",62,3,23.5254008961396
"263",63,3,23.3285440661479
"264",64,3,23.4468065949912
"265",65,3,24.5405341593575
"266",66,3,23.1373623530693
"267",67,3,23.3139304462023
"268",68,3,23.2675410594263
"269",69,3,22.2800555877326
"270",70,3,22.5510443423719
"271",71,3,22.5852046961557
"272",72,3,22.2412754686849
"273",73,3,22.312745869826
"274",74,3,22.7641666384312
"275",75,3,22.4082975856049
"276",76,3,22.1100121754927
"277",77,3,22.1902668458172
"278",78,3,22.1583872541315
"279",79,3,23.0798198588928
"280",80,3,22.1162741692406
"281",81,3,21.6915405895647
"282",82,3,22.8619519805774
"283",83,3,22.7125117971861
"284",84,3,23.2435046913723
"285",85,3,22.5365671416958
"286",86,3,23.353936952189
"287",87,3,22.5324101235975
"288",88,3,21.8502526331582
"289",89,3,23.7161595220179
"290",90,3,22.7579540238242
"291",91,3,23.689885610088
"292",92,3,22.1778905552976
"293",93,3,23.5299490227119
"294",94,3,22.4689622871695
"295",95,3,22.8506326828247
"296",96,3,22.1804996732346
"297",97,3,23.7367073786371
"298",98,3,23.6829930303248
"299",99,3,22.0695139555328
"300",100,3,22.2120753166416
"301",1,4,9.37722052663042
"302",2,4,9.00564145815134
"303",3,4,13.5111952360946
"304",4,4,0
"305",5,4,8.94669046632643
"306",6,4,9.54606172362313
"307",7,4,9.11114051363769
"308",8,4,8.90222910471284
"309",9,4,8.92932246643279
"310",10,4,8.8446681040253
"311",11,4,9.77327943819973
"312",12,4,8.96084475272551
"313",13,4,8.96082701454031
"314",14,4,8.89104340898501
"315",15,4,9.14400767770628
"316",16,4,9.24634391268128
"317",17,4,9.03285201958056
"318",18,4,8.56569262779939
"319",19,4,9.53750686423212
"320",20,4,8.68069696536235
"321",21,4,9.40552244799276
"322",22,4,9.25996081690156
"323",23,4,8.98758391802097
"324",24,4,9.5125800851175
"325",25,4,8.94349117518509
"326",26,4,8.97212357923239
"327",27,4,9.08218674462367
"328",28,4,9.40339606459441
"329",29,4,8.92115025425831
"330",30,4,8.57556617421209
"331",31,4,9.0496766696873
"332",32,4,9.43074017852531
"333",33,4,9.60305447167378
"334",34,4,9.06566287210788
"335",35,4,9.32314744762235
"336",36,4,9.17210246285032
"337",37,4,9.24989293795248
"338",38,4,9.23874699096715
"339",39,4,9.48971686664814
"340",40,4,9.77358806656814
"341",41,4,8.59108313852962
"342",42,4,9.92707563604814
"343",43,4,8.99647850846084
"344",44,4,8.99935440583057
"345",45,4,9.04441693761526
"346",46,4,8.94600124004172
"347",47,4,8.21317070822403
"348",48,4,9.00106685463374
"349",49,4,9.31344149461198
"350",50,4,9.11470924062309
"351",51,4,16.9877671626329
"352",52,4,17.0932186887257
"353",53,4,16.8608476516861
"354",54,4,18.8212962923513
"355",55,4,17.6319446411026
"356",56,4,17.3301318383979
"357",57,4,16.4865433560917
"358",58,4,16.820184049376
"359",59,4,16.5281462594873
"360",60,4,16.7005906123162
"361",61,4,17.0969506893229
"362",62,4,18.1723262226373
"363",63,4,18.217736697936
"364",64,4,18.2374808209245
"365",65,4,19.321272807947
"366",66,4,17.5037597339195
"367",67,4,17.3289272693307
"368",68,4,17.5705834167861
"369",69,4,16.2780824517473
"370",70,4,16.5787727152345
"371",71,4,17.5513932739057
"372",72,4,16.3894485349698
"373",73,4,16.2455545695669
"374",74,4,16.9160258891259
"375",75,4,16.920648669781
"376",76,4,16.1531702975729
"377",77,4,16.4353263165674
"378",78,4,16.4859964818854
"379",79,4,17.6668246657741
"380",80,4,16.6624257083072
"381",81,4,16.0719571777937
"382",82,4,17.4178517557487
"383",83,4,17.5623780360979
"384",84,4,17.2161171579839
"385",85,4,16.9426798304658
"386",86,4,17.9155689272481
"387",87,4,16.7831470325564
"388",88,4,16.3023525965581
"389",89,4,17.5900993512768
"390",90,4,17.2980498092082
"391",91,4,18.41950057013
"392",92,4,16.5487883747124
"393",93,4,17.8282441035752
"394",94,4,16.7035573554361
"395",95,4,16.7676293272813
"396",96,4,16.2571774780701
"397",97,4,18.4666482394817
"398",98,4,18.6936861275242
"399",99,4,16.1040819225967
"400",100,4,16.6496832248278
"401",1,5,9.42639201180322
"402",2,5,9.2107903454483
"403",3,5,13.6214415671732
"404",4,5,8.94669046632643
"405",5,5,0
"406",6,5,9.53502288497376
"407",7,5,9.37327125568349
"408",8,5,9.17901240058544
"409",9,5,9.20122099947902
"410",10,5,9.42548233890984
"411",11,5,9.91011514948096
"412",12,5,8.95473809384725
"413",13,5,8.93389494011662
"414",14,5,9.33218704846526
"415",15,5,9.35631585972918
"416",16,5,8.99230582760464
"417",17,5,9.05375745549237
"418",18,5,8.4007509775015
"419",19,5,9.25218818625687
"420",20,5,8.84419822162944
"421",21,5,9.15707700579244
"422",22,5,9.09443311938929
"423",23,5,8.83342033046824
"424",24,5,9.32294564469175
"425",25,5,8.86523308946002
"426",26,5,8.85110627946788
"427",27,5,8.96755947615938
"428",28,5,9.14791438901231
"429",29,5,8.85059614143089
"430",30,5,9.05776777675448
"431",31,5,9.13957334469493
"432",32,5,8.95587398011331
"433",33,5,10.0452324275329
"434",34,5,9.47461942375198
"435",35,5,9.26994963723202
"436",36,5,9.21412456476655
"437",37,5,9.4733265381359
"438",38,5,8.96955777148944
"439",39,5,9.51698560532711
"440",40,5,9.74231041068604
"441",41,5,8.82800719960113
"442",42,5,9.32224452067221
"443",43,5,8.70028757866958
"444",44,5,8.59851006500552
"445",45,5,8.80000143124082
"446",46,5,8.96375223609732
"447",47,5,8.81238913889339
"448",48,5,9.09057339870891
"449",49,5,9.26200314774196
"450",50,5,9.26746045534969
"451",51,5,17.5221838499263
"452",52,5,17.591841783132
"453",53,5,17.5537689523299
"454",54,5,19.0219229307062
"455",55,5,17.8367486182829
"456",56,5,17.526296679255
"457",57,5,16.8562238297067
"458",58,5,16.959129588059
"459",59,5,16.8047099262053
"460",60,5,17.1480785539799
"461",61,5,17.3587473311528
"462",62,5,18.4741186074953
"463",63,5,18.5653422870436
"464",64,5,18.5440684525067
"465",65,5,19.8689593036712
"466",66,5,17.8778579361088
"467",67,5,17.5678722961678
"468",68,5,17.9377670951279
"469",69,5,16.6286479839773
"470",70,5,16.8939908326659
"471",71,5,18.0339241977174
"472",72,5,16.6599625186467
"473",73,5,16.4290488013527
"474",74,5,16.9823527042318
"475",75,5,17.2392241498197
"476",76,5,16.2829011758695
"477",77,5,16.674186122654
"478",78,5,16.7840783950917
"479",79,5,18.1990583943715
"480",80,5,17.1173266587264
"481",81,5,16.1472670951114
"482",82,5,17.8199799617555
"483",83,5,17.7882323958491
"484",84,5,17.4753090112114
"485",85,5,17.101540878032
"486",86,5,18.3105340483644
"487",87,5,16.8724814412778
"488",88,5,16.49653617365
"489",89,5,17.8156921032377
"490",90,5,17.4967798608353
"491",91,5,18.8264395141596
"492",92,5,16.8470311121293
"493",93,5,18.0752114698914
"494",94,5,16.6448883856244
"495",95,5,16.9689320872941
"496",96,5,16.4889122351552
"497",97,5,18.7696641345575
"498",98,5,19.0042510216665
"499",99,5,16.38351202859
"500",100,5,16.9043772847973
"501",1,6,10.2376808545758
"502",2,6,10.1810288117767
"503",3,6,14.844326194696
"504",4,6,9.54606172362313
"505",5,6,9.53502288497376
"506",6,6,0
"507",7,6,9.79052177881901
"508",8,6,9.95025185997794
"509",9,6,10.0380992093157
"510",10,6,9.91872094881082
"511",11,6,10.2130235374762
"512",12,6,9.74725434680684
"513",13,6,9.24671377762703
"514",14,6,9.82369246938434
"515",15,6,9.49925573716982
"516",16,6,9.31676516769573
"517",17,6,9.49667060103757
"518",18,6,9.62454935813652
"519",19,6,9.96818715248122
"520",20,6,9.81425774584754
"521",21,6,10.2375668208193
"522",22,6,9.82669520195907
"523",23,6,9.09706418479074
"524",24,6,10.3790242858438
"525",25,6,10.3451452772077
"526",26,6,9.55293957370418
"527",27,6,9.96548354610233
"528",28,6,9.97570300617078
"529",29,6,9.71745357279318
"530",30,6,9.46376969096985
"531",31,6,9.82238225151461
"532",32,6,9.63421213558795
"533",33,6,9.96519636118835
"534",34,6,10.2113079762812
"535",35,6,10.7976517604243
"536",36,6,10.1921573534098
"537",37,6,9.37389253530875
"538",38,6,10.389815454272
"539",39,6,11.1674945898734
"540",40,6,9.77274181846377
"541",41,6,9.11515254628637
"542",42,6,10.3702597221098
"543",43,6,9.60875947836358
"544",44,6,9.48348815614713
"545",45,6,9.2669636657888
"546",46,6,9.76829612262467
"547",47,6,9.03576218303456
"548",48,6,9.57685761097596
"549",49,6,9.64715829348613
"550",50,6,10.0081075840283
"551",51,6,18.2595697853084
"552",52,6,18.6606072179104
"553",53,6,18.6352884999011
"554",54,6,20.1947233072818
"555",55,6,18.7705251742887
"556",56,6,18.6237454616303
"557",57,6,17.7544807572495
"558",58,6,18.1608384722802
"559",59,6,17.6253559822631
"560",60,6,18.2353996483019
"561",61,6,18.4940385185686
"562",62,6,19.6190460850368
"563",63,6,19.7655195088366
"564",64,6,19.8469986402446
"565",65,6,21.1298721839144
"566",66,6,19.0878743361293
"567",67,6,18.4492392941249
"568",68,6,19.1844981795669
"569",69,6,17.2482087192217
"570",70,6,17.9597823027317
"571",71,6,18.8661670693894
"572",72,6,17.3106369365808
"573",73,6,17.3444011878929
"574",74,6,18.0052627136147
"575",75,6,18.2598468898295
"576",76,6,17.3495095083731
"577",77,6,17.626755645988
"578",78,6,17.9035998150225
"579",79,6,19.2114636535172
"580",80,6,18.1578532378246
"581",81,6,17.2960866084296
"582",82,6,18.8835629764625
"583",83,6,18.9308835421523
"584",84,6,18.7395958177614
"585",85,6,18.2213412194783
"586",86,6,19.2815148343498
"587",87,6,17.6186454650345
"588",88,6,17.5064887805898
"589",89,6,18.8188763309659
"590",90,6,18.6141764347843
"591",91,6,19.8516302923957
"592",92,6,17.8352794570783
"593",93,6,19.2619205891937
"594",94,6,17.8703411804294
"595",95,6,18.2883912488019
"596",96,6,17.3975311767334
"597",97,6,20.0901642191151
"598",98,6,20.3272247973927
"599",99,6,17.3709005040637
"600",100,6,17.9967051763734
"601",1,7,9.93626665459744
"602",2,7,9.64453967153011
"603",3,7,14.7776794203153
"604",4,7,9.11114051363769
"605",5,7,9.37327125568349
"606",6,7,9.79052177881901
"607",7,7,0
"608",8,7,9.68372591899941
"609",9,7,9.64661639762345
"610",10,7,9.21560087538419
"611",11,7,10.4303471448292
"612",12,7,9.34179105899497
"613",13,7,9.33608493229231
"614",14,7,9.29522326201442
"615",15,7,9.11116935618237
"616",16,7,9.67831665214878
"617",17,7,9.16569178262437
"618",18,7,8.48759661985054
"619",19,7,10.196492240665
"620",20,7,9.01386730144307
"621",21,7,9.88490037460465
"622",22,7,9.5067312328821
"623",23,7,9.42731162690167
"624",24,7,9.49486268395159
"625",25,7,9.23388696502701
"626",26,7,9.31735981667575
"627",27,7,9.17445000827097
"628",28,7,9.26969655603069
"629",29,7,9.22345156485808
"630",30,7,9.15647321130557
"631",31,7,9.66615031739557
"632",32,7,9.21724477155347
"633",33,7,10.0902514241697
"634",34,7,9.8357801094365
"635",35,7,10.0940851625478
"636",36,7,9.43048950483787
"637",37,7,9.99166108267556
"638",38,7,9.14731651999931
"639",39,7,10.2363925558003
"640",40,7,9.89643221543848
"641",41,7,9.47293703036903
"642",42,7,9.59841597473372
"643",43,7,9.24275927847991
"644",44,7,9.31445354309813
"645",45,7,9.6414574474876
"646",46,7,9.06924507652721
"647",47,7,9.62862625609551
"648",48,7,9.8602509529569
"649",49,7,9.49665629719656
"650",50,7,8.91201903944067
"651",51,7,17.6207316564767
"652",52,7,17.4901163752596
"653",53,7,17.4234233284485
"654",54,7,19.156025493943
"655",55,7,18.0797710998285
"656",56,7,17.421441695231
"657",57,7,16.7694075353455
"658",58,7,17.0651416984772
"659",59,7,16.6171127722986
"660",60,7,17.170540437073
"661",61,7,17.4852794425477
"662",62,7,18.3848606983164
"663",63,7,18.8539974211764
"664",64,7,18.633891147654
"665",65,7,20.0243635181838
"666",66,7,18.0634439031961
"667",67,7,17.5443621246329
"668",68,7,18.0638001571558
"669",69,7,16.352120077049
"670",70,7,17.0339332522572
"671",71,7,18.0326862581303
"672",72,7,16.5327112880744
"673",73,7,16.6357375635677
"674",74,7,17.0421502181281
"675",75,7,17.2552970634326
"676",76,7,16.2923120228236
"677",77,7,16.5961824686409
"678",78,7,17.087377349176
"679",79,7,18.2718424486558
"680",80,7,16.8011700159111
"681",81,7,15.9954898631327
"682",82,7,17.9557608047163
"683",83,7,17.9809680458042
"684",84,7,17.5109086885379
"685",85,7,17.1423417276674
"686",86,7,18.2632966020561
"687",87,7,16.8526443483421
"688",88,7,16.5837288984977
"689",89,7,17.6000987696617
"690",90,7,17.3623439116279
"691",91,7,19.0701361718002
"692",92,7,16.696346229619
"693",93,7,18.2659107104949
"694",94,7,16.6385479371022
"695",95,7,17.3049327069477
"696",96,7,16.3186348209396
"697",97,7,18.7548466445376
"698",98,7,19.3159727602477
"699",99,7,16.3718069678242
"700",100,7,16.8026132991812
"701",1,8,9.82292192021402
"702",2,8,9.5628711560077
"703",3,8,13.7989541346066
"704",4,8,8.90222910471284
"705",5,8,9.17901240058544
"706",6,8,9.95025185997794
"707",7,8,9.68372591899941
"708",8,8,0
"709",9,8,9.76801979045729
"710",10,8,9.79486852582365
"711",11,8,9.77245228485313
"712",12,8,9.03839291050438
"713",13,8,9.00206764555842
"714",14,8,9.16015908645472
"715",15,8,9.30361205202495
"716",16,8,9.1927331394402
"717",17,8,9.22958267644339
"718",18,8,8.96024994923778
"719",19,8,9.15375039490844
"720",20,8,8.76659084855529
"721",21,8,9.39092394075256
"722",22,8,9.32923267161288
"723",23,8,9.20653147448338
"724",24,8,9.82685879236378
"725",25,8,9.55277711979682
"726",26,8,9.11569379034704
"727",27,8,9.62004456860353
"728",28,8,9.38536979826594
"729",29,8,9.00231239746714
"730",30,8,9.04350192917806
"731",31,8,9.78476398928746
"732",32,8,9.57244851666583
"733",33,8,9.76890164627071
"734",34,8,9.31471686168638
"735",35,8,9.45662876053019
"736",36,8,9.32081122354445
"737",37,8,10.0251813670519
"738",38,8,9.16668587705367
"739",39,8,9.47955440840949
"740",40,8,9.28769421157831
"741",41,8,9.29023432045174
"742",42,8,9.71619752597618
"743",43,8,9.19744500175998
"744",44,8,8.88156475176269
"745",45,8,9.35697700995473
"746",46,8,9.30143969360027
"747",47,8,8.95884302042562
"748",48,8,9.12687039639675
"749",49,8,9.50254854947538
"750",50,8,9.25369176226812
"751",51,8,17.9043642375207
"752",52,8,18.0350342371594
"753",53,8,17.7805391609723
"754",54,8,19.5057033585629
"755",55,8,18.5805889430821
"756",56,8,18.1197126583309
"757",57,8,17.246625699721
"758",58,8,17.6502404571531
"759",59,8,17.1249809798068
"760",60,8,17.4606506620496
"761",61,8,17.9566360511323
"762",62,8,18.9521491072478
"763",63,8,18.9684263593852
"764",64,8,19.1101493340286
"765",65,8,20.1245534846745
"766",66,8,18.2669884684654
"767",67,8,17.8767370224872
"768",68,8,18.6372157007534
"769",69,8,17.0221036297578
"770",70,8,17.3700065273717
"771",71,8,18.3778035777473
"772",72,8,16.8578446174156
"773",73,8,16.9325706720721
"774",74,8,17.4855645490578
"775",75,8,17.6452991299292
"776",76,8,16.8520748460893
"777",77,8,17.0241924525238
"778",78,8,17.1715475280685
"779",79,8,18.3494067494892
"780",80,8,17.4461811221747
"781",81,8,16.8100980085851
"782",82,8,18.3716197746666
"783",83,8,18.3597265136733
"784",84,8,18.220422253502
"785",85,8,17.6338724198135
"786",86,8,18.7267327520737
"787",87,8,17.2070606235873
"788",88,8,17.0070069050394
"789",89,8,18.2510968063457
"790",90,8,17.998929205731
"791",91,8,19.2166738096121
"792",92,8,17.3841769925565
"793",93,8,18.8138062598956
"794",94,8,17.4124851461877
"795",95,8,17.6466178075102
"796",96,8,16.9919240759689
"797",97,8,19.2094678726778
"798",98,8,19.4340783838111
"799",99,8,16.9929100328936
"800",100,8,17.4934551013336
"801",1,9,9.3358265419224
"802",2,9,9.60072732639106
"803",3,9,13.3495338022166
"804",4,9,8.92932246643279
"805",5,9,9.20122099947902
"806",6,9,10.0380992093157
"807",7,9,9.64661639762345
"808",8,9,9.76801979045729
"809",9,9,0
"810",10,9,8.87424013667735
"811",11,9,9.67292969056819
"812",12,9,9.49888454773701
"813",13,9,9.41967724445137
"814",14,9,9.45550557432573
"815",15,9,9.41827346875439
"816",16,9,9.1661472126908
"817",17,9,9.75579115905233
"818",18,9,8.64992953997517
"819",19,9,8.96829609814306
"820",20,9,9.24083634230961
"821",21,9,9.67937276927639
"822",22,9,9.57574893369947
"823",23,9,8.99315163951765
"824",24,9,9.56945266915797
"825",25,9,9.24388353571834
"826",26,9,9.30194545147132
"827",27,9,8.97905045081995
"828",28,9,9.53276641375216
"829",29,9,9.34229667830951
"830",30,9,9.27770177455609
"831",31,9,9.54578843832215
"832",32,9,9.33847938390152
"833",33,9,9.46228072485077
"834",34,9,9.2817933779221
"835",35,9,9.79149032993815
"836",36,9,9.28218879001002
"837",37,9,9.72282645721816
"838",38,9,9.33246813618792
"839",39,9,9.1734003811558
"840",40,9,9.9162015253685
"841",41,9,8.71298297456064
"842",42,9,9.62839457576338
"843",43,9,9.2998347405674
"844",44,9,9.40430134081905
"845",45,9,9.17507684237424
"846",46,9,9.21193897427491
"847",47,9,8.75736175915396
"848",48,9,9.25966680478177
"849",49,9,9.25393158994543
"850",50,9,9.5988336002054
"851",51,9,17.71777587829
"852",52,9,17.7942038242387
"853",53,9,17.4803862437023
"854",54,9,19.1749902006725
"855",55,9,18.2264011296741
"856",56,9,17.7158542086239
"857",57,9,17.2197759531734
"858",58,9,17.5445517816138
"859",59,9,17.1688789047982
"860",60,9,17.4811012995586
"861",61,9,17.6789679539931
"862",62,9,18.752877145272
"863",63,9,18.5972091244566
"864",64,9,18.7289122831524
"865",65,9,19.8402499666913
"866",66,9,18.1383781724271
"867",67,9,17.8941149897657
"868",68,9,18.1776842814212
"869",69,9,16.9303143515745
"870",70,9,17.2480887281697
"871",71,9,17.9099307390857
"872",72,9,17.0353375753005
"873",73,9,17.1884333328128
"874",74,9,17.4220319280999
"875",75,9,17.3745189917945
"876",76,9,16.8480678916248
"877",77,9,17.1352274008565
"878",78,9,17.1250624831106
"879",79,9,18.2314393910662
"880",80,9,17.3105614353378
"881",81,9,16.7212510003764
"882",82,9,17.8459605484372
"883",83,9,17.9697276580742
"884",84,9,17.9170813132902
"885",85,9,17.500083989199
"886",86,9,18.5095627435617
"887",87,9,17.3251690480125
"888",88,9,17.1375627238957
"889",89,9,18.1414340845786
"890",90,9,17.8244651422826
"891",91,9,18.740888669968
"892",92,9,16.9249834395523
"893",93,9,18.4841215940808
"894",94,9,17.1293221766927
"895",95,9,17.3933469073102
"896",96,9,16.9147393193762
"897",97,9,18.9441254000987
"898",98,9,19.1892640230898
"899",99,9,16.6765736457774
"900",100,9,17.1933570893435
"901",1,10,9.65700643650563
"902",2,10,9.32922932796818
"903",3,10,13.7959529860217
"904",4,10,8.8446681040253
"905",5,10,9.42548233890984
"906",6,10,9.91872094881082
"907",7,10,9.21560087538419
"908",8,10,9.79486852582365
"909",9,10,8.87424013667735
"910",10,10,0
"911",11,10,9.49803782929736
"912",12,10,9.22078285191654
"913",13,10,9.39170241609571
"914",14,10,9.16642112960577
"915",15,10,8.83149103372888
"916",16,10,8.9257612133882
"917",17,10,10.1331488500742
"918",18,10,8.47548033880164
"919",19,10,9.01389506399883
"920",20,10,9.32247942510135
"921",21,10,9.60907752423297
"922",22,10,9.71372595563678
"923",23,10,8.99057588908803
"924",24,10,9.14510360136297
"925",25,10,8.90099902755154
"926",26,10,9.00142026029916
"927",27,10,9.08081268483571
"928",28,10,9.15425103423813
"929",29,10,9.26806544724754
"930",30,10,9.05912485471832
"931",31,10,9.82958621794246
"932",32,10,9.16162112536046
"933",33,10,9.60554611477678
"934",34,10,9.11370940325827
"935",35,10,9.353791059158
"936",36,10,9.22829192673557
"937",37,10,9.7945599468958
"938",38,10,8.97314614862968
"939",39,10,9.13250601498278
"940",40,10,9.58636870678649
"941",41,10,8.93586861085984
"942",42,10,8.66662574751497
"943",43,10,8.89591428524965
"944",44,10,9.38617667355786
"945",45,10,8.98993130389163
"946",46,10,9.02806628044726
"947",47,10,8.80258331593297
"948",48,10,8.82107817981083
"949",49,10,9.20262403672046
"950",50,10,9.33354793160726
"951",51,10,17.0780612479025
"952",52,10,17.1837620407599
"953",53,10,16.9713715545071
"954",54,10,18.7261092159513
"955",55,10,17.3758348313672
"956",56,10,17.1285335669189
"957",57,10,16.4689977492119
"958",58,10,16.6805423223413
"959",59,10,16.4627817571595
"960",60,10,16.9613875712146
"961",61,10,17.0185415909336
"962",62,10,18.0849370954191
"963",63,10,18.2787135822231
"964",64,10,18.2841103554851
"965",65,10,19.6836760895301
"966",66,10,17.6042162470691
"967",67,10,16.8472901599217
"968",68,10,17.4787497209628
"969",69,10,16.1610186951426
"970",70,10,16.3159949509938
"971",71,10,17.5626069726723
"972",72,10,16.1324832510558
"973",73,10,16.2028338544855
"974",74,10,16.6591804071715
"975",75,10,16.7590821302756
"976",76,10,16.0719791083455
"977",77,10,16.2078915198367
"978",78,10,16.4986084617737
"979",79,10,17.7101364142637
"980",80,10,16.8936833299744
"981",81,10,15.9400133254742
"982",82,10,17.4173920933798
"983",83,10,17.3546871860791
"984",84,10,17.1962325536238
"985",85,10,16.8428709157981
"986",86,10,17.9215310790912
"987",87,10,16.7399144198086
"988",88,10,16.3924129762098
"989",89,10,17.2966353294941
"990",90,10,17.0841187096746
"991",91,10,18.4379486653725
"992",92,10,16.4053590162887
"993",93,10,17.82152981418
"994",94,10,16.3821063620471
"995",95,10,16.67204016855
"996",96,10,16.0280385653727
"997",97,10,18.4247698615952
"998",98,10,18.8327452044123
"999",99,10,15.9140166388305
"1000",100,10,16.6387082748926
"1001",1,11,9.77945640362632
"1002",2,11,10.0261499974612
"1003",3,11,13.7612357624092
"1004",4,11,9.77327943819973
"1005",5,11,9.91011514948096
"1006",6,11,10.2130235374762
"1007",7,11,10.4303471448292
"1008",8,11,9.77245228485313
"1009",9,11,9.67292969056819
"1010",10,11,9.49803782929736
"1011",11,11,0
"1012",12,11,9.96400256437854
"1013",13,11,9.45928233299138
"1014",14,11,9.61272705647463
"1015",15,11,9.5107755445265
"1016",16,11,9.59564500312713
"1017",17,11,9.70909663496326
"1018",18,11,9.60273115979416
"1019",19,11,9.55841531476034
"1020",20,11,9.68014004849156
"1021",21,11,9.63456400283274
"1022",22,11,10.2762455502427
"1023",23,11,9.73904239076106
"1024",24,11,9.95265583973173
"1025",25,11,10.0793050024955
"1026",26,11,9.46407196425558
"1027",27,11,10.1658129275439
"1028",28,11,9.87346594685617
"1029",29,11,9.67909415746202
"1030",30,11,9.87808669742683
"1031",31,11,10.1044495972405
"1032",32,11,9.98884292171118
"1033",33,11,9.3567805048974
"1034",34,11,9.96695962500825
"1035",35,11,9.82642313850826
"1036",36,11,9.96126034742883
"1037",37,11,10.3535456129228
"1038",38,11,9.94636616869233
"1039",39,11,9.58418558544272
"1040",40,11,9.33216661205652
"1041",41,11,9.48763005695661
"1042",42,11,9.50296816313205
"1043",43,11,9.78914254461948
"1044",44,11,9.18429506266925
"1045",45,11,9.19803738115222
"1046",46,11,9.88759279700859
"1047",47,11,9.17797654347638
"1048",48,11,9.22246546317997
"1049",49,11,10.2538680862299
"1050",50,11,10.0432369472286
"1051",51,11,18.6533292768296
"1052",52,11,18.8017790282712
"1053",53,11,18.7237417126006
"1054",54,11,20.2403689964819
"1055",55,11,19.008694645962
"1056",56,11,18.9296910253002
"1057",57,11,18.0924596820758
"1058",58,11,18.441805405393
"1059",59,11,18.0395156072688
"1060",60,11,18.3365563370468
"1061",61,11,18.6437676743285
"1062",62,11,19.6359147859659
"1063",63,11,19.6717510416071
"1064",64,11,19.7879574249652
"1065",65,11,20.9466111457431
"1066",66,11,19.2263848888045
"1067",67,11,18.6197019821261
"1068",68,11,19.3016443143377
"1069",69,11,17.8531490177631
"1070",70,11,18.1978388329832
"1071",71,11,19.1300471509812
"1072",72,11,17.7688849833797
"1073",73,11,17.7301301906424
"1074",74,11,18.2901698900788
"1075",75,11,18.3785353147303
"1076",76,11,17.9864940591482
"1077",77,11,18.0593245660088
"1078",78,11,18.1515575897028
"1079",79,11,19.2299865501739
"1080",80,11,18.3389204016878
"1081",81,11,17.7429724366611
"1082",82,11,19.049351894185
"1083",83,11,19.0821140876764
"1084",84,11,18.8576774651931
"1085",85,11,18.415474835124
"1086",86,11,19.568314891138
"1087",87,11,18.2485469825732
"1088",88,11,17.9465736377243
"1089",89,11,19.0890733535433
"1090",90,11,18.6936568094124
"1091",91,11,20.0250900750504
"1092",92,11,18.0292819306564
"1093",93,11,19.1430766484183
"1094",94,11,18.0595285303524
"1095",95,11,18.2751025168218
"1096",96,11,17.8239553677609
"1097",97,11,20.0687075202425
"1098",98,11,20.1580261164959
"1099",99,11,17.66632388105
"1100",100,11,18.2155355211941
"1101",1,12,9.81604604718854
"1102",2,12,9.14704274036411
"1103",3,12,13.7430520268178
"1104",4,12,8.96084475272551
"1105",5,12,8.95473809384725
"1106",6,12,9.74725434680684
"1107",7,12,9.34179105899497
"1108",8,12,9.03839291050438
"1109",9,12,9.49888454773701
"1110",10,12,9.22078285191654
"1111",11,12,9.96400256437854
"1112",12,12,0
"1113",13,12,9.20195726396745
"1114",14,12,9.1894933732897
"1115",15,12,9.14232354228927
"1116",16,12,9.1818701953327
"1117",17,12,9.13880416558488
"1118",18,12,8.7979021405387
"1119",19,12,9.54127102274207
"1120",20,12,8.9258523797724
"1121",21,12,9.4757195443259
"1122",22,12,9.05210061511405
"1123",23,12,8.9984309925249
"1124",24,12,10.0068502757945
"1125",25,12,8.89995215939812
"1126",26,12,9.05928818084786
"1127",27,12,9.26999893429106
"1128",28,12,8.55718257140637
"1129",29,12,8.8026180376417
"1130",30,12,8.95394582211644
"1131",31,12,9.56589093285127
"1132",32,12,9.5393556404345
"1133",33,12,9.78370402688581
"1134",34,12,9.19008319294915
"1135",35,12,9.42316461614071
"1136",36,12,9.652574514272
"1137",37,12,9.80148049199462
"1138",38,12,8.7326974134539
"1139",39,12,10.0320397559773
"1140",40,12,9.52395441725054
"1141",41,12,9.31151073699822
"1142",42,12,9.65665594208766
"1143",43,12,9.16061148949266
"1144",44,12,8.77563689753267
"1145",45,12,9.09474395714624
"1146",46,12,9.15090017494282
"1147",47,12,8.77017404672886
"1148",48,12,9.1667698783509
"1149",49,12,9.56336592542345
"1150",50,12,9.08422188140694
"1151",51,12,17.1694062313331
"1152",52,12,17.3502725362109
"1153",53,12,17.3637013115832
"1154",54,12,18.8670689034064
"1155",55,12,17.7072385853103
"1156",56,12,17.5502351253777
"1157",57,12,16.5354724060909
"1158",58,12,16.7695011770699
"1159",59,12,16.5040571435838
"1160",60,12,16.7161310868698
"1161",61,12,17.2400313936356
"1162",62,12,18.3335439852921
"1163",63,12,18.4239883832562
"1164",64,12,18.4058381700044
"1165",65,12,19.7127962138367
"1166",66,12,17.7470483435594
"1167",67,12,17.2620422734933
"1168",68,12,17.9383511917398
"1169",69,12,16.3509161409112
"1170",70,12,16.6917432745305
"1171",71,12,17.7658748186386
"1172",72,12,16.1658324396947
"1173",73,12,16.1888491435646
"1174",74,12,16.9138071000896
"1175",75,12,16.9520330594006
"1176",76,12,16.1150194385633
"1177",77,12,16.4195401762311
"1178",78,12,16.6371929722442
"1179",79,12,17.8921530496401
"1180",80,12,16.8680921141029
"1181",81,12,16.0015856209141
"1182",82,12,17.6775000428065
"1183",83,12,17.6527430791852
"1184",84,12,17.3591225348967
"1185",85,12,16.9185609484499
"1186",86,12,18.1253692912358
"1187",87,12,16.5680437191461
"1188",88,12,16.3730323629602
"1189",89,12,17.4957149640772
"1190",90,12,17.3420033176636
"1191",91,12,18.6772744846372
"1192",92,12,16.6126438252104
"1193",93,12,18.0822791482908
"1194",94,12,16.5527727698288
"1195",95,12,17.0068331441002
"1196",96,12,16.1751973301648
"1197",97,12,18.6287151555101
"1198",98,12,18.7768524501769
"1199",99,12,16.124504312523
"1200",100,12,16.7096519679918
"1201",1,13,9.3037449168372
"1202",2,13,9.32465479136659
"1203",3,13,14.4487423855028
"1204",4,13,8.96082701454031
"1205",5,13,8.93389494011662
"1206",6,13,9.24671377762703
"1207",7,13,9.33608493229231
"1208",8,13,9.00206764555842
"1209",9,13,9.41967724445137
"1210",10,13,9.39170241609571
"1211",11,13,9.45928233299138
"1212",12,13,9.20195726396745
"1213",13,13,0
"1214",14,13,8.99679154414482
"1215",15,13,9.12469082648903
"1216",16,13,8.8787292797227
"1217",17,13,8.68058451617064
"1218",18,13,9.05288006251422
"1219",19,13,9.06459742415599
"1220",20,13,8.82744384027642
"1221",21,13,9.65990683858108
"1222",22,13,9.00867485526535
"1223",23,13,8.6831003424673
"1224",24,13,9.83020080227546
"1225",25,13,9.30876406288779
"1226",26,13,8.54983319476675
"1227",27,13,9.03872963633323
"1228",28,13,8.93055961419151
"1229",29,13,8.68348076338971
"1230",30,13,8.88296188438914
"1231",31,13,9.5865912695234
"1232",32,13,9.16791568948732
"1233",33,13,9.67099484240727
"1234",34,13,9.73189827696235
"1235",35,13,9.50539186084591
"1236",36,13,9.50592683722983
"1237",37,13,9.22778232833486
"1238",38,13,9.14674573704185
"1239",39,13,10.2425767837757
"1240",40,13,9.0409308133129
"1241",41,13,8.32002792588986
"1242",42,13,9.58369225804901
"1243",43,13,8.8885486967628
"1244",44,13,9.11013866580206
"1245",45,13,8.82922404489386
"1246",46,13,9.09437697873469
"1247",47,13,8.50712957504742
"1248",48,13,8.62001973520094
"1249",49,13,9.3208448219476
"1250",50,13,9.17379819747104
"1251",51,13,17.7148878611054
"1252",52,13,17.7382694316837
"1253",53,13,17.9395023852927
"1254",54,13,19.3631256614505
"1255",55,13,18.0355618796976
"1256",56,13,17.9090646516418
"1257",57,13,16.738480660684
"1258",58,13,17.2921283565324
"1259",59,13,16.9526400965034
"1260",60,13,17.3097851250791
"1261",61,13,17.7845577913615
"1262",62,13,18.7041827627552
"1263",63,13,18.8780725884957
"1264",64,13,18.9587846798085
"1265",65,13,20.2536871533828
"1266",66,13,18.0823232017558
"1267",67,13,17.6557959039217
"1268",68,13,18.3941672235818
"1269",69,13,16.5173928746187
"1270",70,13,17.0485334769894
"1271",71,13,18.3422557399593
"1272",72,13,16.5397331933494
"1273",73,13,16.5385285027198
"1274",74,13,17.2278430405228
"1275",75,13,17.4495138284053
"1276",76,13,16.6344898205524
"1277",77,13,16.828742760253
"1278",78,13,17.0933294012508
"1279",79,13,18.3571041106913
"1280",80,13,17.3623920830296
"1281",81,13,16.3286992468232
"1282",82,13,18.1255028021672
"1283",83,13,18.2726566231976
"1284",84,13,17.6718493011678
"1285",85,13,17.2927409070396
"1286",86,13,18.4426563661576
"1287",87,13,16.8729625029301
"1288",88,13,16.6866357878169
"1289",89,13,17.9224822724568
"1290",90,13,17.6408389354311
"1291",91,13,19.1779310475953
"1292",92,13,17.0455592496927
"1293",93,13,18.4013655363032
"1294",94,13,17.0032568594791
"1295",95,13,17.2436678148117
"1296",96,13,16.6788332728839
"1297",97,13,19.0188584139986
"1298",98,13,19.3013564003296
"1299",99,13,16.6381770884185
"1300",100,13,17.1739356738107
"1301",1,14,9.2629371947376
"1302",2,14,9.48917154304991
"1303",3,14,13.7342774751813
"1304",4,14,8.89104340898501
"1305",5,14,9.33218704846526
"1306",6,14,9.82369246938434
"1307",7,14,9.29522326201442
"1308",8,14,9.16015908645472
"1309",9,14,9.45550557432573
"1310",10,14,9.16642112960577
"1311",11,14,9.61272705647463
"1312",12,14,9.1894933732897
"1313",13,14,8.99679154414482
"1314",14,14,0
"1315",15,14,9.0719497919909
"1316",16,14,9.3239567669375
"1317",17,14,9.2746322696407
"1318",18,14,8.58696866813296
"1319",19,14,9.40598594701104
"1320",20,14,8.98845623672386
"1321",21,14,9.43953417354223
"1322",22,14,9.29928269148133
"1323",23,14,8.80136927895952
"1324",24,14,9.7732229742632
"1325",25,14,9.43911098182625
"1326",26,14,8.96072764252797
"1327",27,14,8.96256535942084
"1328",28,14,9.36624563777874
"1329",29,14,8.94528878359873
"1330",30,14,8.83697744550918
"1331",31,14,9.46393681287462
"1332",32,14,9.58993969959504
"1333",33,14,9.34651823730991
"1334",34,14,9.40731678072413
"1335",35,14,9.7404271841945
"1336",36,14,9.46816915108686
"1337",37,14,9.64102759508317
"1338",38,14,9.31726562235795
"1339",39,14,9.68849101535095
"1340",40,14,9.25365780982473
"1341",41,14,8.97777495142285
"1342",42,14,9.73298099343977
"1343",43,14,9.00058885928941
"1344",44,14,8.96630068660659
"1345",45,14,9.27156783331677
"1346",46,14,9.18526126753202
"1347",47,14,8.55991531762952
"1348",48,14,8.84792430869044
"1349",49,14,8.91871130532927
"1350",50,14,9.15671455221676
"1351",51,14,17.6101368080891
"1352",52,14,17.6305311189445
"1353",53,14,17.4581774297907
"1354",54,14,19.311737781996
"1355",55,14,18.1633692950154
"1356",56,14,17.7500825679986
"1357",57,14,16.8974278087257
"1358",58,14,17.2541396026321
"1359",59,14,16.70873413925
"1360",60,14,17.3225083415126
"1361",61,14,17.6190044327823
"1362",62,14,18.7758270501986
"1363",63,14,18.7985208555326
"1364",64,14,18.7496898809204
"1365",65,14,19.8944704205007
"1366",66,14,18.0858806706386
"1367",67,14,17.5809225486797
"1368",68,14,18.2915406963952
"1369",69,14,16.7013954890004
"1370",70,14,16.9917224765792
"1371",71,14,17.8741110133949
"1372",72,14,16.5450281362646
"1373",73,14,16.5343451306517
"1374",74,14,17.1691491269112
"1375",75,14,17.3612915189845
"1376",76,14,16.4144118587
"1377",77,14,16.6836135357059
"1378",78,14,17.0223986733647
"1379",79,14,18.0164117266182
"1380",80,14,16.992191287101
"1381",81,14,16.3476151862561
"1382",82,14,17.9201358974788
"1383",83,14,18.0527793364394
"1384",84,14,17.8124332436233
"1385",85,14,17.2967017369241
"1386",86,14,18.4214777889785
"1387",87,14,17.2015646884335
"1388",88,14,16.7517995704773
"1389",89,14,17.7583448120185
"1390",90,14,17.7372758386576
"1391",91,14,19.0512284254093
"1392",92,14,16.853330054858
"1393",93,14,18.5050847989709
"1394",94,14,16.9090690278919
"1395",95,14,17.4981544645567
"1396",96,14,16.6437690878751
"1397",97,14,19.0459634741701
"1398",98,14,19.3246979762167
"1399",99,14,16.5618961771667
"1400",100,14,17.2328784501834
"1401",1,15,9.76441496421574
"1402",2,15,9.55924432967134
"1403",3,15,14.396928281311
"1404",4,15,9.14400767770628
"1405",5,15,9.35631585972918
"1406",6,15,9.49925573716982
"1407",7,15,9.11116935618237
"1408",8,15,9.30361205202495
"1409",9,15,9.41827346875439
"1410",10,15,8.83149103372888
"1411",11,15,9.5107755445265
"1412",12,15,9.14232354228927
"1413",13,15,9.12469082648903
"1414",14,15,9.0719497919909
"1415",15,15,0
