"","row","col","value"
"1",1,1,0
"2",2,1,10.5859062111623
"3",3,1,11.6923103447005
"4",4,1,11.7172372631562
"5",5,1,11.2444517067763
"6",6,1,11.0383347153818
"7",7,1,10.2633904070572
"8",8,1,10.7861127552994
"9",9,1,11.3801119423363
"10",10,1,11.4307738249593
"11",11,1,11.1923196964308
"12",12,1,12.0785105024623
"13",13,1,11.3712267843425
"14",14,1,11.4539391369701
"15",15,1,11.1810541291932
"16",16,1,11.0566092026866
"17",17,1,12.3143639319737
"18",18,1,11.4306021862322
"19",19,1,10.8389511944031
"20",20,1,10.6570627846875
"21",21,1,11.507939546006
"22",22,1,11.3650343130057
"23",23,1,11.2914035679442
"24",24,1,11.2533994231123
"25",25,1,11.0451995745397
"26",26,1,10.7430107766675
"27",27,1,11.1628075253839
"28",28,1,12.7441263549908
"29",29,1,11.2827985983922
"30",30,1,11.3874129015987
"31",31,1,11.7773785452738
"32",32,1,10.953232473172
"33",33,1,11.2092713376102
"34",34,1,9.98547293520912
"35",35,1,11.2959324929002
"36",36,1,11.1646995718735
"37",37,1,11.248092788452
"38",38,1,10.9087917660792
"39",39,1,10.4948052193915
"40",40,1,10.8281250737985
"41",41,1,11.5929120055694
"42",42,1,10.9093583013695
"43",43,1,10.3600390814819
"44",44,1,11.3248818898778
"45",45,1,11.0560235580089
"46",46,1,11.4363864368236
"47",47,1,10.915937445335
"48",48,1,12.1893733583935
"49",49,1,11.1213140125783
"50",50,1,11.9305307844176
"51",51,1,18.0654768589311
"52",52,1,18.5352185480936
"53",53,1,18.9232534759482
"54",54,1,18.8988157933492
"55",55,1,17.5156661746203
"56",56,1,18.5237760988067
"57",57,1,17.9199186061799
"58",58,1,18.9586427771021
"59",59,1,19.3554519066642
"60",60,1,17.7030922411178
"61",61,1,17.2940183668947
"62",62,1,19.5259098153074
"63",63,1,18.6239940223361
"64",64,1,18.7138818314076
"65",65,1,17.1465062524685
"66",66,1,18.5923550776619
"67",67,1,19.2887432445281
"68",68,1,17.0414390007196
"69",69,1,17.9110276729129
"70",70,1,17.6337234151209
"71",71,1,17.5093899803273
"72",72,1,19.4772015196051
"73",73,1,18.0365527034438
"74",74,1,18.0279616552066
"75",75,1,19.1012151143977
"76",76,1,18.4886013912548
"77",77,1,18.0611946970525
"78",78,1,17.5600166230264
"79",79,1,19.6287769362399
"80",80,1,17.5412090834645
"81",81,1,18.1558988142966
"82",82,1,18.9429402255433
"83",83,1,18.1932691456194
"84",84,1,20.169614550339
"85",85,1,18.2887744051266
"86",86,1,16.8566817138656
"87",87,1,18.6472466997152
"88",88,1,17.7892173712499
"89",89,1,18.5853449265644
"90",90,1,18.1258806067302
"91",91,1,17.1668602927952
"92",92,1,18.8864832597901
"93",93,1,17.8738026574591
"94",94,1,17.6912192752977
"95",95,1,18.5440665934456
"96",96,1,17.6839470621769
"97",97,1,18.0809421811836
"98",98,1,18.6417852400512
"99",99,1,18.7799126992751
"100",100,1,19.2435038042486
"101",1,2,10.5859062111623
"102",2,2,0
"103",3,2,11.5710395777335
"104",4,2,11.6840391584983
"105",5,2,11.8409161656736
"106",6,2,11.5653099903359
"107",7,2,10.8514192901077
"108",8,2,11.0706466073792
"109",9,2,11.8310940823338
"110",10,2,12.0171835037666
"111",11,2,11.6694266100063
"112",12,2,12.261173234286
"113",13,2,11.7784758008994
"114",14,2,11.7593739646374
"115",15,2,11.6258140388991
"116",16,2,11.2666643659081
"117",17,2,12.6201711216432
"118",18,2,11.6679484507087
"119",19,2,11.5401361988532
"120",20,2,10.9397071484269
"121",21,2,11.9424776896257
"122",22,2,11.3323845203865
"123",23,2,11.6838586440488
"124",24,2,11.7003767128277
"125",25,2,11.6216258708463
"126",26,2,11.3559397983525
"127",27,2,11.8878740953785
"128",28,2,12.8411436377571
"129",29,2,11.6540064370749
"130",30,2,12.2824151046877
"131",31,2,12.4596376650559
"132",32,2,11.1612124367049
"133",33,2,11.9218466822518
"134",34,2,10.625319930167
"135",35,2,10.9612460546566
"136",36,2,11.2587046774861
"137",37,2,11.2236005890345
"138",38,2,11.210237146064
"139",39,2,11.3797781704182
"140",40,2,11.3843925797737
"141",41,2,11.5890104202235
"142",42,2,11.5035869270908
"143",43,2,10.8964145293649
"144",44,2,11.8000603273137
"145",45,2,11.2222406542526
"146",46,2,11.9726835739253
"147",47,2,11.2737853097745
"148",48,2,12.0342065652363
"149",49,2,11.4549573925162
"150",50,2,11.8216759881817
"151",51,2,18.4569332870335
"152",52,2,18.751201469235
"153",53,2,19.4819314929264
"154",54,2,19.3423295394022
"155",55,2,17.9308648496747
"156",56,2,19.0219274750902
"157",57,2,18.4246122156218
"158",58,2,19.3210530933741
"159",59,2,19.7489321839292
"160",60,2,18.1653985454697
"161",61,2,17.7408161042082
"162",62,2,20.1346857589105
"163",63,2,18.907636917285
"164",64,2,19.1987981335969
"165",65,2,17.3858515208105
"166",66,2,19.0950220673076
"167",67,2,19.7380054215882
"168",68,2,17.4573471276242
"169",69,2,18.3635423445749
"170",70,2,18.0264451962455
"171",71,2,17.9568836419447
"172",72,2,19.773166812023
"173",73,2,18.4022794161571
"174",74,2,18.395154965753
"175",75,2,19.5238795965901
"176",76,2,18.7742485737032
"177",77,2,18.416141672181
"178",78,2,17.74613922459
"179",79,2,19.9445040927561
"180",80,2,17.9683412218463
"181",81,2,18.6478528546098
"182",82,2,19.2762592100277
"183",83,2,18.5299231945347
"184",84,2,20.5180522068184
"185",85,2,18.4071457123531
"186",86,2,17.2717151315748
"187",87,2,18.9017436070204
"188",88,2,18.0948355158258
"189",89,2,18.9171489216461
"190",90,2,18.4318777505952
"191",91,2,17.711766389475
"192",92,2,19.1954736496672
"193",93,2,18.2219562495438
"194",94,2,18.1827876095087
"195",95,2,18.7781420824326
"196",96,2,17.9687161198681
"197",97,2,18.6176085212348
"198",98,2,18.9057605962662
"199",99,2,19.0706244453991
"200",100,2,19.5125385874817
"201",1,3,11.6923103447005
"202",2,3,11.5710395777335
"203",3,3,0
"204",4,3,12.4147841300943
"205",5,3,11.94666408157
"206",6,3,12.0510309042331
"207",7,3,11.0812177949141
"208",8,3,11.549753372034
"209",9,3,12.0295574952772
"210",10,3,12.1115581001723
"211",11,3,11.7824227073844
"212",12,3,13.3237878000726
"213",13,3,11.9106112972513
"214",14,3,12.411944272656
"215",15,3,11.5691640062144
"216",16,3,11.314822620449
"217",17,3,12.8124733189947
"218",18,3,11.8487289162697
"219",19,3,11.8256861260465
"220",20,3,11.4925609537109
"221",21,3,12.2979790022962
"222",22,3,12.2660016010307
"223",23,3,11.999166730576
"224",24,3,11.713029923089
"225",25,3,11.8082722474284
"226",26,3,11.9403039615099
"227",27,3,11.8397742392702
"228",28,3,13.3633398889476
"229",29,3,12.2731345925274
"230",30,3,12.4180973468245
"231",31,3,12.5115751817179
"232",32,3,11.9779815420443
"233",33,3,12.4955752553504
"234",34,3,11.4920863381978
"235",35,3,12.0827994646778
"236",36,3,12.1770540938743
"237",37,3,12.0713944252328
"238",38,3,11.819686392527
"239",39,3,12.0529820791873
"240",40,3,11.9954102705257
"241",41,3,12.207022057018
"242",42,3,12.2562255144064
"243",43,3,11.5174861971147
"244",44,3,11.8432218363625
"245",45,3,11.91384832353
"246",46,3,12.2564023997854
"247",47,3,12.09732405299
"248",48,3,13.2210898928752
"249",49,3,11.9668708439169
"250",50,3,12.6813279267662
"251",51,3,18.4418081785232
"252",52,3,18.9039116299856
"253",53,3,19.5904379741961
"254",54,3,19.4387792659537
"255",55,3,18.1259881947086
"256",56,3,19.0606579703236
"257",57,3,18.6176298783788
"258",58,3,19.3508868190182
"259",59,3,19.8947430253532
"260",60,3,18.3024659287835
"261",61,3,17.7428651461092
"262",62,3,20.0335926905313
"263",63,3,19.1800167771278
"264",64,3,19.2690911082458
"265",65,3,17.6027717313685
"266",66,3,19.0344632556125
"267",67,3,19.7640208865321
"268",68,3,17.5335658993567
"269",69,3,18.4109251487561
"270",70,3,18.1254060024446
"271",71,3,18.0594756190876
"272",72,3,19.8953920109369
"273",73,3,18.3514091335477
"274",74,3,18.6032119984708
"275",75,3,19.5634638742322
"276",76,3,18.8907396941411
"277",77,3,18.6678956027425
"278",78,3,17.9531207102951
"279",79,3,20.1015898173328
"280",80,3,18.1837201396426
"281",81,3,18.8568905882185
"282",82,3,19.4179274446931
"283",83,3,18.634864554662
"284",84,3,20.7782030658918
"285",85,3,18.7716161335224
"286",86,3,17.3722819264584
"287",87,3,19.1565133694891
"288",88,3,18.2036512749705
"289",89,3,18.9111226648547
"290",90,3,18.5242388287571
"291",91,3,17.6403616790669
"292",92,3,19.4243142757392
"293",93,3,18.3021190909245
"294",94,3,18.3384545969193
"295",95,3,18.9232039458838
"296",96,3,18.132103752089
"297",97,3,18.6549439399036
"298",98,3,19.046786924647
"299",99,3,19.22626119511
"300",100,3,19.924693387626
"301",1,4,11.7172372631562
"302",2,4,11.6840391584983
"303",3,4,12.4147841300943
"304",4,4,0
"305",5,4,12.8567523867417
"306",6,4,12.8307550175023
"307",7,4,11.8535804482424
"308",8,4,11.8807856516084
"309",9,4,12.6088464242489
"310",10,4,12.1883355650155
"311",11,4,12.2843585302536
"312",12,4,12.8554752379752
"313",13,4,12.7059596711362
"314",14,4,12.9661527169264
"315",15,4,12.7484840050274
"316",16,4,12.0642381868182
"317",17,4,14.0393310881484
"318",18,4,12.1668330737638
"319",19,4,11.8094349552232
"320",20,4,11.6988062025615
"321",21,4,12.8531160974528
"322",22,4,12.5765630993121
"323",23,4,12.6805769876383
"324",24,4,12.7646926162992
"325",25,4,12.3501583020235
"326",26,4,11.8717695361757
"327",27,4,12.457171190586
"328",28,4,13.844215472728
"329",29,4,12.9125616077627
"330",30,4,13.2259335630499
"331",31,4,13.8210657619807
"332",32,4,12.0650880410149
"333",33,4,12.4350798437199
"334",34,4,11.6848160260618
"335",35,4,12.6963789410545
"336",36,4,12.2447466273885
"337",37,4,12.1113407216342
"338",38,4,12.1472392110145
"339",39,4,12.9945178003708
"340",40,4,12.7323585985553
"341",41,4,12.6648551137423
"342",42,4,12.3391573495741
"343",43,4,12.159202967483
"344",44,4,12.9172854621412
"345",45,4,12.4173585662351
"346",46,4,12.8671202261479
"347",47,4,12.1745454879043
"348",48,4,13.1424129221584
"349",49,4,12.8664086271018
"350",50,4,12.8440263406243
"351",51,4,19.4005174375716
"352",52,4,19.8817019066674
"353",53,4,20.3110437706946
"354",54,4,20.2806678903101
"355",55,4,18.8452749089038
"356",56,4,19.9027501145345
"357",57,4,19.2970369850731
"358",58,4,20.2819813164774
"359",59,4,20.8224879293027
"360",60,4,19.1056081927645
"361",61,4,18.6728395153354
"362",62,4,21.0027130771771
"363",63,4,20.0204448989361
"364",64,4,20.1621385568114
"365",65,4,18.5217182206403
"366",66,4,19.9694343614123
"367",67,4,20.544823966953
"368",68,4,18.3333670053111
"369",69,4,19.1874105020434
"370",70,4,19.0460661080141
"371",71,4,18.9851863634798
"372",72,4,20.5863038265692
"373",73,4,19.3727197858486
"374",74,4,19.4291901945511
"375",75,4,20.4945033464172
"376",76,4,19.6975406068044
"377",77,4,19.3801484429407
"378",78,4,18.9057905031594
"379",79,4,20.8441116074669
"380",80,4,19.0818403639601
"381",81,4,19.7369806834169
"382",82,4,20.2063056684393
"383",83,4,19.5232623524091
"384",84,4,21.5801418462879
"385",85,4,19.6307339964154
"386",86,4,18.2767680368033
"387",87,4,19.969694741512
"388",88,4,19.0909766768948
"389",89,4,19.9659152616827
"390",90,4,19.3361026535769
"391",91,4,18.6534084003243
"392",92,4,20.3891724496564
"393",93,4,19.1398242190131
"394",94,4,19.331036250753
"395",95,4,19.6987171042171
"396",96,4,19.0052786055613
"397",97,4,19.6797984011724
"398",98,4,19.7756560696449
"399",99,4,20.2356132278798
"400",100,4,20.5815401889426
"401",1,5,11.2444517067763
"402",2,5,11.8409161656736
"403",3,5,11.94666408157
"404",4,5,12.8567523867417
"405",5,5,0
"406",6,5,11.7469235271829
"407",7,5,10.8670546226085
"408",8,5,11.5639759189114
"409",9,5,11.6204677071796
"410",10,5,11.8709016756263
"411",11,5,11.8629976109086
"412",12,5,12.7485658022301
"413",13,5,12.1523662147934
"414",14,5,12.1616879779867
"415",15,5,11.740372792695
"416",16,5,11.6011099961931
"417",17,5,12.3856591407451
"418",18,5,12.0242444623521
"419",19,5,11.5262255035118
"420",20,5,11.3349925443086
"421",21,5,12.0773763221297
"422",22,5,11.9066116385951
"423",23,5,11.7793811717494
"424",24,5,11.8678046336386
"425",25,5,11.9627476718454
"426",26,5,11.7148711945547
"427",27,5,11.9366776171926
"428",28,5,13.0811033101941
"429",29,5,12.5397121642188
"430",30,5,12.131195645605
"431",31,5,12.5796386522813
"432",32,5,12.0771473613133
"433",33,5,12.4036975352584
"434",34,5,11.0455848526329
"435",35,5,12.167039809765
"436",36,5,12.2005009273927
"437",37,5,11.9356407733958
"438",38,5,11.8371616266249
"439",39,5,12.1239889129775
"440",40,5,11.9955319467185
"441",41,5,12.2804322605627
"442",42,5,12.1162395549478
"443",43,5,11.4914261879197
"444",44,5,11.8763012438648
"445",45,5,11.8794030545958
"446",46,5,12.3089361477319
"447",47,5,11.6946692104227
"448",48,5,13.2354707440285
"449",49,5,12.122411814144
"450",50,5,12.6373645318897
"451",51,5,18.6147970106572
"452",52,5,19.0823132228513
"453",53,5,19.574461788075
"454",54,5,19.5636419593815
"455",55,5,18.0902940738965
"456",56,5,19.164298867595
"457",57,5,18.6953086459117
"458",58,5,19.3814986551272
"459",59,5,19.9977846142143
"460",60,5,18.2632743830982
"461",61,5,17.9150249836749
"462",62,5,20.1883107831745
"463",63,5,19.1578941192349
"464",64,5,19.3687648423196
"465",65,5,17.6818384302676
"466",66,5,19.1505238577806
"467",67,5,19.797234886912
"468",68,5,17.6842830989468
"469",69,5,18.3837884190926
"470",70,5,18.2018797323709
"471",71,5,18.0745334128806
"472",72,5,19.8371747662657
"473",73,5,18.7099810840905
"474",74,5,18.5966525717235
"475",75,5,19.6779330343869
"476",76,5,18.8638330984091
"477",77,5,18.6372151827922
"478",78,5,18.1620021370317
"479",79,5,20.0925733946657
"480",80,5,18.2095664139987
"481",81,5,18.8765677569288
"482",82,5,19.4362246161078
"483",83,5,18.7217926509436
"484",84,5,20.8486128006668
"485",85,5,18.6924029225166
"486",86,5,17.4746087124366
"487",87,5,19.2264923776483
"488",88,5,18.2360272206444
"489",89,5,19.2683508925335
"490",90,5,18.6359282021529
"491",91,5,17.8851384200388
"492",92,5,19.4829396256158
"493",93,5,18.3948075420794
"494",94,5,18.4884499503575
"495",95,5,19.1058161774613
"496",96,5,18.2906672627569
"497",97,5,18.8431288138372
"498",98,5,19.0857180152523
"499",99,5,19.2978781167623
"500",100,5,19.7210229788528
"501",1,6,11.0383347153818
"502",2,6,11.5653099903359
"503",3,6,12.0510309042331
"504",4,6,12.8307550175023
"505",5,6,11.7469235271829
"506",6,6,0
"507",7,6,10.5097258667689
"508",8,6,11.2150338989889
"509",9,6,12.2238751565915
"510",10,6,11.5940819377833
"511",11,6,12.0533373959099
"512",12,6,13.1128646308998
"513",13,6,12.2809295313282
"514",14,6,12.2262259522653
"515",15,6,10.7236432650907
"516",16,6,11.3319127707085
"517",17,6,11.4729344622666
"518",18,6,11.87920518826
"519",19,6,11.9944914353956
"520",20,6,11.4559345664895
"521",21,6,12.2962262836134
"522",22,6,11.9399212321159
"523",23,6,12.064583461877
"524",24,6,11.652901056157
"525",25,6,11.3512472200614
"526",26,6,11.5696754536124
"527",27,6,11.9135683643422
"528",28,6,13.0070682755924
"529",29,6,11.9672787811823
"530",30,6,11.9682515843727
"531",31,6,11.6727487894614
"532",32,6,11.7763634370805
"533",33,6,12.1286686687284
"534",34,6,10.9418684994009
"535",35,6,10.9563439250522
"536",36,6,12.134658761159
"537",37,6,12.0474240571844
"538",38,6,11.8903206605389
"539",39,6,11.672319846013
"540",40,6,11.7157435813351
"541",41,6,12.4711970755667
"542",42,6,11.8996555208548
"543",43,6,11.1090540569753
"544",44,6,11.5482612701648
"545",45,6,12.2268991431825
"546",46,6,11.6933608762242
"547",47,6,12.031837700129
"548",48,6,12.9250969742533
"549",49,6,11.4466014410893
"550",50,6,12.5082083798904
"551",51,6,18.434737258888
"552",52,6,19.1104372781029
"553",53,6,19.7722057218004
"554",54,6,19.7136431398145
"555",55,6,18.1411792559008
"556",56,6,19.4247019805074
"557",57,6,18.6295291769647
"558",58,6,19.6113322442937
"559",59,6,20.150627869885
"560",60,6,18.3991978447143
"561",61,6,17.9663487220883
"562",62,6,20.23067672356
"563",63,6,19.4332472550368
"564",64,6,19.4556817136349
"565",65,6,17.9226457880149
"566",66,6,19.2940902533598
"567",67,6,19.918591238756
"568",68,6,17.8225208477579
"569",69,6,18.5338619246772
"570",70,6,18.3352399970429
"571",71,6,18.0979193624174
"572",72,6,19.9182045667081
"573",73,6,18.5355786260234
"574",74,6,18.683152619439
"575",75,6,19.8090644331721
"576",76,6,18.9715028061186
"577",77,6,18.6888829409411
"578",78,6,18.0230636416288
"579",79,6,20.0566961884201
"580",80,6,18.2665519011027
"581",81,6,18.9308035363574
"582",82,6,19.5630186171321
"583",83,6,18.8001414300599
"584",84,6,20.88096258877
"585",85,6,18.9214662209229
"586",86,6,17.6063394618222
"587",87,6,19.3993240822209
"588",88,6,18.3942732066785
"589",89,6,19.2623084317846
"590",90,6,18.6972127171783
"591",91,6,17.9419334863423
"592",92,6,19.5977139347901
"593",93,6,18.3823144047691
"594",94,6,18.482463667328
"595",95,6,19.1775179098234
"596",96,6,18.3150128657789
"597",97,6,18.8915237686239
"598",98,6,19.3508123415625
"599",99,6,19.4594549861357
"600",100,6,20.0586163492419
"601",1,7,10.2633904070572
"602",2,7,10.8514192901077
"603",3,7,11.0812177949141
"604",4,7,11.8535804482424
"605",5,7,10.8670546226085
"606",6,7,10.5097258667689
"607",7,7,0
"608",8,7,10.6109964780827
"609",9,7,11.3851947347244
"610",10,7,11.1316085124035
"611",11,7,11.1855196176013
"612",12,7,11.9160357265061
"613",13,7,11.0329144441144
"614",14,7,11.6802673479339
"615",15,7,10.6970359738342
"616",16,7,10.5844738180327
"617",17,7,11.5745107799343
"618",18,7,11.3404509153381
"619",19,7,11.3865375699432
"620",20,7,10.7719296796354
"621",21,7,11.6083144919677
"622",22,7,11.3760981277437
"623",23,7,11.2204385028621
"624",24,7,11.0787963015009
"625",25,7,11.0196830272965
"626",26,7,10.5567283247772
"627",27,7,10.9647594049989
"628",28,7,12.1617854285773
"629",29,7,11.1803830331148
"630",30,7,11.7562665692001
"631",31,7,11.6799197777676
"632",32,7,11.2192054496004
"633",33,7,11.6501140057263
"634",34,7,10.587738895954
"635",35,7,10.8070329218249
"636",36,7,11.4091913524474
"637",37,7,11.6684391314316
"638",38,7,11.2617044746839
"639",39,7,11.3099734909045
"640",40,7,11.0934909869811
"641",41,7,12.1301471245445
"642",42,7,11.0887589250474
"643",43,7,10.7402718475458
"644",44,7,10.8189848122321
"645",45,7,10.8896882192235
"646",46,7,10.5976277060828
"647",47,7,11.3072322513411
"648",48,7,11.9886846066094
"649",49,7,11.2714683570695
"650",50,7,11.7403988381212
"651",51,7,18.1277882725526
"652",52,7,18.656346017826
"653",53,7,19.2109301012876
"654",54,7,19.1117036279507
"655",55,7,17.7053536139459
"656",56,7,18.7978446879192
"657",57,7,18.1329105002114
"658",58,7,19.1665302069354
"659",59,7,19.6714438851825
"660",60,7,17.9500955895969
"661",61,7,17.5820865414045
"662",62,7,19.8276401201064
"663",63,7,18.8365521886214
"664",64,7,18.9244057743981
"665",65,7,17.3571267674971
"666",66,7,18.7169195250354
"667",67,7,19.5119327102048
"668",68,7,17.2610116617316
"669",69,7,18.028968640471
"670",70,7,17.8886677439015
"671",71,7,17.6796346590164
"672",72,7,19.4986081905596
"673",73,7,18.2187833558259
"674",74,7,18.08429966927
"675",75,7,19.3620342004607
"676",76,7,18.4944033740508
"677",77,7,18.2037065408073
"678",78,7,17.6657375872603
"679",79,7,19.7857175004444
"680",80,7,17.7030445366912
"681",81,7,18.3719748871716
"682",82,7,19.1103247888862
"683",83,7,18.3407396974933
"684",84,7,20.4685310260094
"685",85,7,18.1409139837096
"686",86,7,17.0647510072616
"687",87,7,18.7786794819335
"688",88,7,17.9686852060957
"689",89,7,18.7383196791238
"690",90,7,18.2264448193502
"691",91,7,17.4282512417217
"692",92,7,19.0015387803015
"693",93,7,17.9913678340584
"694",94,7,18.0524996459131
"695",95,7,18.520015268198
"696",96,7,17.8719480184531
"697",97,7,18.3424494651352
"698",98,7,18.6717631669832
"699",99,7,18.9610488938955
"700",100,7,19.5660043989982
"701",1,8,10.7861127552994
"702",2,8,11.0706466073792
"703",3,8,11.549753372034
"704",4,8,11.8807856516084
"705",5,8,11.5639759189114
"706",6,8,11.2150338989889
"707",7,8,10.6109964780827
"708",8,8,0
"709",9,8,11.2391163351179
"710",10,8,11.5450527394391
"711",11,8,11.4956052621376
"712",12,8,12.6868623892212
"713",13,8,11.8054404130664
"714",14,8,11.9696501306466
"715",15,8,11.2269352251066
"716",16,8,11.1504858979224
"717",17,8,11.981761690916
"718",18,8,11.3279522236339
"719",19,8,11.187679683215
"720",20,8,11.0083848169731
"721",21,8,12.0252798527938
"722",22,8,11.4964642015441
"723",23,8,11.4233093400211
"724",24,8,11.3821531896445
"725",25,8,11.1060538636756
"726",26,8,11.1883963263195
"727",27,8,11.5357622211232
"728",28,8,12.5325854855937
"729",29,8,11.6680233190096
"730",30,8,11.6712869528487
"731",31,8,12.0042502919855
"732",32,8,11.3311355510113
"733",33,8,11.8702618404469
"734",34,8,10.8525749533858
"735",35,8,11.1127216950406
"736",36,8,11.6911167054442
"737",37,8,11.7809904374107
"738",38,8,11.08633646976
"739",39,8,11.4522706426213
"740",40,8,11.5086188272812
"741",41,8,12.013785648958
"742",42,8,11.3504472487374
"743",43,8,10.8149087557802
"744",44,8,11.5839609349444
"745",45,8,11.6864446438899
"746",46,8,11.5492461817023
"747",47,8,11.4142910331961
"748",48,8,12.5049016532383
"749",49,8,11.3527852167752
"750",50,8,11.8250932885195
"751",51,8,18.2278699213065
"752",52,8,18.7742921617295
"753",53,8,19.3923806755556
"754",54,8,19.3449094467892
"755",55,8,17.8785794513749
"756",56,8,18.78692301982
"757",57,8,18.4124674635629
"758",58,8,19.2158071547692
"759",59,8,19.8720716770517
"760",60,8,18.0552889857983
"761",61,8,17.4354829584444
"762",62,8,19.9737994293399
"763",63,8,18.8040234437067
"764",64,8,18.9839409188954
"765",65,8,17.4110592678973
"766",66,8,19.0484470598884
"767",67,8,19.6821495244763
"768",68,8,17.4057549765859
"769",69,8,18.1062239790231
"770",70,8,18.0597916675702
"771",71,8,17.9009624021972
"772",72,8,19.5357871508204
"773",73,8,18.1911971249777
"774",74,8,18.4461486281273
"775",75,8,19.3425515392973
"776",76,8,18.5892649499221
"777",77,8,18.5226801423714
"778",78,8,17.8644484606075
"779",79,8,19.8611237322447
"780",80,8,17.9986595067789
"781",81,8,18.4465625952586
"782",82,8,19.1622327159196
"783",83,8,18.2905820900264
"784",84,8,20.5493114731554
"785",85,8,18.5646234880111
"786",86,8,17.1794625638066
"787",87,8,19.0781872534955
"788",88,8,17.9090380453148
"789",89,8,18.8556222170191
"790",90,8,18.3297572634661
"791",91,8,17.7447153895062
"792",92,8,19.1989935837671
"793",93,8,17.9602023276162
"794",94,8,18.1547091722245
"795",95,8,18.7769340593588
"796",96,8,18.0528206365064
"797",97,8,18.525431006091
"798",98,8,18.7270918873719
"799",99,8,18.984814950382
"800",100,8,19.7512920813083
"801",1,9,11.3801119423363
"802",2,9,11.8310940823338
"803",3,9,12.0295574952772
"804",4,9,12.6088464242489
"805",5,9,11.6204677071796
"806",6,9,12.2238751565915
"807",7,9,11.3851947347244
"808",8,9,11.2391163351179
"809",9,9,0
"810",10,9,12.012890542595
"811",11,9,11.8295613472219
"812",12,9,13.1535555523771
"813",13,9,11.9342876574007
"814",14,9,12.3686104095737
"815",15,9,11.4558332677035
"816",16,9,11.9371758207703
"817",17,9,12.6699482062196
"818",18,9,11.6363334479646
"819",19,9,11.4106190002867
"820",20,9,11.5401928944389
"821",21,9,12.2976532910364
"822",22,9,11.8571149683146
"823",23,9,11.6645000642456
"824",24,9,11.8282630588339
"825",25,9,11.5355553457936
"826",26,9,11.7432235872654
"827",27,9,11.9626083147727
"828",28,9,13.306294876192
"829",29,9,12.3198166053571
"830",30,9,12.1677036803011
"831",31,9,12.6443609643665
"832",32,9,12.0901280248571
"833",33,9,12.3914598989979
"834",34,9,11.3986582086841
"835",35,9,11.8941079843109
"836",36,9,12.3017132707505
"837",37,9,12.1538780082981
"838",38,9,11.7487168556689
"839",39,9,12.0627116763418
"840",40,9,11.98010811618
"841",41,9,12.2840359451661
"842",42,9,11.8802344748565
"843",43,9,11.2228662855677
"844",44,9,11.8263065776948
"845",45,9,11.7676051123172
"846",46,9,12.2538994128545
"847",47,9,11.8184657012807
"848",48,9,13.3443468549598
"849",49,9,12.3113598055957
"850",50,9,12.5381116177861
"851",51,9,18.5450710906322
"852",52,9,19.1148801070116
"853",53,9,19.492297185658
"854",54,9,19.3933645734317
"855",55,9,18.0437822305988
"856",56,9,19.005735054316
"857",57,9,18.5541988614339
"858",58,9,19.2501026849163
"859",59,9,19.7289560750137
"860",60,9,18.2871417029794
"861",61,9,17.6592729253405
"862",62,9,20.023689147123
"863",63,9,19.1397635547378
"864",64,9,19.1843854379667
"865",65,9,17.7277231292258
"866",66,9,18.8915404093447
"867",67,9,19.7831865390629
"868",68,9,17.4535971781806
"869",69,9,18.2871139959963
"870",70,9,18.1851772838761
"871",71,9,18.0462327814258
"872",72,9,19.8593591945881
"873",73,9,18.4559608644704
"874",74,9,18.5951912799213
"875",75,9,19.3923215196307
"876",76,9,18.7756283999806
"877",77,9,18.5941078554744
"878",78,9,17.9662134989556
"879",79,9,19.8611515483024
"880",80,9,18.1761098994372
"881",81,9,18.6166616936591
"882",82,9,19.340426995264
"883",83,9,18.4626177758574
"884",84,9,20.6564726139964
"885",85,9,18.6530827186109
"886",86,9,17.3815615122354
"887",87,9,19.1073758817728
"888",88,9,18.181877081172
"889",89,9,18.9903240112055
"890",90,9,18.6797714489322
"891",91,9,17.9239916413388
"892",92,9,19.371778122288
"893",93,9,18.1850379639505
"894",94,9,18.2809078828316
"895",95,9,18.7797185725249
"896",96,9,18.1155634367189
"897",97,9,18.6909245835508
"898",98,9,19.009367953184
"899",99,9,19.2468222241378
"900",100,9,19.6279521123405
"901",1,10,11.4307738249593
"902",2,10,12.0171835037666
"903",3,10,12.1115581001723
"904",4,10,12.1883355650155
"905",5,10,11.8709016756263
"906",6,10,11.5940819377833
"907",7,10,11.1316085124035
"908",8,10,11.5450527394391
"909",9,10,12.012890542595
"910",10,10,0
"911",11,10,11.6611544856514
"912",12,10,12.6077476115412
"913",13,10,11.9450275168515
"914",14,10,12.2233708671873
"915",15,10,11.449636943876
"916",16,10,11.2488708219305
"917",17,10,12.8247443192297
"918",18,10,11.6456080000695
"919",19,10,11.4203393591716
"920",20,10,11.6555633444315
"921",21,10,12.0491380475255
"922",22,10,11.6825878617565
"923",23,10,11.6000612966285
"924",24,10,11.7432601195083
"925",25,10,11.8337906868258
"926",26,10,11.2716308710841
"927",27,10,11.6415375869569
"928",28,10,13.2834488050224
"929",29,10,12.1151034611739
"930",30,10,12.2568587037892
"931",31,10,12.5524154984303
"932",32,10,12.0671914644443
"933",33,10,12.1558212584012
"934",34,10,10.8982506723713
"935",35,10,11.9714809752222
"936",36,10,12.0320208848027
"937",37,10,11.8898461590447
"938",38,10,11.6958076265342
"939",39,10,11.5860995697511
"940",40,10,12.0203622986567
"941",41,10,12.0882991622491
"942",42,10,12.1023644828388
"943",43,10,11.2898530763555
"944",44,10,11.7855682896329
"945",45,10,11.5386004582864
"946",46,10,12.1053135347439
"947",47,10,11.6257701933969
"948",48,10,13.2148914648345
"949",49,10,11.7847603158251
"950",50,10,12.7313194188686
"951",51,10,18.1987330167516
"952",52,10,18.804829016839
"953",53,10,19.1832968438222
"954",54,10,19.128602223659
"955",55,10,17.8899734774527
"956",56,10,18.7767891167895
"957",57,10,18.272806790996
"958",58,10,19.0179918968323
"959",59,10,19.7690380866789
"960",60,10,18.0799652284205
"961",61,10,17.5522988519637
"962",62,10,19.8153350653024
"963",63,10,18.8044601441226
"964",64,10,19.0475471827816
"965",65,10,17.4939420100669
"966",66,10,18.777937355028
"967",67,10,19.6797968006396
"968",68,10,17.2339482043449
"969",69,10,18.1778879319357
"970",70,10,17.9435215890894
"971",71,10,17.9011754058991
"972",72,10,19.7436898307703
"973",73,10,18.1786139256467
"974",74,10,18.2550977107799
"975",75,10,19.4490177102158
"976",76,10,18.4307540159076
"977",77,10,18.2421634652621
"978",78,10,17.7277025479445
"979",79,10,19.6602929144466
"980",80,10,17.8195703526284
"981",81,10,18.5252962077814
"982",82,10,19.1497613346312
"983",83,10,18.3923136436557
"984",84,10,20.6230193981102
"985",85,10,18.4882096917815
"986",86,10,17.0506550579108
"987",87,10,18.9274932119646
"988",88,10,18.0809540407422
"989",89,10,18.7768720411063
"990",90,10,18.1872915946275
"991",91,10,17.5369236730146
"992",92,10,19.0891015644849
"993",93,10,17.8971231120588
"994",94,10,18.2249763531791
"995",95,10,18.7665206382375
"996",96,10,17.8364699001452
"997",97,10,18.5672862898398
"998",98,10,18.842948616376
"999",99,10,18.9137434702999
"1000",100,10,19.4894629293171
"1001",1,11,11.1923196964308
"1002",2,11,11.6694266100063
"1003",3,11,11.7824227073844
"1004",4,11,12.2843585302536
"1005",5,11,11.8629976109086
"1006",6,11,12.0533373959099
"1007",7,11,11.1855196176013
"1008",8,11,11.4956052621376
"1009",9,11,11.8295613472219
"1010",10,11,11.6611544856514
"1011",11,11,0
"1012",12,11,13.0955062704156
"1013",13,11,12.1163263526334
"1014",14,11,12.2911767780131
"1015",15,11,12.0422904860596
"1016",16,11,11.607910386416
"1017",17,11,12.8064147925248
"1018",18,11,11.8548438584721
"1019",19,11,11.5339991302079
"1020",20,11,11.4378814729459
"1021",21,11,12.1729730313592
"1022",22,11,11.8482917558311
"1023",23,11,11.9318786369314
"1024",24,11,11.9451577976537
"1025",25,11,11.3012294731994
"1026",26,11,11.4522101544718
"1027",27,11,11.7152997371634
"1028",28,11,13.3871643535768
"1029",29,11,12.0215849895852
"1030",30,11,12.5378371126179
"1031",31,11,12.7730658988542
"1032",32,11,11.8946805899301
"1033",33,11,12.7753152580612
"1034",34,11,11.1743853647259
"1035",35,11,12.2645484956191
"1036",36,11,11.9661983095877
"1037",37,11,11.9086414680073
"1038",38,11,11.5188520733845
"1039",39,11,11.9284077847926
"1040",40,11,11.8630432389724
"1041",41,11,12.0742338445264
"1042",42,11,11.7040289320909
"1043",43,11,11.4798191308331
"1044",44,11,12.1699344125996
"1045",45,11,11.4053963649522
"1046",46,11,12.0692340020598
"1047",47,11,11.4237882021526
"1048",48,11,13.0656314567049
"1049",49,11,12.3915628234222
"1050",50,11,12.4322437721551
"1051",51,11,18.4681052814991
"1052",52,11,19.0802503590948
"1053",53,11,19.4876960772538
"1054",54,11,19.3771507578434
"1055",55,11,17.9752421077655
"1056",56,11,18.9792933435531
"1057",57,11,18.5347803343887
"1058",58,11,19.3670116610335
"1059",59,11,19.901193819165
"1060",60,11,18.2389251071055
"1061",61,11,17.8529396538646
"1062",62,11,20.0031686411211
"1063",63,11,18.979699039396
"1064",64,11,19.196252048516
"1065",65,11,17.5970332458211
"1066",66,11,18.9986027497197
"1067",67,11,19.7311033833006
"1068",68,11,17.5837173218743
"1069",69,11,18.2866341451204
"1070",70,11,18.0571503351175
"1071",71,11,17.9685954637984
"1072",72,11,19.7996777648098
"1073",73,11,18.2572945976463
"1074",74,11,18.5382625198228
"1075",75,11,19.4681390430392
"1076",76,11,18.7016036604428
"1077",77,11,18.4155266116096
"1078",78,11,18.0160486039425
"1079",79,11,19.8814679963138
"1080",80,11,18.1333552056545
"1081",81,11,18.6466483507355
"1082",82,11,19.2383797429565
"1083",83,11,18.5054847419668
"1084",84,11,20.5623528936127
"1085",85,11,18.5677920172817
"1086",86,11,17.2707554188544
"1087",87,11,19.1653028779953
"1088",88,11,18.2261618048844
"1089",89,11,18.928839466319
"1090",90,11,18.4120563812385
"1091",91,11,17.7759593492286
"1092",92,11,19.268050613005
"1093",93,11,18.1154744696677
"1094",94,11,18.3411447622159
"1095",95,11,18.9734614862289
"1096",96,11,18.0388958259332
"1097",97,11,18.5855273723403
"1098",98,11,18.9005803389832
"1099",99,11,19.2973358252916
"1100",100,11,19.6657557242281
"1101",1,12,12.0785105024623
"1102",2,12,12.261173234286
"1103",3,12,13.3237878000726
"1104",4,12,12.8554752379752
"1105",5,12,12.7485658022301
"1106",6,12,13.1128646308998
"1107",7,12,11.9160357265061
"1108",8,12,12.6868623892212
"1109",9,12,13.1535555523771
"1110",10,12,12.6077476115412
"1111",11,12,13.0955062704156
"1112",12,12,0
"1113",13,12,12.8106224521784
"1114",14,12,13.220286639887
"1115",15,12,13.1796359689672
"1116",16,12,12.406972094646
"1117",17,12,14.3993068058119
"1118",18,12,12.9111967701529
"1119",19,12,12.6187377364364
"1120",20,12,12.2579451979481
"1121",21,12,13.4504208870319
"1122",22,12,12.4746901661088
"1123",23,12,13.4220261507024
"1124",24,12,12.9652210945122
"1125",25,12,12.5920363658918
"1126",26,12,13.1925502516064
"1127",27,12,12.9500540255079
"1128",28,12,14.1909065788513
"1129",29,12,13.2364161386239
"1130",30,12,13.5431826545486
"1131",31,12,14.097652026278
"1132",32,12,13.1559790997864
"1133",33,12,13.0437649939578
"1134",34,12,12.2971568235722
"1135",35,12,13.2571931639821
"1136",36,12,13.0659659608869
"1137",37,12,12.9864509898957
"1138",38,12,12.4689032134734
"1139",39,12,12.9772108662664
"1140",40,12,12.6962433848377
"1141",41,12,13.4576414985354
"1142",42,12,12.7976717097762
"1143",43,12,12.8083697522433
"1144",44,12,13.0829221378562
"1145",45,12,12.5507104696451
"1146",46,12,12.7956558792937
"1147",47,12,12.0898809562037
"1148",48,12,14.0072411343027
"1149",49,12,13.2735030618639
"1150",50,12,13.9572598712865
"1151",51,12,19.6506603819088
"1152",52,12,19.8743941036468
"1153",53,12,20.1569381867298
"1154",54,12,20.2280674426077
"1155",55,12,18.8385781983296
"1156",56,12,19.9325322569263
"1157",57,12,19.3209309421846
"1158",58,12,20.1904092157589
"1159",59,12,20.7164425848013
"1160",60,12,19.1129807068302
"1161",61,12,18.9118055039331
"1162",62,12,20.8045634767394
"1163",63,12,19.8896224476752
"1164",64,12,20.0531660663563
"1165",65,12,18.6379236610688
"1166",66,12,19.9163893531148
"1167",67,12,20.5859152555763
"1168",68,12,18.6152161196488
"1169",69,12,19.4135562568246
"1170",70,12,19.0598648508724
"1171",71,12,19.0075133082783
"1172",72,12,20.5881522120466
"1173",73,12,19.406099998159
"1174",74,12,19.1154288879084
"1175",75,12,20.3558126855245
"1176",76,12,19.8243103602008
"1177",77,12,19.2322117805705
"1178",78,12,18.9187575018744
"1179",79,12,20.9390912387024
"1180",80,12,18.8669662541203
"1181",81,12,19.6572856864234
"1182",82,12,20.1030810656886
"1183",83,12,19.4867220207102
"1184",84,12,21.5346935107418
"1185",85,12,19.4041990327776
"1186",86,12,18.4144541517307
"1187",87,12,19.9384670357557
"1188",88,12,19.0524279733225
"1189",89,12,19.9518014841996
"1190",90,12,19.5017369308086
"1191",91,12,18.6831193321361
"1192",92,12,20.2146784370303
"1193",93,12,19.3616326815931
"1194",94,12,19.3472049495133
"1195",95,12,19.8484563556161
"1196",96,12,19.0634715071121
"1197",97,12,19.760028558211
"1198",98,12,19.6581336074451
"1199",99,12,20.2151895188987
"1200",100,12,20.2157628628563
"1201",1,13,11.3712267843425
"1202",2,13,11.7784758008994
"1203",3,13,11.9106112972513
"1204",4,13,12.7059596711362
"1205",5,13,12.1523662147934
"1206",6,13,12.2809295313282
"1207",7,13,11.0329144441144
"1208",8,13,11.8054404130664
"1209",9,13,11.9342876574007
"1210",10,13,11.9450275168515
"1211",11,13,12.1163263526334
"1212",12,13,12.8106224521784
"1213",13,13,0
"1214",14,13,12.358668877159
"1215",15,13,11.9501148617646
"1216",16,13,11.870755964262
"1217",17,13,13.2670190367021
"1218",18,13,12.1191476604631
"1219",19,13,11.8576081229447
"1220",20,13,11.4257466026087
"1221",21,13,12.361722215487
"1222",22,13,12.150242502225
"1223",23,13,11.8686587710295
"1224",24,13,11.9562063862455
"1225",25,13,12.3620962134693
"1226",26,13,12.2084887909965
"1227",27,13,12.1539527428919
"1228",28,13,13.597455371149
"1229",29,13,12.3464755517632
"1230",30,13,12.6357712746222
"1231",31,13,12.9152623776977
"1232",32,13,12.3747341318553
"1233",33,13,12.8337542853907
"1234",34,13,11.4991119568282
"1235",35,13,12.0748424000045
"1236",36,13,12.3918971313443
"1237",37,13,12.5568187407882
"1238",38,13,11.9677315391295
"1239",39,13,12.2586462304467
"1240",40,13,11.7559982254541
"1241",41,13,12.8339850955124
"1242",42,13,12.2150026910005
"1243",43,13,11.9274498167891
"1244",44,13,12.0307535473695
"1245",45,13,11.7730797827973
"1246",46,13,12.1757842320081
"1247",47,13,11.9104750119742
"1248",48,13,13.2991978029147
"1249",49,13,12.4325801363512
"1250",50,13,13.3219447763161
"1251",51,13,18.3208588641312
"1252",52,13,18.7313517659485
"1253",53,13,19.369436092895
"1254",54,13,19.2292960014241
"1255",55,13,17.7748442554863
"1256",56,13,18.8651824215928
"1257",57,13,18.2234102405166
"1258",58,13,19.1161592143581
"1259",59,13,19.6534775226055
"1260",60,13,18.1462072506366
"1261",61,13,17.5480514285168
"1262",62,13,19.8414040025657
"1263",63,13,18.8593683557437
"1264",64,13,18.9436015401608
"1265",65,13,17.4690570776512
"1266",66,13,18.7695116464858
"1267",67,13,19.685005876294
"1268",68,13,17.2814315573118
"1269",69,13,18.0651624248141
"1270",70,13,17.9933561849295
"1271",71,13,17.8059308712939
"1272",72,13,19.6300730932129
"1273",73,13,18.0996811996392
"1274",74,13,18.3639061230403
"1275",75,13,19.2809867629521
"1276",76,13,18.5382155008114
"1277",77,13,18.2102844467662
"1278",78,13,17.8007868172918
"1279",79,13,19.7623224741335
"1280",80,13,17.8493101229362
"1281",81,13,18.425251848819
"1282",82,13,19.0508243250673
"1283",83,13,18.3838691458406
"1284",84,13,20.4301753403481
"1285",85,13,18.3921666542311
"1286",86,13,17.1085157628937
"1287",87,13,18.8029731959852
"1288",88,13,17.9182908299732
"1289",89,13,18.8711999461092
"1290",90,13,18.4049340107825
"1291",91,13,17.5677700051904
"1292",92,13,19.1672610152523
"1293",93,13,17.9732130391054
"1294",94,13,17.9385620651703
"1295",95,13,18.651296855459
"1296",96,13,17.7819379409885
"1297",97,13,18.407551727629
"1298",98,13,18.7412467733253
"1299",99,13,19.041497832149
"1300",100,13,19.6071534033736
"1301",1,14,11.4539391369701
"1302",2,14,11.7593739646374
"1303",3,14,12.411944272656
"1304",4,14,12.9661527169264
"1305",5,14,12.1616879779867
"1306",6,14,12.2262259522653
"1307",7,14,11.6802673479339
"1308",8,14,11.9696501306466
"1309",9,14,12.3686104095737
"1310",10,14,12.2233708671873
"1311",11,14,12.2911767780131
"1312",12,14,13.220286639887
"1313",13,14,12.358668877159
"1314",14,14,0
"1315",15,14,12.1683976051321
"1316",16,14,12.5787087983238
"1317",17,14,13.0112375761637
"1318",18,14,12.495029526029
"1319",19,14,12.0710448260535
"1320",20,14,11.8570531410985
"1321",21,14,12.7325435075846
"1322",22,14,11.924598905721
"1323",23,14,12.7087923645156
"1324",24,14,11.9601856145167
"1325",25,14,11.8524288153566
"1326",26,14,12.0394811820195
"1327",27,14,12.2406441621804
"1328",28,14,13.5590830463791
"1329",29,14,12.5399446780387
"1330",30,14,12.5537568434208
"1331",31,14,12.4868119055595
"1332",32,14,12.3018213561381
"1333",33,14,13.0291374764066
"1334",34,14,11.8009193092325
"1335",35,14,12.5943831736647
"1336",36,14,12.5169603133884
"1337",37,14,12.3788117958512
"1338",38,14,12.0423115749539
"1339",39,14,12.2319929360399
"1340",40,14,12.0149446268531
"1341",41,14,12.6917052149964
"1342",42,14,11.8624051048339
"1343",43,14,11.9572555537849
"1344",44,14,12.4090549131488
"1345",45,14,11.9320154283508
"1346",46,14,12.4382460399639
"1347",47,14,12.3319438675776
"1348",48,14,12.9300771291345
"1349",49,14,12.2133725740647
"1350",50,14,13.1289851915879
"1351",51,14,19.1283556715209
"1352",52,14,19.4513051478022
"1353",53,14,20.0217605111764
"1354",54,14,20.0183070665737
"1355",55,14,18.4520959434156
"1356",56,14,19.5970692691737
"1357",57,14,19.0865638932887
"1358",58,14,19.9551426872154
"1359",59,14,20.4593159731876
"1360",60,14,18.9627494198696
"1361",61,14,18.5937271847182
"1362",62,14,20.578863560558
"1363",63,14,19.5511449256901
"1364",64,14,19.9352276726646
"1365",65,14,18.2278507958236
"1366",66,14,19.67248616052
"1367",67,14,20.373344139701
"1368",68,14,18.252261405034
"1369",69,14,18.976553314483
