"","row","col","value"
"1",1,1,0
"2",2,1,10.2245221831708
"3",3,1,10.6332233726597
"4",4,1,10.6771448052991
"5",5,1,10.5781956109966
"6",6,1,10.4667710776288
"7",7,1,9.82880683566918
"8",8,1,10.1257669476614
"9",9,1,10.2087106728457
"10",10,1,9.82519123884079
"11",11,1,9.65432533994696
"12",12,1,10.5286178935695
"13",13,1,10.1786251867687
"14",14,1,10.2845340921272
"15",15,1,10.0261270091123
"16",16,1,9.57342037830803
"17",17,1,10.2763054690697
"18",18,1,9.81103302040148
"19",19,1,10.1888422857891
"20",20,1,10.2107221516648
"21",21,1,9.28574765941708
"22",22,1,10.7954783352357
"23",23,1,10.001600232239
"24",24,1,10.1669164315208
"25",25,1,10.5736199237137
"26",26,1,9.76059128412454
"27",27,1,10.1052499444102
"28",28,1,9.82620466362838
"29",29,1,10.3816954801673
"30",30,1,9.9240886127402
"31",31,1,9.45231978000404
"32",32,1,11.2391707399016
"33",33,1,9.9488195722436
"34",34,1,11.7120208791053
"35",35,1,10.815665687549
"36",36,1,10.0664930802748
"37",37,1,10.4212173373622
"38",38,1,9.7975798779275
"39",39,1,10.4742133668255
"40",40,1,10.63367053905
"41",41,1,9.61974292589377
"42",42,1,10.5585278589763
"43",43,1,9.51118327768813
"44",44,1,10.0293785725178
"45",45,1,10.1974911860425
"46",46,1,10.5554961020179
"47",47,1,10.1311781949389
"48",48,1,10.3742211210701
"49",49,1,10.3291692816271
"50",50,1,11.3488899965742
"51",51,1,18.4559661022967
"52",52,1,18.5570988463536
"53",53,1,18.7793912911987
"54",54,1,20.1100534156415
"55",55,1,19.1204993500078
"56",56,1,18.9167377854476
"57",57,1,18.1234959037191
"58",58,1,18.5258182378933
"59",59,1,18.0867707479788
"60",60,1,18.3947345995585
"61",61,1,18.8452360195303
"62",62,1,19.9439866393198
"63",63,1,19.8339609798674
"64",64,1,20.276210382956
"65",65,1,21.3310185099835
"66",66,1,19.1712521839741
"67",67,1,18.7709079570745
"68",68,1,19.2003391223556
"69",69,1,17.78403322915
"70",70,1,18.3115107311101
"71",71,1,19.1215411433145
"72",72,1,18.0701082955271
"73",73,1,17.9709486382205
"74",74,1,18.2657895454111
"75",75,1,18.6325120192822
"76",76,1,17.9901516395882
"77",77,1,18.2055268976015
"78",78,1,18.0072719819373
"79",79,1,19.418798875854
"80",80,1,18.7114875977277
"81",81,1,17.7627540021028
"82",82,1,18.8435746599909
"83",83,1,19.3013418940191
"84",84,1,18.9919602579858
"85",85,1,18.4616194290211
"86",86,1,19.7762548006123
"87",87,1,18.0705507753852
"88",88,1,17.7555079595828
"89",89,1,19.3949403021622
"90",90,1,19.1344384569921
"91",91,1,20.1174645192329
"92",92,1,18.1441645112692
"93",93,1,19.6291687929058
"94",94,1,18.1200471415606
"95",95,1,18.5899065901871
"96",96,1,17.6798830045237
"97",97,1,20.2451137799004
"98",98,1,20.5969191915921
"99",99,1,17.8937502937216
"100",100,1,18.5732169961845
"101",1,2,10.2245221831708
"102",2,2,0
"103",3,2,10.560312591948
"104",4,2,10.175737545659
"105",5,2,9.99651163500616
"106",6,2,10.4104782294077
"107",7,2,9.7889234197737
"108",8,2,10.1598408402054
"109",9,2,10.0282737335201
"110",10,2,9.56169709284887
"111",11,2,9.83795585764428
"112",12,2,10.8943063955081
"113",13,2,10.2740087488393
"114",14,2,9.85592608912785
"115",15,2,9.49380161739377
"116",16,2,10.0294050854967
"117",17,2,10.3545555575861
"118",18,2,9.75796908833945
"119",19,2,9.93252690448411
"120",20,2,9.66933584844495
"121",21,2,9.73817149159344
"122",22,2,10.6683098373463
"123",23,2,9.89126567808796
"124",24,2,10.3912699705784
"125",25,2,10.7851939953397
"126",26,2,10.0339989192704
"127",27,2,9.96009134834871
"128",28,2,10.0584450313949
"129",29,2,10.4086898472981
"130",30,2,9.74756648641872
"131",31,2,10.0393327645254
"132",32,2,10.3230310184351
"133",33,2,9.82373102695024
"134",34,2,11.3616334548988
"135",35,2,10.5511411693852
"136",36,2,10.0070648173053
"137",37,2,9.48752374117233
"138",38,2,9.52637820497197
"139",39,2,10.2472379124165
"140",40,2,9.98653981239288
"141",41,2,9.72505381491105
"142",42,2,10.3191959386505
"143",43,2,9.87247445711993
"144",44,2,9.96547808233674
"145",45,2,10.0668653337541
"146",46,2,9.90396467111287
"147",47,2,9.85006723027655
"148",48,2,9.67867527735437
"149",49,2,10.2939738940315
"150",50,2,10.3218265918879
"151",51,2,18.9618942366516
"152",52,2,19.0848295316659
"153",53,2,19.0944252168872
"154",54,2,20.7124879238785
"155",55,2,19.605479971057
"156",56,2,19.4133783066357
"157",57,2,18.7556562056032
"158",58,2,19.0135924283483
"159",59,2,18.6181608059332
"160",60,2,19.153479430983
"161",61,2,19.3971361633608
"162",62,2,20.5156680499517
"163",63,2,20.4066349879436
"164",64,2,20.6161924029901
"165",65,2,21.8354782349655
"166",66,2,19.9133876920665
"167",67,2,19.3617371707905
"168",68,2,19.7597127685506
"169",69,2,18.4312702314857
"170",70,2,18.9659098213716
"171",71,2,19.3786755407352
"172",72,2,18.6586689475234
"173",73,2,18.6199837289078
"174",74,2,18.9765787355142
"175",75,2,19.0035603135596
"176",76,2,18.6638355940732
"177",77,2,18.747230113545
"178",78,2,18.7238988487448
"179",79,2,19.8168308749072
"180",80,2,19.2448376951298
"181",81,2,18.1117754881274
"182",82,2,19.4646620483889
"183",83,2,19.597904603044
"184",84,2,19.5556427856131
"185",85,2,18.9455945751031
"186",86,2,20.0808244584287
"187",87,2,18.9392802095233
"188",88,2,18.4125139421467
"189",89,2,20.0995983875995
"190",90,2,19.9017726345296
"191",91,2,20.482369204625
"192",92,2,18.7806319860431
"193",93,2,20.142335254256
"194",94,2,18.6821610953548
"195",95,2,19.0750836826272
"196",96,2,18.6199577917798
"197",97,2,20.7085407899498
"198",98,2,21.2331609059618
"199",99,2,18.5014303793902
"200",100,2,19.0318716698367
"201",1,3,10.6332233726597
"202",2,3,10.560312591948
"203",3,3,0
"204",4,3,10.6143665001666
"205",5,3,10.5117852535205
"206",6,3,10.3799336011148
"207",7,3,10.3197049964103
"208",8,3,10.3716352453083
"209",9,3,10.1784604708352
"210",10,3,10.2717073306962
"211",11,3,10.3802195628599
"212",12,3,10.5234818958848
"213",13,3,10.0971819681293
"214",14,3,9.99388611758732
"215",15,3,10.6364821844998
"216",16,3,10.2709580001506
"217",17,3,10.3979409384776
"218",18,3,10.5086510519893
"219",19,3,10.4938253660651
"220",20,3,10.2791650928135
"221",21,3,10.1024674839563
"222",22,3,10.5956519349469
"223",23,3,10.6944698832785
"224",24,3,10.3774324961036
"225",25,3,10.662298324456
"226",26,3,10.746309654861
"227",27,3,10.1343722767308
"228",28,3,10.5440832005538
"229",29,3,10.6106173213337
"230",30,3,10.2557218521577
"231",31,3,9.77673290537627
"232",32,3,10.9543946442599
"233",33,3,10.1669767459371
"234",34,3,11.2974355761978
"235",35,3,10.8034087188708
"236",36,3,10.8568071984538
"237",37,3,9.90880024723283
"238",38,3,10.0285843486829
"239",39,3,10.3651758197149
"240",40,3,10.6302270395103
"241",41,3,10.315926871175
"242",42,3,10.4916702745164
"243",43,3,10.5991718175158
"244",44,3,10.4624707242394
"245",45,3,10.5549120027789
"246",46,3,10.6428628301067
"247",47,3,10.1490859045701
"248",48,3,10.2785413330125
"249",49,3,10.1144520239593
"250",50,3,10.8671874461615
"251",51,3,19.2452555278161
"252",52,3,19.4981826779784
"253",53,3,19.4997035510801
"254",54,3,20.9830693016397
"255",55,3,20.008980609955
"256",56,3,19.7172685927389
"257",57,3,19.2013135083401
"258",58,3,19.3557311943865
"259",59,3,19.0782307196758
"260",60,3,19.5796751457632
"261",61,3,19.7750439834443
"262",62,3,20.7554639250301
"263",63,3,20.6073161448667
"264",64,3,20.9036304344197
"265",65,3,22.0684170236888
"266",66,3,20.2834115679062
"267",67,3,19.7165615924015
"268",68,3,20.0992879722536
"269",69,3,18.867598400999
"270",70,3,19.203649035608
"271",71,3,19.8390318040856
"272",72,3,18.9020345437735
"273",73,3,18.9731926061375
"274",74,3,19.4336870211342
"275",75,3,19.4125209094022
"276",76,3,19.1275273297668
"277",77,3,19.1694068234935
"278",78,3,18.9211794167048
"279",79,3,20.0508720149032
"280",80,3,19.6368403364239
"281",81,3,18.6572650717504
"282",82,3,19.7716496847003
"283",83,3,19.9694587265757
"284",84,3,20.0806912048958
"285",85,3,19.2762352112924
"286",86,3,20.5663613755388
"287",87,3,19.3469339422957
"288",88,3,18.77977134062
"289",89,3,20.2389045707791
"290",90,3,20.1250824599491
"291",91,3,20.8482940520213
"292",92,3,19.0848204776784
"293",93,3,20.4775505252228
"294",94,3,19.0835013442596
"295",95,3,19.4745518616633
"296",96,3,18.8484326204901
"297",97,3,21.0414900809667
"298",98,3,21.4122483909793
"299",99,3,18.8544669288614
"300",100,3,19.4343391584657
"301",1,4,10.6771448052991
"302",2,4,10.175737545659
"303",3,4,10.6143665001666
"304",4,4,0
"305",5,4,10.3562349537112
"306",6,4,10.5894563966065
"307",7,4,10.2418806426927
"308",8,4,10.6136130078312
"309",9,4,10.4568748187736
"310",10,4,10.0833297389472
"311",11,4,10.3934665132494
"312",12,4,11.0030119094634
"313",13,4,10.1672835130582
"314",14,4,10.3943530963394
"315",15,4,10.0898263527548
"316",16,4,10.1784758556284
"317",17,4,10.4001736672949
"318",18,4,10.4790278503047
"319",19,4,10.3669937767997
"320",20,4,10.1728201960143
"321",21,4,9.90025521808784
"322",22,4,11.0628820794206
"323",23,4,10.4618776024566
"324",24,4,9.93049286692796
"325",25,4,11.1257631414942
"326",26,4,10.9253965972084
"327",27,4,10.0502123045231
"328",28,4,10.1339248374356
"329",29,4,10.7836241192982
"330",30,4,9.99221393460463
"331",31,4,10.4282691459648
"332",32,4,11.0096761978927
"333",33,4,10.0982214494253
"334",34,4,11.5872953960324
"335",35,4,11.0402218572647
"336",36,4,10.3125440033358
"337",37,4,10.0465869962658
"338",38,4,10.1461750683236
"339",39,4,10.4747426166365
"340",40,4,10.5938313785445
"341",41,4,10.2263347463348
"342",42,4,10.5668441192364
"343",43,4,10.137358644718
"344",44,4,10.6537057872171
"345",45,4,10.5621556425212
"346",46,4,10.6556045235832
"347",47,4,10.5908508561027
"348",48,4,10.0257210211828
"349",49,4,10.6938394848848
"350",50,4,10.7698204902221
"351",51,4,19.4443351532811
"352",52,4,19.3523579652734
"353",53,4,19.6428703069116
"354",54,4,21.1092027365592
"355",55,4,19.954990802269
"356",56,4,19.7925595326287
"357",57,4,19.2138065524688
"358",58,4,19.4892229776367
"359",59,4,19.0998987049483
"360",60,4,19.6218996105699
"361",61,4,19.7719061738278
"362",62,4,20.6586993149707
"363",63,4,20.6384198148914
"364",64,4,20.9223813327164
"365",65,4,22.1703214361649
"366",66,4,20.2327486282272
"367",67,4,19.7933755987951
"368",68,4,20.0006401948765
"369",69,4,18.8037545556124
"370",70,4,19.4212169371956
"371",71,4,19.7174237740277
"372",72,4,19.2136854169908
"373",73,4,19.076000097989
"374",74,4,19.3391617789692
"375",75,4,19.4131300623485
"376",76,4,19.1287837781906
"377",77,4,19.2906632869686
"378",78,4,19.249970202821
"379",79,4,20.2233546128769
"380",80,4,19.6849510066813
"381",81,4,18.7686273403455
"382",82,4,19.8716583143236
"383",83,4,20.0404522651626
"384",84,4,20.0405696804287
"385",85,4,19.3483274634491
"386",86,4,20.5089312555012
"387",87,4,19.6268249614403
"388",88,4,18.8171693124141
"389",89,4,20.4100856797905
"390",90,4,20.1636331839424
"391",91,4,20.9908275516314
"392",92,4,19.1212672213202
"393",93,4,20.5502420063738
"394",94,4,19.1320054195051
"395",95,4,19.4211949234308
"396",96,4,18.9922367441715
"397",97,4,21.0779530205244
"398",98,4,21.4622362713561
"399",99,4,18.8866380608152
"400",100,4,19.5148523837813
"401",1,5,10.5781956109966
"402",2,5,9.99651163500616
"403",3,5,10.5117852535205
"404",4,5,10.3562349537112
"405",5,5,0
"406",6,5,10.2004330429822
"407",7,5,10.2107650949218
"408",8,5,10.5670948773202
"409",9,5,10.5184764381957
"410",10,5,10.0018827764708
"411",11,5,10.1199915161141
"412",12,5,11.1852375767244
"413",13,5,10.1117987193118
"414",14,5,10.3240077642297
"415",15,5,9.22392697077938
"416",16,5,10.0458119320384
"417",17,5,11.0138052015369
"418",18,5,9.38358648818029
"419",19,5,10.1405172265274
"420",20,5,9.68703674764356
"421",21,5,9.66733677355365
"422",22,5,11.3194677940054
"423",23,5,9.888826307102
"424",24,5,10.1568982451631
"425",25,5,11.0004150223161
"426",26,5,10.0324484549873
"427",27,5,9.94520209187027
"428",28,5,10.0172804750714
"429",29,5,11.0406393131707
"430",30,5,9.33754640599672
"431",31,5,9.87230461175049
"432",32,5,10.9842840970532
"433",33,5,9.85317939451003
"434",34,5,12.165813216647
"435",35,5,10.952783025983
"436",36,5,9.2739913685872
"437",37,5,9.87426179412384
"438",38,5,9.59751735543049
"439",39,5,10.2925718228926
"440",40,5,10.2277277881994
"441",41,5,9.42568376122486
"442",42,5,10.5936182453316
"443",43,5,9.9926641332424
"444",44,5,10.4080748764435
"445",45,5,10.4564750305169
"446",46,5,9.7509557414067
"447",47,5,10.3684776011687
"448",48,5,9.87782835518919
"449",49,5,10.8321498045063
"450",50,5,10.7885814129987
"451",51,5,17.6958799017025
"452",52,5,17.9773979483002
"453",53,5,17.9082675169867
"454",54,5,19.4750391854869
"455",55,5,18.4820071626655
"456",56,5,18.1799884577643
"457",57,5,17.8791503612501
"458",58,5,17.861913756979
"459",59,5,17.541928735123
"460",60,5,18.0144603566785
"461",61,5,18.2880572512271
"462",62,5,19.1117124293571
"463",63,5,18.9186056929374
"464",64,5,19.2837362023335
"465",65,5,20.362560970658
"466",66,5,18.6759140347771
"467",67,5,18.2962972768867
"468",68,5,18.4706486055698
"469",69,5,17.3427178309583
"470",70,5,17.75207889517
"471",71,5,18.3882977031943
"472",72,5,17.4769357109336
"473",73,5,17.5309760635631
"474",74,5,17.9948449248678
"475",75,5,17.8572704446647
"476",76,5,17.5035504257792
"477",77,5,17.6024219598624
"478",78,5,17.5908442833793
"479",79,5,18.5966446397844
"480",80,5,18.074569053442
"481",81,5,17.1808069505242
"482",82,5,18.3471372018604
"483",83,5,18.4494307134045
"484",84,5,18.5398341652845
"485",85,5,17.9343485516533
"486",86,5,19.1130657623295
"487",87,5,17.9402242700534
"488",88,5,17.2223256314216
"489",89,5,18.9572864876014
"490",90,5,18.7797336747092
"491",91,5,19.249277201617
"492",92,5,17.5718543531774
"493",93,5,18.8230123043198
"494",94,5,17.4763616072414
"495",95,5,17.982964683077
"496",96,5,17.5920073389742
"497",97,5,19.4727065029546
"498",98,5,19.6839824231043
"499",99,5,17.3776815909305
"500",100,5,18.0028804089231
"501",1,6,10.4667710776288
"502",2,6,10.4104782294077
"503",3,6,10.3799336011148
"504",4,6,10.5894563966065
"505",5,6,10.2004330429822
"506",6,6,0
"507",7,6,9.95802830288015
"508",8,6,10.5940523359033
"509",9,6,10.0190968562879
"510",10,6,10.2417545365932
"511",11,6,10.0207902622142
"512",12,6,10.4894484120607
"513",13,6,9.9522545769543
"514",14,6,10.2863124997197
"515",15,6,10.0636118967172
"516",16,6,10.1324642879912
"517",17,6,10.2576466908252
"518",18,6,9.88318975146342
"519",19,6,10.3014510727533
"520",20,6,10.4059224042862
"521",21,6,10.008699958914
"522",22,6,10.515805784104
"523",23,6,10.3960714993925
"524",24,6,10.2612707550343
"525",25,6,10.3639929142694
"526",26,6,10.1316986301859
"527",27,6,10.1672707156787
"528",28,6,10.169904306195
"529",29,6,10.5310511645033
"530",30,6,9.85592751819301
"531",31,6,9.64764513031959
"532",32,6,10.6906225346492
"533",33,6,9.61227825292717
"534",34,6,10.9816731484924
"535",35,6,10.7513508198233
"536",36,6,10.4022980263035
"537",37,6,10.0147070797491
"538",38,6,10.1420416253677
"539",39,6,10.4527299238129
"540",40,6,10.2086022828158
"541",41,6,10.1109620219598
"542",42,6,10.2374797604381
"543",43,6,10.2521220183211
"544",44,6,10.5449487892408
"545",45,6,10.1930126967912
"546",46,6,10.7256172969138
"547",47,6,10.4896128689526
"548",48,6,9.86955634375142
"549",49,6,10.2668454092173
"550",50,6,11.1930244873821
"551",51,6,19.0016866528752
"552",52,6,19.1283258848461
"553",53,6,19.0577390142653
"554",54,6,20.7588272959271
"555",55,6,19.6404999679459
"556",56,6,19.5841969598263
"557",57,6,18.8625620448963
"558",58,6,19.2000624148399
"559",59,6,18.6885213477261
"560",60,6,19.1384574876136
"561",61,6,19.4605501339529
"562",62,6,20.5924138183217
"563",63,6,20.353538218856
"564",64,6,20.5941218848061
"565",65,6,21.6196204769197
"566",66,6,19.8970957365276
"567",67,6,19.2677371437055
"568",68,6,19.5992568721731
"569",69,6,18.5505806467854
"570",70,6,18.8793596071025
"571",71,6,19.4503653253852
"572",72,6,18.6285457132178
"573",73,6,18.6542335830256
"574",74,6,19.2526855079814
"575",75,6,19.1902644465443
"576",76,6,18.5767400706715
"577",77,6,18.8240627171344
"578",78,6,18.6714184969454
"579",79,6,19.7522304877089
"580",80,6,19.2039275298692
"581",81,6,18.2595560002164
"582",82,6,19.556209642445
"583",83,6,19.6489444175172
"584",84,6,19.8484289333448
"585",85,6,19.1187713439964
"586",86,6,20.113167743066
"587",87,6,18.9826039458039
"588",88,6,18.34709320865
"589",89,6,20.0513481869097
"590",90,6,19.8946880793156
"591",91,6,20.4298199535842
"592",92,6,18.8797124812498
"593",93,6,20.1752147243569
"594",94,6,18.6535979569598
"595",95,6,19.0550493312822
"596",96,6,18.6105628969638
"597",97,6,20.7483139733254
"598",98,6,20.871087697029
"599",99,6,18.6287417886011
"600",100,6,19.2787620493076
"601",1,7,9.82880683566918
"602",2,7,9.7889234197737
"603",3,7,10.3197049964103
"604",4,7,10.2418806426927
"605",5,7,10.2107650949218
"606",6,7,9.95802830288015
"607",7,7,0
"608",8,7,10.1023007029145
"609",9,7,9.64254230026655
"610",10,7,9.81261874187181
"611",11,7,9.65145997608556
"612",12,7,10.2820827165922
"613",13,7,9.94644102557555
"614",14,7,9.5030370772728
"615",15,7,9.46152462617686
"616",16,7,9.52462337734119
"617",17,7,10.2491703546752
"618",18,7,9.28487644720896
"619",19,7,9.89488094613667
"620",20,7,10.0158304403015
"621",21,7,9.14310782489557
"622",22,7,10.3828164622399
"623",23,7,10.0022680793538
"624",24,7,9.80102220671872
"625",25,7,10.3577829889508
"626",26,7,9.65765404563857
"627",27,7,9.63861785942217
"628",28,7,9.26162087181138
"629",29,7,10.0474428105924
"630",30,7,9.62494676024226
"631",31,7,9.25856231403239
"632",32,7,10.264031808666
"633",33,7,9.51184900940239
"634",34,7,10.7867074381952
"635",35,7,10.7626409930857
"636",36,7,9.90639181564359
"637",37,7,9.34219771644547
"638",38,7,9.40348436019477
"639",39,7,9.96876924582489
"640",40,7,10.1749091723312
"641",41,7,9.47592290079284
"642",42,7,10.1917139968142
"643",43,7,9.47300880746593
"644",44,7,10.0048738415402
"645",45,7,10.0759396987788
"646",46,7,10.380164019962
"647",47,7,10.0681475819633
"648",48,7,9.89789141723984
"649",49,7,9.67821717882809
"650",50,7,10.6311160392862
"651",51,7,18.4599749583086
"652",52,7,18.7784178961649
"653",53,7,18.7642584614521
"654",54,7,20.2818361450353
"655",55,7,19.1701869862964
"656",56,7,18.9105307433371
"657",57,7,18.2136388973786
"658",58,7,18.4449733397678
"659",59,7,18.1848523504866
"660",60,7,18.6308129393074
"661",61,7,18.9404104057525
"662",62,7,19.9413910320142
"663",63,7,19.9257068337686
"664",64,7,20.1208671378753
"665",65,7,21.4211443116473
"666",66,7,19.3745152421596
"667",67,7,18.9969639974103
"668",68,7,19.282728575099
"669",69,7,17.9952203022643
"670",70,7,18.3895575241356
"671",71,7,18.9919190129515
"672",72,7,18.1931469579811
"673",73,7,18.1375640003802
"674",74,7,18.5142286950654
"675",75,7,18.6045095783168
"676",76,7,18.0673582896242
"677",77,7,18.2927896298325
"678",78,7,18.149876572439
"679",79,7,19.4500026916927
"680",80,7,18.7324466932319
"681",81,7,17.6111127982524
"682",82,7,19.0255040068919
"683",83,7,19.2474748296094
"684",84,7,19.1413550199781
"685",85,7,18.4587241361587
"686",86,7,19.7776287421454
"687",87,7,18.5504537709426
"688",88,7,17.8808438455767
"689",89,7,19.4454840088751
"690",90,7,19.2232402151513
"691",91,7,20.2010222513298
"692",92,7,18.2324836569843
"693",93,7,19.6137952647897
"694",94,7,18.2545510035797
"695",95,7,18.6263582488052
"696",96,7,18.0205408065843
"697",97,7,20.2532815823286
"698",98,7,20.683391465946
"699",99,7,18.0272140622941
"700",100,7,18.6532360989527
"701",1,8,10.1257669476614
"702",2,8,10.1598408402054
"703",3,8,10.3716352453083
"704",4,8,10.6136130078312
"705",5,8,10.5670948773202
"706",6,8,10.5940523359033
"707",7,8,10.1023007029145
"708",8,8,0
"709",9,8,10.3507857358267
"710",10,8,10.2699617811856
"711",11,8,10.359548037364
"712",12,8,10.7688896094389
"713",13,8,10.3278339649611
"714",14,8,10.2323642915822
"715",15,8,10.2207471945478
"716",16,8,9.87326103218686
"717",17,8,10.4299906067342
"718",18,8,10.0785107060252
"719",19,8,10.7262778901033
"720",20,8,10.3056753153738
"721",21,8,9.8069424597141
"722",22,8,10.6354502831585
"723",23,8,10.5577989547151
"724",24,8,10.1898237749186
"725",25,8,10.7779292316717
"726",26,8,10.2726872826609
"727",27,8,10.1707707658334
"728",28,8,10.1347022782548
"729",29,8,10.320181142448
"730",30,8,10.0491259184855
"731",31,8,10.0204865904635
"732",32,8,10.9500507609595
"733",33,8,9.89144761599711
"734",34,8,10.97029846214
"735",35,8,10.9905486823625
"736",36,8,10.4621897653066
"737",37,8,10.1186951213106
"738",38,8,10.0980191664959
"739",39,8,10.0524973801938
"740",40,8,10.5939824723985
"741",41,8,9.88910967273177
"742",42,8,10.4141208338065
"743",43,8,10.0776736740777
"744",44,8,10.2018783419319
"745",45,8,10.7014002566478
"746",46,8,10.8190743050264
"747",47,8,10.2481841109744
"748",48,8,10.18109727463
"749",49,8,10.3339884198217
"750",50,8,11.0332718994605
"751",51,8,19.3666444868597
"752",52,8,19.4166346542831
"753",53,8,19.5646355737365
"754",54,8,21.0849825917008
"755",55,8,20.0240515983515
"756",56,8,19.9662744432191
"757",57,8,19.1731653173659
"758",58,8,19.5445949439204
"759",59,8,19.0595801848698
"760",60,8,19.4633982184705
"761",61,8,19.8029064080767
"762",62,8,20.8643756771617
"763",63,8,20.6143056145804
"764",64,8,20.8846463937079
"765",65,8,22.079808044576
"766",66,8,20.3075755184367
"767",67,8,19.8550053044828
"768",68,8,20.2388748542956
"769",69,8,18.9356256238655
"770",70,8,19.2928889020308
"771",71,8,19.9579943972939
"772",72,8,19.086766465309
"773",73,8,19.06133778357
"774",74,8,19.3647767025995
"775",75,8,19.5970118933069
"776",76,8,19.1583361136216
"777",77,8,19.2762361223317
"778",78,8,19.1818122257658
"779",79,8,20.3059516328967
"780",80,8,19.6241470991082
"781",81,8,18.6371962599697
"782",82,8,19.9337043141616
"783",83,8,19.9702712298981
"784",84,8,20.0392978509589
"785",85,8,19.3110444861054
"786",86,8,20.6509095755628
"787",87,8,19.3618237837156
"788",88,8,18.6590879184908
"789",89,8,20.4289657847499
"790",90,8,20.3612956545428
"791",91,8,20.8601553274253
"792",92,8,19.1584966755622
"793",93,8,20.4156089102841
"794",94,8,19.0473879068064
"795",95,8,19.5281034449724
"796",96,8,18.7697308173332
"797",97,8,21.2610410756237
"798",98,8,21.3974073369902
"799",99,8,18.9149089798029
"800",100,8,19.4420281357788
"801",1,9,10.2087106728457
"802",2,9,10.0282737335201
"803",3,9,10.1784604708352
"804",4,9,10.4568748187736
"805",5,9,10.5184764381957
"806",6,9,10.0190968562879
"807",7,9,9.64254230026655
"808",8,9,10.3507857358267
"809",9,9,0
"810",10,9,10.2859243829623
"811",11,9,10.5421850807577
"812",12,9,10.502189538444
"813",13,9,10.146993617212
"814",14,9,9.85443499386978
"815",15,9,10.260892800025
"816",16,9,10.0142384067066
"817",17,9,9.86875701072707
"818",18,9,10.2084798648706
"819",19,9,10.0929675359428
"820",20,9,9.79396667044314
"821",21,9,9.76264880611999
"822",22,9,10.453082722171
"823",23,9,10.4422924314211
"824",24,9,10.3084295954941
"825",25,9,10.5052409380712
"826",26,9,10.0569073479942
"827",27,9,9.88102250122397
"828",28,9,9.91833621093445
"829",29,9,10.2374522813881
"830",30,9,9.90235077730531
"831",31,9,9.46153972358323
"832",32,9,10.68089531186
"833",33,9,9.67919836408294
"834",34,9,10.7811810638157
"835",35,9,10.8779753187928
"836",36,9,10.7859412682761
"837",37,9,9.97022502012354
"838",38,9,9.60290736160097
"839",39,9,9.93580864311459
"840",40,9,10.5313207185696
"841",41,9,10.1222339153422
"842",42,9,9.89709303437789
"843",43,9,9.87133463441713
"844",44,9,10.1389508124705
"845",45,9,10.3135442989327
"846",46,9,10.3720110426513
"847",47,9,10.0933821895362
"848",48,9,9.89298063510842
"849",49,9,10.2171480619259
"850",50,9,10.7850031735071
"851",51,9,19.8270178788506
"852",52,9,20.0773260118688
"853",53,9,19.9906983318365
"854",54,9,21.748550529292
"855",55,9,20.5916291442537
"856",56,9,20.4685127722789
"857",57,9,19.7693906608015
"858",58,9,20.0190158342017
"859",59,9,19.6028344069897
"860",60,9,20.0492884943398
"861",61,9,20.3380735419992
"862",62,9,21.3916555750707
"863",63,9,21.153176810677
"864",64,9,21.6020562610372
"865",65,9,22.6052269032203
"866",66,9,20.7617208626518
"867",67,9,20.220224622848
"868",68,9,20.5542178166152
"869",69,9,19.3957215623522
"870",70,9,19.8639809358571
"871",71,9,20.1394272381034
"872",72,9,19.5222678708379
"873",73,9,19.6016197385046
"874",74,9,19.9134219817707
"875",75,9,19.9893693981855
"876",76,9,19.507872578841
"877",77,9,19.751100320613
"878",78,9,19.5903112184023
"879",79,9,20.6688227014067
"880",80,9,20.2415270584802
"881",81,9,19.1400006153882
"882",82,9,20.1278270690753
"883",83,9,20.4307069872572
"884",84,9,20.5607286782604
"885",85,9,19.7931581713454
"886",86,9,21.1634189418868
"887",87,9,20.010854494121
"888",88,9,19.2907269952013
"889",89,9,20.9606188847891
"890",90,9,20.8313848683382
"891",91,9,21.5027789194617
"892",92,9,19.7806079792166
"893",93,9,21.0023544485266
"894",94,9,19.6297822640577
"895",95,9,19.985902196784
"896",96,9,19.5026700632646
"897",97,9,21.705154876123
"898",98,9,22.0078063992517
"899",99,9,19.4888415498614
"900",100,9,20.0667522409346
"901",1,10,9.82519123884079
"902",2,10,9.56169709284887
"903",3,10,10.2717073306962
"904",4,10,10.0833297389472
"905",5,10,10.0018827764708
"906",6,10,10.2417545365932
"907",7,10,9.81261874187181
"908",8,10,10.2699617811856
"909",9,10,10.2859243829623
"910",10,10,0
"911",11,10,9.55980602075318
"912",12,10,10.7984739086729
"913",13,10,9.8571149789163
"914",14,10,9.90182195256162
"915",15,10,9.5701107550065
"916",16,10,9.70567336641147
"917",17,10,10.2242716317852
"918",18,10,9.66513474333923
"919",19,10,9.84720510614026
"920",20,10,9.62599146912407
"921",21,10,9.29699337371599
"922",22,10,10.3637530753884
"923",23,10,9.97544653535085
"924",24,10,9.61368194384275
"925",25,10,10.8469108498241
"926",26,10,10.1657408009412
"927",27,10,9.31559050156392
"928",28,10,9.79714739702497
"929",29,10,10.0785732459517
"930",30,10,9.39000674186455
"931",31,10,9.52505514906582
"932",32,10,10.5927243295641
"933",33,10,9.46642653687548
"934",34,10,11.3156475683899
"935",35,10,10.5509296310464
"936",36,10,10.1032757129278
"937",37,10,9.62420706114705
"938",38,10,9.51694915140428
"939",39,10,10.1066647048048
"940",40,10,10.0403880561616
"941",41,10,9.32252758610307
"942",42,10,10.1093057141143
"943",43,10,9.70889624502171
"944",44,10,9.35031920300275
"945",45,10,9.22520312117669
"946",46,10,10.1084578073178
"947",47,10,9.89551111755071
"948",48,10,9.50966544550487
"949",49,10,10.1101575786875
"950",50,10,10.3810257901426
"951",51,10,18.1876408657474
"952",52,10,18.3002137567634
"953",53,10,18.5787228563098
"954",54,10,19.8523384013193
"955",55,10,18.863669523195
"956",56,10,18.5137980102114
"957",57,10,17.9755522543733
"958",58,10,18.2486741678669
"959",59,10,17.805575220947
"960",60,10,18.4409947359364
"961",61,10,18.5342201092261
"962",62,10,19.6086349133002
"963",63,10,19.5116106510521
"964",64,10,19.8836265475753
"965",65,10,21.080691401612
"966",66,10,19.0472823464584
"967",67,10,18.6198740073956
"968",68,10,18.8669932651108
"969",69,10,17.5815118264649
"970",70,10,18.1446492449474
"971",71,10,18.6073826619816
"972",72,10,17.8679404171185
"973",73,10,17.7859709766927
"974",74,10,18.0525927737671
"975",75,10,18.4148660231258
"976",76,10,17.6748521950157
"977",77,10,17.9157071322286
"978",78,10,17.8959099510933
"979",79,10,19.0542581179194
"980",80,10,18.4894023874503
"981",81,10,17.4056166339623
"982",82,10,18.6401313243807
"983",83,10,18.9315717417012
"984",84,10,18.9529934802299
"985",85,10,18.098007583271
"986",86,10,19.2985774814747
"987",87,10,18.1650246978986
"988",88,10,17.6325268762106
"989",89,10,19.1955814586505
"990",90,10,18.9143069208055
"991",91,10,19.7317192074359
"992",92,10,17.9753168149452
"993",93,10,19.4586007914671
"994",94,10,17.8851853846008
"995",95,10,18.2659911026212
"996",96,10,17.5486769234083
"997",97,10,19.8804134554346
"998",98,10,20.4505818182088
"999",99,10,17.6401222186051
"1000",100,10,18.4396702021405
"1001",1,11,9.65432533994696
"1002",2,11,9.83795585764428
"1003",3,11,10.3802195628599
"1004",4,11,10.3934665132494
"1005",5,11,10.1199915161141
"1006",6,11,10.0207902622142
"1007",7,11,9.65145997608556
"1008",8,11,10.359548037364
"1009",9,11,10.5421850807577
"1010",10,11,9.55980602075318
"1011",11,11,0
"1012",12,11,10.4549151399386
"1013",13,11,9.92307063493529
"1014",14,11,9.99488332134336
"1015",15,11,9.51461693730896
"1016",16,11,9.98579134216104
"1017",17,11,10.3729327684225
"1018",18,11,9.35644635174623
"1019",19,11,10.0307495297175
"1020",20,11,10.141867016266
"1021",21,11,9.53731641548673
"1022",22,11,10.6042973495322
"1023",23,11,10.2201410938355
"1024",24,11,9.9449886008195
"1025",25,11,10.4053956719235
"1026",26,11,9.89513178572193
"1027",27,11,9.71759102936664
"1028",28,11,9.52242808282454
"1029",29,11,10.338793464912
"1030",30,11,10.0473882008754
"1031",31,11,9.38946457700705
"1032",32,11,10.6566076147698
"1033",33,11,9.47029254360402
"1034",34,11,11.5544513282349
"1035",35,11,10.4810384892849
"1036",36,11,9.63740691461265
"1037",37,11,10.0802238021786
"1038",38,11,9.52010021626458
"1039",39,11,10.6162183426551
"1040",40,11,10.2719655606802
"1041",41,11,9.81966742294783
"1042",42,11,10.459956093542
"1043",43,11,9.87368381561868
"1044",44,11,9.32203749020763
"1045",45,11,10.1965819858641
"1046",46,11,10.3727838523774
"1047",47,11,9.94950982470822
"1048",48,11,10.0781759262963
"1049",49,11,10.2571049656399
"1050",50,11,10.8671745268237
"1051",51,11,17.7234397550003
"1052",52,11,17.81715877835
"1053",53,11,18.1209587890856
"1054",54,11,19.4612091286593
"1055",55,11,18.4571338874487
"1056",56,11,18.2202651784103
"1057",57,11,17.4445556817141
"1058",58,11,17.9159306106472
"1059",59,11,17.4308863353862
"1060",60,11,17.8352216743471
"1061",61,11,18.3091228316019
"1062",62,11,19.2053334720666
"1063",63,11,19.1366943334313
"1064",64,11,19.3974919161312
"1065",65,11,20.6656945565041
"1066",66,11,18.5727768414508
"1067",67,11,18.0831517654536
"1068",68,11,18.5174461242285
"1069",69,11,17.2132551240772
"1070",70,11,17.6780456331401
"1071",71,11,18.4354973022437
"1072",72,11,17.3923092217488
"1073",73,11,17.4278386117106
"1074",74,11,17.6871834353544
"1075",75,11,17.9765052734064
"1076",76,11,17.4142675343236
"1077",77,11,17.5126959737883
"1078",78,11,17.5650752720921
"1079",79,11,18.5744068049809
"1080",80,11,17.8942467186342
"1081",81,11,17.1175567211907
"1082",82,11,18.404838195584
"1083",83,11,18.5066335867787
"1084",84,11,18.3450520964081
"1085",85,11,17.668894069864
"1086",86,11,18.9418591454943
"1087",87,11,17.7005314623637
"1088",88,11,17.021109830382
"1089",89,11,18.7567317292826
"1090",90,11,18.6778214306096
"1091",91,11,19.3663410890157
"1092",92,11,17.5998314953149
"1093",93,11,18.8262867635286
"1094",94,11,17.4310211039184
"1095",95,11,17.8518944681712
"1096",96,11,17.1708547814388
"1097",97,11,19.4622041230486
"1098",98,11,20.0287373417923
"1099",99,11,17.2331242119745
"1100",100,11,17.7606260242603
"1101",1,12,10.5286178935695
"1102",2,12,10.8943063955081
"1103",3,12,10.5234818958848
"1104",4,12,11.0030119094634
"1105",5,12,11.1852375767244
"1106",6,12,10.4894484120607
"1107",7,12,10.2820827165922
"1108",8,12,10.7688896094389
"1109",9,12,10.502189538444
"1110",10,12,10.7984739086729
"1111",11,12,10.4549151399386
"1112",12,12,0
"1113",13,12,10.1108988108438
"1114",14,12,10.6017237353652
"1115",15,12,10.9272622303499
"1116",16,12,10.2609262003522
"1117",17,12,10.5302071678504
"1118",18,12,10.8869141008453
"1119",19,12,10.7236388486783
"1120",20,12,11.1255458002411
"1121",21,12,10.2803101689678
"1122",22,12,10.7386680420502
"1123",23,12,10.8607013581223
"1124",24,12,10.9286355883464
"1125",25,12,10.4418597955162
"1126",26,12,10.4497698059275
"1127",27,12,10.4341820030632
"1128",28,12,10.4540669032266
"1129",29,12,10.8129770004426
"1130",30,12,10.7580662955433
"1131",31,12,9.95689968011027
"1132",32,12,11.1605989051296
"1133",33,12,10.0073802709063
"1134",34,12,10.9666435082389
"1135",35,12,11.0173777425674
"1136",36,12,11.3398265440468
"1137",37,12,10.114827273429
"1138",38,12,10.6542041048728
"1139",39,12,11.0537243017524
"1140",40,12,10.9787072605408
"1141",41,12,10.5843356554369
"1142",42,12,10.4929907239275
"1143",43,12,10.7448273945943
"1144",44,12,10.9799047355137
"1145",45,12,10.6597932934752
"1146",46,12,11.3694596897918
"1147",47,12,10.6274605839354
"1148",48,12,10.4585241931975
"1149",49,12,10.4081823618141
"1150",50,12,11.4894925795857
"1151",51,12,19.8190163995927
"1152",52,12,20.0224322300352
"1153",53,12,20.0622884527817
"1154",54,12,21.6535010361557
"1155",55,12,20.3466151425989
"1156",56,12,20.2677132881937
"1157",57,12,19.5362701152584
"1158",58,12,19.8156348528453
"1159",59,12,19.5618835923587
"1160",60,12,19.9301986439565
"1161",61,12,20.3670842477259
"1162",62,12,21.3799553745898
"1163",63,12,21.2256920631669
"1164",64,12,21.4912526817913
"1165",65,12,22.7341852810138
"1166",66,12,20.8233578470274
"1167",67,12,20.0709091671607
"1168",68,12,20.6068575217542
"1169",69,12,19.2917496067349
"1170",70,12,19.6099122816622
"1171",71,12,20.4846076684819
"1172",72,12,19.3518512415767
"1173",73,12,19.3779479769164
"1174",74,12,19.7030228845563
"1175",75,12,20.0125888287994
"1176",76,12,19.5757618210829
"1177",77,12,19.6554848840952
"1178",78,12,19.7115090365649
"1179",79,12,20.8384828891661
"1180",80,12,20.1452353892208
"1181",81,12,19.0318351781781
"1182",82,12,20.4073854408212
"1183",83,12,20.6350963679304
"1184",84,12,20.5346885843881
"1185",85,12,19.9343586585372
"1186",86,12,21.0897490833004
"1187",87,12,19.6225283373465
"1188",88,12,19.1418708053521
"1189",89,12,20.7815354714208
"1190",90,12,20.6020806063389
"1191",91,12,21.4773159077487
"1192",92,12,19.6971490119779
"1193",93,12,20.885001706776
"1194",94,12,19.3883153987158
"1195",95,12,19.9854200274681
"1196",96,12,19.3060536939734
"1197",97,12,21.6180494755329
"1198",98,12,21.9773820466609
"1199",99,12,19.3975460723164
"1200",100,12,19.9391923552354
"1201",1,13,10.1786251867687
"1202",2,13,10.2740087488393
"1203",3,13,10.0971819681293
"1204",4,13,10.1672835130582
"1205",5,13,10.1117987193118
"1206",6,13,9.9522545769543
"1207",7,13,9.94644102557555
"1208",8,13,10.3278339649611
"1209",9,13,10.146993617212
"1210",10,13,9.8571149789163
"1211",11,13,9.92307063493529
"1212",12,13,10.1108988108438
"1213",13,13,0
"1214",14,13,9.93245397019673
"1215",15,13,9.94734663433857
"1216",16,13,9.68925599693171
"1217",17,13,9.97878085289027
"1218",18,13,9.83845890877497
"1219",19,13,10.1671951753979
"1220",20,13,9.95899231029332
"1221",21,13,9.59808468146273
"1222",22,13,10.4223443609743
"1223",23,13,10.1634784102711
"1224",24,13,10.1691770085874
"1225",25,13,10.6181018268908
"1226",26,13,10.004427191615
"1227",27,13,9.84522439786261
"1228",28,13,9.98699168167568
"1229",29,13,10.1756166916333
"1230",30,13,9.9354763825249
"1231",31,13,9.5467413267473
"1232",32,13,10.5779271884582
"1233",33,13,9.17707162630558
"1234",34,13,11.138676002504
"1235",35,13,10.7400609961773
"1236",36,13,10.5915362227836
"1237",37,13,9.56598624371754
"1238",38,13,9.61083005906069
"1239",39,13,9.95626079728891
"1240",40,13,10.3602148648389
"1241",41,13,10.131031179301
"1242",42,13,10.0888114404994
"1243",43,13,9.85564030995468
"1244",44,13,9.95052337247838
"1245",45,13,9.91994262753994
"1246",46,13,10.3281488656371
"1247",47,13,9.88203367096074
"1248",48,13,9.57375951262719
"1249",49,13,9.75440643578755
"1250",50,13,10.5725191319671
"1251",51,13,18.825273802825
"1252",52,13,19.0285685225994
"1253",53,13,18.9345350397849
"1254",54,13,20.5931487611546
"1255",55,13,19.5372357202449
"1256",56,13,19.4962837460206
"1257",57,13,18.8656299727428
"1258",58,13,19.1463130499675
"1259",59,13,18.5173347329022
"1260",60,13,18.9838919336828
"1261",61,13,19.3688207205906
"1262",62,13,20.383153836553
"1263",63,13,20.2336263572803
"1264",64,13,20.3866662999252
"1265",65,13,21.4998598748264
"1266",66,13,19.8783212976787
"1267",67,13,19.3261510705135
"1268",68,13,19.5891940937204
"1269",69,13,18.4473273247875
"1270",70,13,18.7964812537037
"1271",71,13,19.2507047853682
"1272",72,13,18.5979964623666
"1273",73,13,18.6468772888247
"1274",74,13,19.0982591207165
"1275",75,13,19.077723426191
"1276",76,13,18.5179028179849
"1277",77,13,18.7623620854989
"1278",78,13,18.7144080649153
"1279",79,13,19.770152850709
"1280",80,13,19.1694559382678
"1281",81,13,18.1361356546766
"1282",82,13,19.4128860951497
"1283",83,13,19.5737052222035
"1284",84,13,19.651891013206
"1285",85,13,18.996363256376
"1286",86,13,20.0113303979217
"1287",87,13,19.0677132438619
"1288",88,13,18.3936524939649
"1289",89,13,19.9486879731967
"1290",90,13,19.8333035759021
"1291",91,13,20.4228856110741
"1292",92,13,18.584812729024
"1293",93,13,20.019360403658
"1294",94,13,18.5254945858284
"1295",95,13,19.033896544636
"1296",96,13,18.4694908538333
"1297",97,13,20.6581321359432
"1298",98,13,20.8346569221799
"1299",99,13,18.4410907343025
"1300",100,13,19.1114093361031
"1301",1,14,10.2845340921272
"1302",2,14,9.85592608912785
"1303",3,14,9.99388611758732
"1304",4,14,10.3943530963394
"1305",5,14,10.3240077642297
"1306",6,14,10.2863124997197
"1307",7,14,9.5030370772728
"1308",8,14,10.2323642915822
"1309",9,14,9.85443499386978
"1310",10,14,9.90182195256162
"1311",11,14,9.99488332134336
"1312",12,14,10.6017237353652
"1313",13,14,9.93245397019673
"1314",14,14,0
"1315",15,14,10.0213605631582
"1316",16,14,9.79792401905053
"1317",17,14,10.3170231662659
"1318",18,14,9.53562756610544
"1319",19,14,9.7003715216731
"1320",20,14,10.2460619110392
"1321",21,14,9.76630025178987
"1322",22,14,10.3066008171688
"1323",23,14,10.1062226888079
"1324",24,14,9.99024709070301
"1325",25,14,10.3921584543625
"1326",26,14,10.0488601715398
"1327",27,14,9.65703764920341
"1328",28,14,9.79263418164325
"1329",29,14,10.1468577980505
"1330",30,14,9.57767856323336
"1331",31,14,8.97931972205009
"1332",32,14,10.3430325902791
"1333",33,14,9.54981654575475
"1334",34,14,10.578658362059
"1335",35,14,10.7270358101119
"1336",36,14,10.2815819548168
"1337",37,14,9.75482393372216
"1338",38,14,9.58801510417595
"1339",39,14,9.8445505991332
"1340",40,14,10.3489110575412
"1341",41,14,9.74864559191936
"1342",42,14,10.0814002177577
"1343",43,14,10.2618900362617
"1344",44,14,10.2577084535517
"1345",45,14,10.0520447485887
"1346",46,14,10.3609759457726
"1347",47,14,9.85668203740357
"1348",48,14,9.61960723445231
"1349",49,14,9.98868766793663
"1350",50,14,11.1731068195159
"1351",51,14,18.9979219818846
"1352",52,14,19.1829161948291
"1353",53,14,19.2506268312182
"1354",54,14,20.8676618675041
"1355",55,14,19.8742582770113
"1356",56,14,19.4540145604103
"1357",57,14,18.9453904968533
"1358",58,14,19.1381610588375
"1359",59,14,18.6741491444281
"1360",60,14,19.3128494672112
"1361",61,14,19.4900745354511
"1362",62,14,20.4229793613091
"1363",63,14,20.2769171348302
"1364",64,14,20.5221733991091
"1365",65,14,21.7837787141852
"1366",66,14,20.0493223218565
"1367",67,14,19.4592092365511
"1368",68,14,19.8476660095739
"1369",69,14,18.5506963318485
"1370",70,14,19.0879518652915
"1371",71,14,19.6598842337498
"1372",72,14,18.8083343510621
"1373",73,14,18.6988336104111
"1374",74,14,19.0635669891907
"1375",75,14,19.0932711374516
"1376",76,14,18.7559561981589
"1377",77,14,18.8969601574667
"1378",78,14,18.823390534672
"1379",79,14,19.868187651343
"1380",80,14,19.3195857576317
"1381",81,14,18.3858015073242
"1382",82,14,19.6700426225865
"1383",83,14,19.805573635427
"1384",84,14,19.7329676851455
"1385",85,14,19.2535211082578
"1386",86,14,20.3312946487162
"1387",87,14,19.0954655601854
"1388",88,14,18.5353615855103
"1389",89,14,20.0477300309752
"1390",90,14,19.8914791888383
"1391",91,14,20.6960012526963
"1392",92,14,18.8200185837567
"1393",93,14,20.1916901999159
"1394",94,14,18.8463976116945
"1395",95,14,19.2155876742573
"1396",96,14,18.7109202437084
"1397",97,14,20.8213122124167
"1398",98,14,21.1828320559604
"1399",99,14,18.547602970565
"1400",100,14,19.3284146469877
"1401",1,15,10.0261270091123
"1402",2,15,9.49380161739377
"1403",3,15,10.6364821844998
"1404",4,15,10.0898263527548
"1405",5,15,9.22392697077938
"1406",6,15,10.0636118967172
"1407",7,15,9.46152462617686
"1408",8,15,10.2207471945478
"1409",9,15,10.260892800025
"1410",10,15,9.5701107550065
"1411",11,15,9.51461693730896
"1412",12,15,10.9272622303499
"1413",13,15,9.94734663433857
"1414",14,15,10.0213605631582
"1415",15,15,0
