"","row","col","value"
"1",1,1,0
"2",2,1,10.6819687292693
"3",3,1,11.0947464459077
"4",4,1,11.3920213827144
"5",5,1,11.8726981520252
"6",6,1,10.8953750124203
"7",7,1,11.054211132041
"8",8,1,11.0261373081587
"9",9,1,11.6582375215796
"10",10,1,10.9459838487321
"11",11,1,10.7831725495801
"12",12,1,10.8464374834295
"13",13,1,10.6858049082777
"14",14,1,10.4338653162465
"15",15,1,11.3307637303822
"16",16,1,11.1225204051082
"17",17,1,11.8257834307649
"18",18,1,10.9516413490554
"19",19,1,10.3882866500079
"20",20,1,14.0842289166078
"21",21,1,10.7167229711764
"22",22,1,10.7172267021692
"23",23,1,10.7825324520319
"24",24,1,11.016540540892
"25",25,1,11.7128720957806
"26",26,1,10.6329836715369
"27",27,1,12.5971490054132
"28",28,1,11.4540939152404
"29",29,1,10.9837431488057
"30",30,1,10.9931845537776
"31",31,1,10.3489108875342
"32",32,1,10.7500919440024
"33",33,1,11.6845559932391
"34",34,1,11.5847508316309
"35",35,1,11.2280940478998
"36",36,1,11.3879045334764
"37",37,1,11.1977196232596
"38",38,1,11.6234745982357
"39",39,1,11.085766740649
"40",40,1,12.0042327459069
"41",41,1,11.5448468799761
"42",42,1,13.1288045260284
"43",43,1,11.6251957897226
"44",44,1,11.8840303170049
"45",45,1,12.2180759716193
"46",46,1,10.7907947676483
"47",47,1,10.7330461488875
"48",48,1,10.2089700933875
"49",49,1,11.4301579738592
"50",50,1,11.0532270869132
"51",51,1,18.7597630870955
"52",52,1,19.070061857791
"53",53,1,19.5786550588072
"54",54,1,19.2469206674415
"55",55,1,18.0344216530537
"56",56,1,19.1373749754336
"57",57,1,18.8100742011588
"58",58,1,19.584748579741
"59",59,1,19.9271717202129
"60",60,1,18.3230726111492
"61",61,1,18.0234543428575
"62",62,1,20.0221664152781
"63",63,1,19.0746138593624
"64",64,1,19.2163056855906
"65",65,1,17.7441613791503
"66",66,1,19.2951327430328
"67",67,1,19.7959663541164
"68",68,1,17.7174460756409
"69",69,1,18.3910829236494
"70",70,1,18.0689173981016
"71",71,1,18.1028518951789
"72",72,1,19.956211810774
"73",73,1,18.5048608370239
"74",74,1,18.6874624468054
"75",75,1,19.667371492188
"76",76,1,18.6873978015675
"77",77,1,18.4564212950113
"78",78,1,18.1831788428355
"79",79,1,20.1364593964286
"80",80,1,18.28600315867
"81",81,1,18.6770938029196
"82",82,1,19.4578310477057
"83",83,1,18.7326960871157
"84",84,1,20.7720188572847
"85",85,1,18.8402390972673
"86",86,1,17.3292202762745
"87",87,1,19.3451708136878
"88",88,1,18.0989839805599
"89",89,1,18.9114325390436
"90",90,1,18.6874782701542
"91",91,1,17.9729334341458
"92",92,1,19.4119856478474
"93",93,1,18.3615630637024
"94",94,1,18.2113861184656
"95",95,1,18.9221206144451
"96",96,1,18.280757248975
"97",97,1,18.6288542381232
"98",98,1,19.0069012434425
"99",99,1,19.5697526672134
"100",100,1,19.5519691149351
"101",1,2,10.6819687292693
"102",2,2,0
"103",3,2,10.1381096557497
"104",4,2,10.6103243169239
"105",5,2,11.6373155818839
"106",6,2,10.7365844221249
"107",7,2,11.0815804966851
"108",8,2,10.8409939539556
"109",9,2,11.1877395578152
"110",10,2,10.3273068964939
"111",11,2,11.0327360491748
"112",12,2,10.6235386964841
"113",13,2,10.2476613632327
"114",14,2,10.3108834318082
"115",15,2,10.9053044472484
"116",16,2,9.85462880364751
"117",17,2,11.8006738185765
"118",18,2,10.2028324245588
"119",19,2,10.2716638253706
"120",20,2,13.61033558333
"121",21,2,10.8932514345291
"122",22,2,10.330838961138
"123",23,2,10.4614729588756
"124",24,2,10.5497084483449
"125",25,2,12.195148820324
"126",26,2,10.116400092711
"127",27,2,12.2985378489982
"128",28,2,10.8837198009494
"129",29,2,10.5752660179944
"130",30,2,10.5377522942856
"131",31,2,10.0861593582166
"132",32,2,10.3501109281474
"133",33,2,10.9197639594106
"134",34,2,10.6633908822087
"135",35,2,11.0297457296986
"136",36,2,10.8444161027109
"137",37,2,11.1821401410118
"138",38,2,11.1592495205765
"139",39,2,10.4246370337342
"140",40,2,11.2166039875723
"141",41,2,11.3559651699293
"142",42,2,13.109729172884
"143",43,2,11.3997747894162
"144",44,2,10.861522878208
"145",45,2,11.8465227672593
"146",46,2,10.5251577610946
"147",47,2,10.3084582001078
"148",48,2,9.63822967771814
"149",49,2,10.6214506700892
"150",50,2,10.6960807526446
"151",51,2,17.3774301882662
"152",52,2,17.8374137549287
"153",53,2,18.4492153710886
"154",54,2,18.1917170984472
"155",55,2,16.8688848847774
"156",56,2,18.0355071148374
"157",57,2,17.4878234789067
"158",58,2,18.2730789511958
"159",59,2,18.7470104956742
"160",60,2,17.1786086368412
"161",61,2,16.8506547712601
"162",62,2,18.9901089071511
"163",63,2,17.826693002966
"164",64,2,18.1052313810634
"165",65,2,16.6158413023128
"166",66,2,18.073048300418
"167",67,2,18.6026877859962
"168",68,2,16.6161876226456
"169",69,2,17.1898000180525
"170",70,2,16.9066679584644
"171",71,2,16.8424466347105
"172",72,2,18.8237644584148
"173",73,2,17.3628956882911
"174",74,2,17.5927644067182
"175",75,2,18.5133154804967
"176",76,2,17.4330428643594
"177",77,2,17.3249449064919
"178",78,2,16.9146691213636
"179",79,2,18.9339175358331
"180",80,2,17.1806271539994
"181",81,2,17.3970075293051
"182",82,2,18.2676879219973
"183",83,2,17.5108436027877
"184",84,2,19.5690695003474
"185",85,2,17.5284232755784
"186",86,2,16.3198704852191
"187",87,2,18.1403850149292
"188",88,2,17.0004161754215
"189",89,2,17.8969275556725
"190",90,2,17.6627413020571
"191",91,2,16.8064793231057
"192",92,2,18.2663695585012
"193",93,2,17.1469801216139
"194",94,2,16.9026334418783
"195",95,2,17.9214381945186
"196",96,2,17.2578132700816
"197",97,2,17.5297220891996
"198",98,2,18.0848080727214
"199",99,2,18.0879402099525
"200",100,2,18.5006541843596
"201",1,3,11.0947464459077
"202",2,3,10.1381096557497
"203",3,3,0
"204",4,3,11.2217501958659
"205",5,3,11.5529821736518
"206",6,3,10.8531811284892
"207",7,3,10.8864439777932
"208",8,3,11.0085795258431
"209",9,3,11.0133219583545
"210",10,3,10.6438972704352
"211",11,3,10.8867435202304
"212",12,3,10.8469332895646
"213",13,3,10.576989412519
"214",14,3,10.6532524533872
"215",15,3,11.3903155046078
"216",16,3,10.7622495165445
"217",17,3,11.457355777786
"218",18,3,10.745553644364
"219",19,3,10.755036653679
"220",20,3,13.4357582014291
"221",21,3,10.9824376395002
"222",22,3,10.7342993568048
"223",23,3,10.692759372907
"224",24,3,10.7527429099043
"225",25,3,11.8273703455015
"226",26,3,10.4425960789794
"227",27,3,12.2476496201453
"228",28,3,11.1813618385148
"229",29,3,11.2217169161547
"230",30,3,11.1946701073729
"231",31,3,10.6913444899716
"232",32,3,11.1053093776644
"233",33,3,11.6263988434822
"234",34,3,11.4755496943706
"235",35,3,11.2867336155695
"236",36,3,11.1541787382566
"237",37,3,11.2396776043061
"238",38,3,11.6199773600005
"239",39,3,11.1018237927326
"240",40,3,11.3355387341862
"241",41,3,11.5230896808659
"242",42,3,13.066933309488
"243",43,3,11.3590409232568
"244",44,3,11.47798173206
"245",45,3,12.286046987684
"246",46,3,10.6771052769795
"247",47,3,11.0484801476143
"248",48,3,10.1939608166701
"249",49,3,11.2495546330606
"250",50,3,10.8468694970562
"251",51,3,18.3806443576146
"252",52,3,18.6548331077793
"253",53,3,19.3020112685983
"254",54,3,19.0659664371004
"255",55,3,17.8523241298801
"256",56,3,18.7065020964216
"257",57,3,18.3805057973364
"258",58,3,19.2252765641977
"259",59,3,19.5782801004621
"260",60,3,17.9599183390934
"261",61,3,17.602401469553
"262",62,3,20.0028100737732
"263",63,3,18.746344163886
"264",64,3,19.0407935672623
"265",65,3,17.3869422033718
"266",66,3,18.8529593228299
"267",67,3,19.3499256006298
"268",68,3,17.4877024064302
"269",69,3,18.0724790915285
"270",70,3,17.7393055548791
"271",71,3,17.7100433907084
"272",72,3,19.6839667443806
"273",73,3,18.1492377227648
"274",74,3,18.3486496408773
"275",75,3,19.3770521334187
"276",76,3,18.3617886376245
"277",77,3,18.183599383404
"278",78,3,17.8673165109847
"279",79,3,19.6154264733353
"280",80,3,17.9378869459285
"281",81,3,18.3015067221328
"282",82,3,19.2086574162751
"283",83,3,18.3375778378419
"284",84,3,20.5046347724279
"285",85,3,18.5174680801122
"286",86,3,17.2499197335583
"287",87,3,19.0870460572981
"288",88,3,17.8693551382921
"289",89,3,18.7564689952972
"290",90,3,18.3401443793465
"291",91,3,17.7204443732345
"292",92,3,19.1001787762716
"293",93,3,17.9204568752831
"294",94,3,17.8871369634366
"295",95,3,18.6670297780365
"296",96,3,17.9961135531302
"297",97,3,18.4905061819279
"298",98,3,18.8387685401442
"299",99,3,18.9564201502154
"300",100,3,19.4117152939526
"301",1,4,11.3920213827144
"302",2,4,10.6103243169239
"303",3,4,11.2217501958659
"304",4,4,0
"305",5,4,11.8120458506114
"306",6,4,11.1759207295901
"307",7,4,11.0265839457953
"308",8,4,11.1675526895682
"309",9,4,11.1746282013436
"310",10,4,10.7315093508186
"311",11,4,11.4858010550408
"312",12,4,11.0855704252411
"313",13,4,11.0657062024599
"314",14,4,10.2372746156634
"315",15,4,11.4830890571201
"316",16,4,10.2418051990735
"317",17,4,11.9209784807122
"318",18,4,10.5815284794781
"319",19,4,10.908657610491
"320",20,4,12.8563608082003
"321",21,4,12.0487212827776
"322",22,4,10.5802240563936
"323",23,4,10.9326043298201
"324",24,4,10.9774232475907
"325",25,4,11.943388967588
"326",26,4,10.3316792099799
"327",27,4,11.6238503376925
"328",28,4,10.9828386841399
"329",29,4,11.3177120171447
"330",30,4,10.9515336971511
"331",31,4,10.782976092038
"332",32,4,11.128483185573
"333",33,4,11.6448179704065
"334",34,4,11.0894464269074
"335",35,4,11.6392845626664
"336",36,4,11.0026420177442
"337",37,4,11.1427385863041
"338",38,4,11.35536466056
"339",39,4,11.084807672993
"340",40,4,11.8032003691894
"341",41,4,11.4097191429289
"342",42,4,13.6281617153491
"343",43,4,12.1075597889212
"344",44,4,11.5782124335438
"345",45,4,12.3788619951962
"346",46,4,10.7861294445186
"347",47,4,10.6245559568626
"348",48,4,10.4739031359204
"349",49,4,11.0985134136136
"350",50,4,11.1765316844856
"351",51,4,18.2055620661117
"352",52,4,18.3547565774503
"353",53,4,19.2102187873664
"354",54,4,18.889593939369
"355",55,4,17.6112530887648
"356",56,4,18.6871419160582
"357",57,4,18.2835496263752
"358",58,4,19.0729376647327
"359",59,4,19.401895547128
"360",60,4,17.8408221478835
"361",61,4,17.6012047067599
"362",62,4,19.7213834823354
"363",63,4,18.5381126275484
"364",64,4,18.7554030379476
"365",65,4,17.2292858243527
"366",66,4,18.6733695696593
"367",67,4,19.2578246676929
"368",68,4,17.1290459610081
"369",69,4,17.8319062935894
"370",70,4,17.5658275210095
"371",71,4,17.6115944396815
"372",72,4,19.3732495157374
"373",73,4,17.9707351886023
"374",74,4,18.3256882774538
"375",75,4,19.2602481926499
"376",76,4,18.1830455618956
"377",77,4,17.9566979114272
"378",78,4,17.6575290325316
"379",79,4,19.6000334738614
"380",80,4,17.677092568056
"381",81,4,18.2263871862484
"382",82,4,19.0968418740698
"383",83,4,18.1413647778872
"384",84,4,20.4627832917976
"385",85,4,18.2414172384041
"386",86,4,16.9544811443711
"387",87,4,18.7217756006873
"388",88,4,17.6245728460156
"389",89,4,18.5779182423219
"390",90,4,18.1962762890791
"391",91,4,17.6379270238403
"392",92,4,18.9083970181835
"393",93,4,17.7435831739552
"394",94,4,17.7542664258786
"395",95,4,18.5521251394653
"396",96,4,17.8424242805506
"397",97,4,18.2240832452285
"398",98,4,18.5656933945417
"399",99,4,19.0060453476449
"400",100,4,19.1500843587274
"401",1,5,11.8726981520252
"402",2,5,11.6373155818839
"403",3,5,11.5529821736518
"404",4,5,11.8120458506114
"405",5,5,0
"406",6,5,10.8990653623293
"407",7,5,11.8466467994779
"408",8,5,11.6611711179385
"409",9,5,10.5742979972498
"410",10,5,11.568135876921
"411",11,5,11.0093362414393
"412",12,5,11.5820949143463
"413",13,5,11.3763111568563
"414",14,5,11.2882495388965
"415",15,5,12.1636116210308
"416",16,5,11.5310717608867
"417",17,5,11.4926125458624
"418",18,5,11.5384400559896
"419",19,5,11.5474662510643
"420",20,5,12.707007676323
"421",21,5,12.8550487718248
"422",22,5,10.4287057788252
"423",23,5,11.5381918173979
"424",24,5,10.6935405661442
"425",25,5,10.5089602231812
"426",26,5,11.305298946758
"427",27,5,11.3223986510576
"428",28,5,10.7885251739325
"429",29,5,12.0312249243701
"430",30,5,11.4910959631168
"431",31,5,11.8863883009795
"432",32,5,12.0815340178753
"433",33,5,12.5528560809343
"434",34,5,12.2542641755604
"435",35,5,12.0490059940923
"436",36,5,11.34801325101
"437",37,5,11.556334379904
"438",38,5,12.1944536921626
"439",39,5,12.2715598390784
"440",40,5,12.5345253189511
"441",41,5,12.3318021811706
"442",42,5,13.4611322537462
"443",43,5,12.2285914504992
"444",44,5,12.6425024645902
"445",45,5,12.9295947516736
"446",46,5,11.1049380845886
"447",47,5,12.1343967343787
"448",48,5,11.5302986379088
"449",49,5,11.1215079547668
"450",50,5,11.2789981304036
"451",51,5,19.0702480068811
"452",52,5,19.1348221677927
"453",53,5,20.0167383865713
"454",54,5,19.5819836576506
"455",55,5,18.2957864424779
"456",56,5,19.5760617044832
"457",57,5,19.105822502563
"458",58,5,19.7393288213297
"459",59,5,20.3001761848042
"460",60,5,18.6837821371177
"461",61,5,18.3884487686795
"462",62,5,20.5645821328198
"463",63,5,19.3767096655522
"464",64,5,19.4456563555366
"465",65,5,17.8714367302274
"466",66,5,19.6037612686992
"467",67,5,20.1623519600097
"468",68,5,18.0394236186947
"469",69,5,18.803110980853
"470",70,5,18.4047420552462
"471",71,5,18.426507568026
"472",72,5,20.155286422695
"473",73,5,18.9238348643621
"474",74,5,18.8510481322078
"475",75,5,20.0269561546917
"476",76,5,19.0767080882577
"477",77,5,18.6959402795258
"478",78,5,18.6568069586222
"479",79,5,20.2803403208269
"480",80,5,18.5087561479686
"481",81,5,19.0337174901683
"482",82,5,19.7553086970796
"483",83,5,19.0599343688869
"484",84,5,21.0688981487999
"485",85,5,18.9371276201876
"486",86,5,17.8991852786804
"487",87,5,19.6468033509283
"488",88,5,18.3065066993767
"489",89,5,19.4621207589675
"490",90,5,18.7991674589288
"491",91,5,18.2536727089684
"492",92,5,19.7597566687519
"493",93,5,18.6430264628088
"494",94,5,18.4928529143762
"495",95,5,19.2352704479523
"496",96,5,18.8466289953318
"497",97,5,19.0979982342929
"498",98,5,19.2384021870872
"499",99,5,19.842498601785
"500",100,5,19.8526123535864
"501",1,6,10.8953750124203
"502",2,6,10.7365844221249
"503",3,6,10.8531811284892
"504",4,6,11.1759207295901
"505",5,6,10.8990653623293
"506",6,6,0
"507",7,6,10.9174567280692
"508",8,6,11.0574401911686
"509",9,6,9.83696783380818
"510",10,6,10.5947932450293
"511",11,6,10.5753130078534
"512",12,6,10.7195557102393
"513",13,6,10.8837044298699
"514",14,6,10.3394491218067
"515",15,6,11.0674498755737
"516",16,6,10.7489153622306
"517",17,6,10.7326866407722
"518",18,6,11.080042203963
"519",19,6,10.5907837958277
"520",20,6,12.2218548614204
"521",21,6,11.1807950847996
"522",22,6,9.91837547222122
"523",23,6,10.800038799673
"524",24,6,10.3965504385229
"525",25,6,10.4597212182008
"526",26,6,10.6136036119925
"527",27,6,11.4249164937291
"528",28,6,10.2084086114847
"529",29,6,10.9979503147819
"530",30,6,10.8203234683117
"531",31,6,10.8552483477238
"532",32,6,11.1781759820947
"533",33,6,11.6517690477452
"534",34,6,12.0891507497088
"535",35,6,11.0590016730351
"536",36,6,10.8081824857671
"537",37,6,10.8005190206233
"538",38,6,11.3556667013029
"539",39,6,11.1207429448352
"540",40,6,11.5201295066839
"541",41,6,11.9199105652217
"542",42,6,11.3253745430217
"543",43,6,10.8337141861868
"544",44,6,12.1644354295567
"545",45,6,11.42262850434
"546",46,6,10.3653199630391
"547",47,6,11.2218040665188
"548",48,6,10.9021001680885
"549",49,6,10.5087600990853
"550",50,6,9.81721125599667
"551",51,6,19.3171481712624
"552",52,6,19.5734974307621
"553",53,6,19.973579787738
"554",54,6,19.8009886785122
"555",55,6,18.3706833124652
"556",56,6,19.6704216202418
"557",57,6,19.2369949411595
"558",58,6,20.0650456219965
"559",59,6,20.4178740248349
"560",60,6,18.9559383290894
"561",61,6,18.4864899422289
"562",62,6,20.6793884337766
"563",63,6,19.5487377420476
"564",64,6,19.7562532380242
"565",65,6,18.193460520928
"566",66,6,19.9315696938778
"567",67,6,20.4447378646353
"568",68,6,18.2802544000249
"569",69,6,18.8647289773585
"570",70,6,18.5506140080005
"571",71,6,18.6980529131126
"572",72,6,20.3275906902234
"573",73,6,18.9820603217534
"574",74,6,19.2115739959004
"575",75,6,20.1597228748463
"576",76,6,19.1681790381147
"577",77,6,18.8577088220729
"578",78,6,18.7760429302081
"579",79,6,20.6195267656262
"580",80,6,18.6461255695402
"581",81,6,19.1402607955301
"582",82,6,20.0165436370014
"583",83,6,19.1900037043742
"584",84,6,21.5366125873185
"585",85,6,19.4246993940438
"586",86,6,17.8584629822452
"587",87,6,19.8379812579912
"588",88,6,18.7180659792193
"589",89,6,19.6738664953029
"590",90,6,19.210165807498
"591",91,6,18.5625176452345
"592",92,6,19.8653059713206
"593",93,6,18.8271450976439
"594",94,6,18.737554492053
"595",95,6,19.7107118808752
"596",96,6,18.9041236642698
"597",97,6,19.3254389076238
"598",98,6,19.6058054145962
"599",99,6,19.9399156704776
"600",100,6,20.0863040927913
"601",1,7,11.054211132041
"602",2,7,11.0815804966851
"603",3,7,10.8864439777932
"604",4,7,11.0265839457953
"605",5,7,11.8466467994779
"606",6,7,10.9174567280692
"607",7,7,0
"608",8,7,10.7779871897214
"609",9,7,10.9663384225909
"610",10,7,11.168042943116
"611",11,7,11.2245986644404
"612",12,7,11.2698684553496
"613",13,7,10.9784803540934
"614",14,7,10.6583350066281
"615",15,7,11.1372534727245
"616",16,7,10.7682723961153
"617",17,7,11.1336305379808
"618",18,7,11.280508449289
"619",19,7,11.0622924932158
"620",20,7,12.9902457142403
"621",21,7,11.7161010258361
"622",22,7,10.5295003368973
"623",23,7,11.0360413885974
"624",24,7,11.1756191342326
"625",25,7,11.4009093865602
"626",26,7,10.5954521942626
"627",27,7,12.137426457636
"628",28,7,10.9520702207017
"629",29,7,11.367461499299
"630",30,7,11.0078217347507
"631",31,7,11.0540192514584
"632",32,7,11.0342918871461
"633",33,7,11.8838726696019
"634",34,7,11.6970514221156
"635",35,7,11.5723167007445
"636",36,7,11.0491556239485
"637",37,7,11.3423801943938
"638",38,7,11.6846166653044
"639",39,7,11.2206025314067
"640",40,7,11.6675401459239
"641",41,7,11.5853456394002
"642",42,7,13.1836262825196
"643",43,7,11.4419243843947
"644",44,7,11.9288152766479
"645",45,7,11.9718785982888
"646",46,7,10.8043176152476
"647",47,7,11.1603656149183
"648",48,7,10.5208041038791
"649",49,7,11.3615563817331
"650",50,7,10.6772584932895
"651",51,7,18.8211312597948
"652",52,7,19.1305089796507
"653",53,7,19.7505289339689
"654",54,7,19.4266562985419
"655",55,7,17.9837580089972
"656",56,7,19.1472954225242
"657",57,7,18.8694512548987
"658",58,7,19.6487511553124
"659",59,7,20.0774022738342
"660",60,7,18.4862349353811
"661",61,7,18.0680608531968
"662",62,7,20.3893783011437
"663",63,7,19.0937704244232
"664",64,7,19.3700251471373
"665",65,7,17.8360686086716
"666",66,7,19.5067847456937
"667",67,7,19.873889445005
"668",68,7,17.8319744794664
"669",69,7,18.4043954899235
"670",70,7,18.2180082928425
"671",71,7,18.1693979191681
"672",72,7,20.038670218203
"673",73,7,18.5927411945766
"674",74,7,19.0858798398427
"675",75,7,19.8290745790771
"676",76,7,18.6822920427196
"677",77,7,18.4665506488451
"678",78,7,18.3204775071496
"679",79,7,20.2349789211548
"680",80,7,18.4739853089215
"681",81,7,18.6577679922581
"682",82,7,19.6694100346445
"683",83,7,18.6909682796662
"684",84,7,21.0703313664914
"685",85,7,18.866947467155
"686",86,7,17.4635711589798
"687",87,7,19.5129633274182
"688",88,7,18.0972515254613
"689",89,7,19.2790819574853
"690",90,7,18.7786060876958
"691",91,7,18.2663161561479
"692",92,7,19.5147296851057
"693",93,7,18.3839421575302
"694",94,7,18.4589436715755
"695",95,7,19.1855378534122
"696",96,7,18.324326647751
"697",97,7,18.9572143273612
"698",98,7,19.2445860665135
"699",99,7,19.5213126191009
"700",100,7,19.7403494813124
"701",1,8,11.0261373081587
"702",2,8,10.8409939539556
"703",3,8,11.0085795258431
"704",4,8,11.1675526895682
"705",5,8,11.6611711179385
"706",6,8,11.0574401911686
"707",7,8,10.7779871897214
"708",8,8,0
"709",9,8,11.180492451067
"710",10,8,10.6276764949667
"711",11,8,11.0405602513754
"712",12,8,10.9709914588681
"713",13,8,10.6056958766999
"714",14,8,10.2101050213374
"715",15,8,10.9285116512363
"716",16,8,10.5786714552763
"717",17,8,11.4858999999106
"718",18,8,10.5702600363849
"719",19,8,10.5220308976415
"720",20,8,13.5107342015244
"721",21,8,11.1369291276818
"722",22,8,10.5641146678586
"723",23,8,10.3549896763067
"724",24,8,11.1466040207729
"725",25,8,11.3372585970273
"726",26,8,10.5111013204583
"727",27,8,12.0448480952371
"728",28,8,10.7877821436227
"729",29,8,11.0454860768319
"730",30,8,10.9251219494082
"731",31,8,10.7530875432819
"732",32,8,10.6625932501056
"733",33,8,11.4490662560929
"734",34,8,11.0107645210379
"735",35,8,11.1369372549974
"736",36,8,10.8309625222159
"737",37,8,10.7510401984475
"738",38,8,10.7251324734758
"739",39,8,10.864001988043
"740",40,8,11.422898839623
"741",41,8,11.4258378752235
"742",42,8,12.9570756780056
"743",43,8,10.9323953664153
"744",44,8,11.5907969271302
"745",45,8,12.1998366325925
"746",46,8,10.3915967494291
"747",47,8,11.0357560556056
"748",48,8,9.90422737587321
"749",49,8,11.452785844798
"750",50,8,10.6229643013161
"751",51,8,18.4608861007398
"752",52,8,18.8278358606508
"753",53,8,19.506681394495
"754",54,8,19.242526836569
"755",55,8,18.0738403803628
"756",56,8,19.1079657584891
"757",57,8,18.7211784465366
"758",58,8,19.2337991531731
"759",59,8,19.7325372216943
"760",60,8,18.1775931419735
"761",61,8,17.9310894803085
"762",62,8,20.130498479989
"763",63,8,18.8649319311915
"764",64,8,19.2488838232484
"765",65,8,17.6361481537317
"766",66,8,19.1421198650389
"767",67,8,19.5207116201856
"768",68,8,17.6300800360482
"769",69,8,18.228763411816
"770",70,8,17.7520647604561
"771",71,8,17.8789743412391
"772",72,8,19.8074218847187
"773",73,8,18.2522966183151
"774",74,8,18.6592822909265
"775",75,8,19.5700658769699
"776",76,8,18.5152891519537
"777",77,8,18.3116402346411
"778",78,8,17.9764579244909
"779",79,8,19.8620528300567
"780",80,8,18.1905598900164
"781",81,8,18.4616402431394
"782",82,8,19.4364011454519
"783",83,8,18.4415017137494
"784",84,8,20.6175421480319
"785",85,8,18.77154473054
"786",86,8,17.2994864707513
"787",87,8,19.1260053543649
"788",88,8,18.0349152643866
"789",89,8,18.9142118491024
"790",90,8,18.4988523121571
"791",91,8,17.8164926337466
"792",92,8,19.3811673262656
"793",93,8,18.1045554298846
"794",94,8,17.9611014246164
"795",95,8,18.7925357367797
"796",96,8,18.3471484217123
"797",97,8,18.6790479765147
"798",98,8,18.9299834318089
"799",99,8,19.3731189729917
"800",100,8,19.4588391790856
"801",1,9,11.6582375215796
"802",2,9,11.1877395578152
"803",3,9,11.0133219583545
"804",4,9,11.1746282013436
"805",5,9,10.5742979972498
"806",6,9,9.83696783380818
"807",7,9,10.9663384225909
"808",8,9,11.180492451067
"809",9,9,0
"810",10,9,10.5195418340929
"811",11,9,10.8371097162431
"812",12,9,11.0745710608916
"813",13,9,11.314272785785
"814",14,9,10.6872700087209
"815",15,9,11.6613581604382
"816",16,9,10.7190077137206
"817",17,9,10.9195842900992
"818",18,9,10.9475383482275
"819",19,9,11.0005276068442
"820",20,9,11.2883465422352
"821",21,9,12.053062205316
"822",22,9,9.91787572482454
"823",23,9,11.1088406348958
"824",24,9,10.3978000339532
"825",25,9,10.065032283646
"826",26,9,10.463488765679
"827",27,9,11.2339128426369
"828",28,9,10.2172422393629
"829",29,9,10.9492535146837
"830",30,9,11.228358548099
"831",31,9,11.2519958687017
"832",32,9,11.4316157751469
"833",33,9,12.2285286624184
"834",34,9,12.0068064482961
"835",35,9,11.8341288686674
"836",36,9,10.8878236034801
"837",37,9,11.5197324454437
"838",38,9,11.6476378528363
"839",39,9,11.804610163044
"840",40,9,12.0946591116685
"841",41,9,11.900083677148
"842",42,9,12.3776885467903
"843",43,9,11.5333015374537
"844",44,9,12.155687847268
"845",45,9,12.0029075893835
"846",46,9,10.3046026688883
"847",47,9,11.6683666585403
"848",48,9,11.0601470427106
"849",49,9,10.6055334135062
"850",50,9,10.3295712867809
"851",51,9,18.9812716792168
"852",52,9,19.2561574576795
"853",53,9,19.8842990354721
"854",54,9,19.5807282673605
"855",55,9,18.1097726908431
"856",56,9,19.2557352349527
"857",57,9,18.9550563846278
"858",58,9,19.6036011358187
"859",59,9,20.1017138966981
"860",60,9,18.4324306932217
"861",61,9,18.2866278229756
"862",62,9,20.4293690456328
"863",63,9,19.1493113022288
"864",64,9,19.4191685311701
"865",65,9,17.8156795631529
"866",66,9,19.500228700384
"867",67,9,20.0218031706485
"868",68,9,17.7495493465682
"869",69,9,18.6142120585494
"870",70,9,18.2635749745953
"871",71,9,18.3107285403424
"872",72,9,20.1677087231391
"873",73,9,18.6614287098918
"874",74,9,18.6795959542655
"875",75,9,19.7615195080029
"876",76,9,18.9561556325014
"877",77,9,18.5304715483303
"878",78,9,18.5418169263507
"879",79,9,20.3997880508417
"880",80,9,18.4054106585891
"881",81,9,18.8701166356555
"882",82,9,19.6997610605025
"883",83,9,18.8302715049959
"884",84,9,21.2457499242456
"885",85,9,18.93189611831
"886",86,9,17.6044243679142
"887",87,9,19.4785924315421
"888",88,9,18.2378273231838
"889",89,9,19.140859309406
"890",90,9,18.7663429932266
"891",91,9,18.1188254962795
"892",92,9,19.6423243657905
"893",93,9,18.4979553701766
"894",94,9,18.5355120992371
"895",95,9,19.2586427432598
"896",96,9,18.5565766923948
"897",97,9,19.0328404592376
"898",98,9,19.1342122461764
"899",99,9,19.6098081694551
"900",100,9,19.7833038096161
"901",1,10,10.9459838487321
"902",2,10,10.3273068964939
"903",3,10,10.6438972704352
"904",4,10,10.7315093508186
"905",5,10,11.568135876921
"906",6,10,10.5947932450293
"907",7,10,11.168042943116
"908",8,10,10.6276764949667
"909",9,10,10.5195418340929
"910",10,10,0
"911",11,10,10.9017807806037
"912",12,10,10.8355123455903
"913",13,10,10.5952930591601
"914",14,10,10.1993672933078
"915",15,10,11.3974262202241
"916",16,10,10.2500842711269
"917",17,10,11.4222361543912
"918",18,10,9.96623366850878
"919",19,10,10.4105315763721
"920",20,10,12.7036113279302
"921",21,10,11.2832718733049
"922",22,10,10.2836019516573
"923",23,10,10.3225578970243
"924",24,10,10.507206317412
"925",25,10,11.2544188245817
"926",26,10,10.2289399921844
"927",27,10,11.7618451629108
"928",28,10,10.6657447246773
"929",29,10,11.1021820445579
"930",30,10,10.5639716701308
"931",31,10,10.3714345283658
"932",32,10,10.3355494555115
"933",33,10,11.3167463906736
"934",34,10,10.9029609916089
"935",35,10,10.8602177377215
"936",36,10,10.7241742748842
"937",37,10,10.839910218358
"938",38,10,11.1296986392379
"939",39,10,10.8165070043464
"940",40,10,11.3364572798763
"941",41,10,11.3838890124549
"942",42,10,13.0488705279563
"943",43,10,11.2677339374881
"944",44,10,11.0448564423043
"945",45,10,12.2107955528923
"946",46,10,10.3060733223798
"947",47,10,10.1509743923478
"948",48,10,10.0852295870473
"949",49,10,10.547476884388
"950",50,10,10.6630357663181
"951",51,10,17.9512446366157
"952",52,10,18.2725162678792
"953",53,10,18.8349561931534
"954",54,10,18.5635064814276
"955",55,10,17.3277117519222
"956",56,10,18.5170953202992
"957",57,10,17.8690200478868
"958",58,10,18.726589578496
"959",59,10,19.245800479558
"960",60,10,17.622565261484
"961",61,10,17.3557535775193
"962",62,10,19.3902793236069
"963",63,10,18.3404689308273
"964",64,10,18.5457729974015
"965",65,10,17.0824608211505
"966",66,10,18.437134245339
"967",67,10,19.1172642963161
"968",68,10,17.0257931338252
"969",69,10,17.7688310261024
"970",70,10,17.4459486585782
"971",71,10,17.2626746267473
"972",72,10,19.2957214737968
"973",73,10,17.7498134254734
"974",74,10,17.8829386905948
"975",75,10,18.9713388446725
"976",76,10,18.1133287723122
"977",77,10,17.8316719193627
"978",78,10,17.350045865228
"979",79,10,19.2966496232988
"980",80,10,17.4972563368171
"981",81,10,18.0015984016551
"982",82,10,18.8666030461512
"983",83,10,17.8899776722988
"984",84,10,19.9977525981602
"985",85,10,18.1458570272585
"986",86,10,16.7907513413139
"987",87,10,18.648692851687
"988",88,10,17.4359833244548
"989",89,10,18.3261731858418
"990",90,10,17.9656568816358
"991",91,10,17.2788750046819
"992",92,10,18.666677781085
"993",93,10,17.6472507830192
"994",94,10,17.5877175786175
"995",95,10,18.2889950025759
"996",96,10,17.9667170399753
"997",97,10,18.018210320772
"998",98,10,18.1833969362283
"999",99,10,18.7405479009692
"1000",100,10,18.9464168708275
"1001",1,11,10.7831725495801
"1002",2,11,11.0327360491748
"1003",3,11,10.8867435202304
"1004",4,11,11.4858010550408
"1005",5,11,11.0093362414393
"1006",6,11,10.5753130078534
"1007",7,11,11.2245986644404
"1008",8,11,11.0405602513754
"1009",9,11,10.8371097162431
"1010",10,11,10.9017807806037
"1011",11,11,0
"1012",12,11,10.9082410413178
"1013",13,11,10.6513295906496
"1014",14,11,10.5336609135645
"1015",15,11,11.2957183592131
"1016",16,11,11.2062286665136
"1017",17,11,11.4857631213303
"1018",18,11,11.0307492869307
"1019",19,11,10.6472910358656
"1020",20,11,13.4666638985534
"1021",21,11,10.9272829743514
"1022",22,11,10.6188017638362
"1023",23,11,10.5868904968746
"1024",24,11,11.0077084371408
"1025",25,11,11.0961536945186
"1026",26,11,10.6217684488472
"1027",27,11,11.8591863246948
"1028",28,11,11.0617482522186
"1029",29,11,11.4444116186126
"1030",30,11,11.2033254608902
"1031",31,11,10.8759883447747
"1032",32,11,10.7931487206214
"1033",33,11,11.8034962068287
"1034",34,11,11.9317902367064
"1035",35,11,11.0932835127476
"1036",36,11,11.3663005141789
"1037",37,11,11.3814182098001
"1038",38,11,11.9227105891412
"1039",39,11,11.4162695044866
"1040",40,11,11.6228977472144
"1041",41,11,12.0761751646944
"1042",42,11,12.3233456512405
"1043",43,11,11.2919718350339
"1044",44,11,11.8279769426349
"1045",45,11,11.9311052728205
"1046",46,11,10.5249722045492
"1047",47,11,11.4665089613329
"1048",48,11,10.6824683590921
"1049",49,11,10.9810745506958
"1050",50,11,10.3408954692483
"1051",51,11,19.3375012004498
"1052",52,11,19.4662631400243
"1053",53,11,20.0721352954624
"1054",54,11,19.8524069983812
"1055",55,11,18.5329498295943
"1056",56,11,19.6808544418999
"1057",57,11,19.2633465231368
"1058",58,11,19.9915501900016
"1059",59,11,20.5567290047116
"1060",60,11,18.856241552865
"1061",61,11,18.6789918655815
"1062",62,11,20.8600094655201
"1063",63,11,19.701390162895
"1064",64,11,19.8546605597949
"1065",65,11,18.4141463331222
"1066",66,11,19.7377036349758
"1067",67,11,20.3894037062422
"1068",68,11,18.2705496218927
"1069",69,11,19.0441509608233
"1070",70,11,18.5851732519988
"1071",71,11,18.6775787359336
"1072",72,11,20.524001197147
"1073",73,11,19.0776819160044
"1074",74,11,19.0829434990111
"1075",75,11,20.2282276231886
"1076",76,11,19.270926924762
"1077",77,11,18.9731054521074
"1078",78,11,18.7487147989488
"1079",79,11,20.7031107558996
"1080",80,11,18.6918205520774
"1081",81,11,19.380211223234
"1082",82,11,20.1900417241524
"1083",83,11,19.1805577163244
"1084",84,11,21.3772734012826
"1085",85,11,19.2892519627622
"1086",86,11,17.97107179664
"1087",87,11,19.7547374335307
"1088",88,11,18.5188583732416
"1089",89,11,19.648583773258
"1090",90,11,19.2497380608
"1091",91,11,18.6104601964315
"1092",92,11,20.0390504746215
"1093",93,11,18.9068299509909
"1094",94,11,18.854727001405
"1095",95,11,19.5125028416211
"1096",96,11,19.021580248714
"1097",97,11,19.3708573790857
"1098",98,11,19.5252415388175
"1099",99,11,20.0859675458933
"1100",100,11,20.0601628724703
"1101",1,12,10.8464374834295
"1102",2,12,10.6235386964841
"1103",3,12,10.8469332895646
"1104",4,12,11.0855704252411
"1105",5,12,11.5820949143463
"1106",6,12,10.7195557102393
"1107",7,12,11.2698684553496
"1108",8,12,10.9709914588681
"1109",9,12,11.0745710608916
"1110",10,12,10.8355123455903
"1111",11,12,10.9082410413178
"1112",12,12,0
"1113",13,12,10.4775138907152
"1114",14,12,10.3807042725253
"1115",15,12,11.5775645233247
"1116",16,12,10.8665899387699
"1117",17,12,11.574934387386
"1118",18,12,10.4589866769914
"1119",19,12,10.198743064656
"1120",20,12,13.1521682907027
"1121",21,12,11.6397855723735
"1122",22,12,10.3467486792084
"1123",23,12,10.8303145781123
"1124",24,12,10.654019213306
"1125",25,12,11.4241243591038
"1126",26,12,10.3294218099728
"1127",27,12,11.8690209677651
"1128",28,12,11.2421267295769
"1129",29,12,11.428297574989
"1130",30,12,10.7032138612652
"1131",31,12,10.495700410228
"1132",32,12,11.175879252712
"1133",33,12,11.6440908846998
"1134",34,12,11.3988711252491
"1135",35,12,11.211384122157
"1136",36,12,10.8336248456249
"1137",37,12,11.1308606097876
"1138",38,12,11.6485910342369
"1139",39,12,10.684086101218
"1140",40,12,12.0306088358669
"1141",41,12,11.4799508035391
"1142",42,12,13.4254253471364
"1143",43,12,11.3470697673194
"1144",44,12,11.4379115374568
"1145",45,12,12.3622796929108
"1146",46,12,10.3509322959283
"1147",47,12,10.6403794812973
"1148",48,12,10.5459688183614
"1149",49,12,10.9840257264706
"1150",50,12,10.8413849257813
"1151",51,12,18.0943731262503
"1152",52,12,18.3771402914051
"1153",53,12,18.9931394199015
"1154",54,12,18.710130162691
"1155",55,12,17.5170948368336
"1156",56,12,18.5341778413571
"1157",57,12,17.9700559135919
"1158",58,12,18.8751353639867
"1159",59,12,19.3453389068426
"1160",60,12,17.4006932867712
"1161",61,12,17.3745333507475
"1162",62,12,19.5667193226377
"1163",63,12,18.4734048893031
"1164",64,12,18.702512905721
"1165",65,12,16.9588027636623
"1166",66,12,18.4746187277183
"1167",67,12,19.3556721284615
"1168",68,12,17.1129402605084
"1169",69,12,17.4968936720167
"1170",70,12,17.3472152260004
"1171",71,12,17.409948631744
"1172",72,12,19.3876555353001
"1173",73,12,17.7245666143273
"1174",74,12,18.1934299093267
"1175",75,12,19.0541175701379
"1176",76,12,18.1881427321124
"1177",77,12,17.7356814920697
"1178",78,12,17.6457767253272
"1179",79,12,19.3798956825073
"1180",80,12,17.7683107904615
"1181",81,12,18.0085765519535
"1182",82,12,18.6844069966176
"1183",83,12,17.9180687546161
"1184",84,12,20.308104328387
"1185",85,12,18.2144494836977
"1186",86,12,16.7869038993587
"1187",87,12,18.5281343421278
"1188",88,12,17.5044622319201
"1189",89,12,18.4538899982441
"1190",90,12,18.0791968814868
"1191",91,12,17.1840230064488
"1192",92,12,18.8881305538512
"1193",93,12,17.6667958608701
"1194",94,12,17.7164776800076
"1195",95,12,18.2194130337628
"1196",96,12,17.8681371392077
"1197",97,12,18.0140388122573
"1198",98,12,18.4617053251028
"1199",99,12,18.7148525459978
"1200",100,12,19.1296061639733
"1201",1,13,10.6858049082777
"1202",2,13,10.2476613632327
"1203",3,13,10.576989412519
"1204",4,13,11.0657062024599
"1205",5,13,11.3763111568563
"1206",6,13,10.8837044298699
"1207",7,13,10.9784803540934
"1208",8,13,10.6056958766999
"1209",9,13,11.314272785785
"1210",10,13,10.5952930591601
"1211",11,13,10.6513295906496
"1212",12,13,10.4775138907152
"1213",13,13,0
"1214",14,13,10.2736377101846
"1215",15,13,10.7100929733295
"1216",16,13,10.3090860810693
"1217",17,13,11.6229773508878
"1218",18,13,10.3603635163104
"1219",19,13,10.2429373376699
"1220",20,13,13.366742879154
"1221",21,13,11.1294364642146
"1222",22,13,10.3728735942908
"1223",23,13,10.150405238534
"1224",24,13,10.5016128645476
"1225",25,13,11.6257156387833
"1226",26,13,10.2559500651853
"1227",27,13,11.717671894134
"1228",28,13,11.2525034880365
"1229",29,13,10.7444824568982
"1230",30,13,10.625750505376
"1231",31,13,10.3103969884367
"1232",32,13,10.6393039483189
"1233",33,13,11.4087320628824
"1234",34,13,11.1637074852996
"1235",35,13,11.1299989155413
"1236",36,13,11.2302031470356
"1237",37,13,10.9991248935962
"1238",38,13,10.9266017135119
"1239",39,13,10.8434171720731
"1240",40,13,11.4815643144062
"1241",41,13,11.7319502680578
"1242",42,13,13.173433049793
"1243",43,13,11.7507649077689
"1244",44,13,11.4664028718111
"1245",45,13,12.052870641833
"1246",46,13,10.3819339279961
"1247",47,13,10.592103081359
"1248",48,13,9.67249575115604
"1249",49,13,10.8487336821146
"1250",50,13,10.4124550687842
"1251",51,13,18.3277457891614
"1252",52,13,18.5215556136523
"1253",53,13,19.213232336786
"1254",54,13,18.7592813241687
"1255",55,13,17.7134063955152
"1256",56,13,18.7331031129718
"1257",57,13,18.3145747796914
"1258",58,13,19.065281913804
"1259",59,13,19.4198610883702
"1260",60,13,17.9000620130791
"1261",61,13,17.5621234691252
"1262",62,13,19.8041811385955
"1263",63,13,18.4824985989035
"1264",64,13,19.0136830970035
"1265",65,13,17.2556323891821
"1266",66,13,18.8277007389873
"1267",67,13,19.3505026279377
"1268",68,13,17.3286554603683
"1269",69,13,18.0092140515749
"1270",70,13,17.7849309127779
"1271",71,13,17.6129688284455
"1272",72,13,19.4361197763094
"1273",73,13,18.0421929393463
"1274",74,13,18.2424066683432
"1275",75,13,19.2218064798774
"1276",76,13,18.1979046560174
"1277",77,13,17.8760351905019
"1278",78,13,17.7767415715522
"1279",79,13,19.6374572966997
"1280",80,13,17.8682999472439
"1281",81,13,18.2534901724744
"1282",82,13,19.1761632131649
"1283",83,13,18.294017225647
"1284",84,13,20.4150749540558
"1285",85,13,18.3855604563682
"1286",86,13,17.1252419343656
"1287",87,13,18.7885383593221
"1288",88,13,17.6177409812432
"1289",89,13,18.6924226574163
"1290",90,13,18.1331884574451
"1291",91,13,17.6268805804733
"1292",92,13,19.0202458860741
"1293",93,13,17.7381058011724
"1294",94,13,17.7947771118435
"1295",95,13,18.5473895666443
"1296",96,13,17.819498677463
"1297",97,13,18.218042559311
"1298",98,13,18.5448458406488
"1299",99,13,18.9825915591799
"1300",100,13,19.0682397048639
"1301",1,14,10.4338653162465
"1302",2,14,10.3108834318082
"1303",3,14,10.6532524533872
"1304",4,14,10.2372746156634
"1305",5,14,11.2882495388965
"1306",6,14,10.3394491218067
"1307",7,14,10.6583350066281
"1308",8,14,10.2101050213374
"1309",9,14,10.6872700087209
"1310",10,14,10.1993672933078
"1311",11,14,10.5336609135645
"1312",12,14,10.3807042725253
"1313",13,14,10.2736377101846
"1314",14,14,0
"1315",15,14,10.6311773960991
"1316",16,14,10.1842305085908
"1317",17,14,11.3836389427622
"1318",18,14,10.4766093678811
"1319",19,14,9.91031180751987
"1320",20,14,12.9745533983411
"1321",21,14,11.2329594197623
"1322",22,14,10.31688503976
"1323",23,14,10.461485592222
"1324",24,14,10.0482718325219
"1325",25,14,11.0634161892799
"1326",26,14,9.85272623823541
"1327",27,14,11.8468316384559
"1328",28,14,10.562566972966
"1329",29,14,10.8795438938858
"1330",30,14,10.2939466008764
"1331",31,14,9.65043678508702
"1332",32,14,10.5288275656971
"1333",33,14,11.4179230209569
"1334",34,14,10.6763271219183
"1335",35,14,10.8635016483809
"1336",36,14,10.7574181026172
"1337",37,14,10.9841097238864
"1338",38,14,10.5121331744572
"1339",39,14,10.9787059444742
"1340",40,14,11.5077086427367
"1341",41,14,11.1346254967799
"1342",42,14,13.1324907028849
"1343",43,14,11.090975806734
"1344",44,14,11.3313390060559
"1345",45,14,11.8202700463963
"1346",46,14,10.2310282351388
"1347",47,14,10.3950499610511
"1348",48,14,9.60091010591941
"1349",49,14,10.7338634937892
"1350",50,14,10.3113801558147
"1351",51,14,18.2000587217939
"1352",52,14,18.5708187156615
"1353",53,14,19.2970159539793
"1354",54,14,18.9120453180355
"1355",55,14,17.7233602726971
"1356",56,14,18.7441277452475
"1357",57,14,18.511694456973
"1358",58,14,19.062622308678
"1359",59,14,19.3393477977355
"1360",60,14,17.8704497877889
"1361",61,14,17.7071736475729
"1362",62,14,19.9356384543507
"1363",63,14,18.4322818604354
"1364",64,14,18.9644593327642
"1365",65,14,17.3622768799657
"1366",66,14,18.8974439271867
"1367",67,14,19.451273137781
"1368",68,14,17.3648397345916
"1369",69,14,18.0837305568774
"1370",70,14,17.5261192425664
"1371",71,14,17.8271506975319
"1372",72,14,19.6263837666598
"1373",73,14,18.0542668609904
"1374",74,14,18.3852105574617
"1375",75,14,19.3384902832604
"1376",76,14,18.1473099867853
"1377",77,14,18.0998175916367
"1378",78,14,17.8776135967582
"1379",79,14,19.7115701779737
"1380",80,14,17.9948475129352
"1381",81,14,18.351137736604
"1382",82,14,18.9897042119685
"1383",83,14,18.1165518167935
"1384",84,14,20.5617942199065
"1385",85,14,18.3978989175637
"1386",86,14,16.9947180924897
"1387",87,14,18.6399006614313
"1388",88,14,17.7376317804569
"1389",89,14,18.6501782982707
"1390",90,14,18.3700313546705
"1391",91,14,17.5028010839245
"1392",92,14,19.0137104900647
"1393",93,14,17.8596363414667
"1394",94,14,17.9050071072181
"1395",95,14,18.6278362535424
"1396",96,14,17.9354578971208
"1397",97,14,18.3477150608525
"1398",98,14,18.504388212877
"1399",99,14,19.1955704705084
"1400",100,14,19.3171516253661
"1401",1,15,11.3307637303822
"1402",2,15,10.9053044472484
"1403",3,15,11.3903155046078
"1404",4,15,11.4830890571201
"1405",5,15,12.1636116210308
"1406",6,15,11.0674498755737
"1407",7,15,11.1372534727245
"1408",8,15,10.9285116512363
"1409",9,15,11.6613581604382
"1410",10,15,11.3974262202241
"1411",11,15,11.2957183592131
"1412",12,15,11.5775645233247
"1413",13,15,10.7100929733295
"1414",14,15,10.6311773960991
"1415",15,15,0
"1416",16,15,10.8123001379407
