"","row","col","value"
"1",1,1,0
"2",2,1,9.09587464731768
"3",3,1,9.12113763238295
"4",4,1,9.63332247771005
"5",5,1,9.21194990061966
"6",6,1,9.39933270152345
"7",7,1,10.0806703294577
"8",8,1,9.68082162302247
"9",9,1,9.4076821521122
"10",10,1,9.4506045081141
"11",11,1,9.74543395054776
"12",12,1,9.48280871730029
"13",13,1,9.78616852782622
"14",14,1,9.22351183742617
"15",15,1,9.28616019907963
"16",16,1,10.6115119978398
"17",17,1,9.41638933178074
"18",18,1,9.66663997937713
"19",19,1,9.76894746074369
"20",20,1,10.1834741587052
"21",21,1,9.3902656434023
"22",22,1,9.73806537203248
"23",23,1,9.68463363831169
"24",24,1,8.82315620109746
"25",25,1,9.6147962463903
"26",26,1,9.65554348090111
"27",27,1,9.80245130953585
"28",28,1,10.2699762698469
"29",29,1,9.64145493573165
"30",30,1,9.49808297152935
"31",31,1,9.73929873018081
"32",32,1,9.52448433266624
"33",33,1,9.09299697820811
"34",34,1,9.0115165439611
"35",35,1,9.57132444083811
"36",36,1,9.84972732627743
"37",37,1,9.68665572810226
"38",38,1,9.53789604694265
"39",39,1,9.30657338216397
"40",40,1,9.60538773210833
"41",41,1,10.427148150497
"42",42,1,9.34399022696772
"43",43,1,9.09727436077652
"44",44,1,9.2712167724017
"45",45,1,9.34634640791009
"46",46,1,9.71692107537062
"47",47,1,9.53471915026826
"48",48,1,10.2793531154822
"49",49,1,9.19656641211126
"50",50,1,9.56171220681284
"51",51,1,17.1876924730579
"52",52,1,17.3986425692695
"53",53,1,17.462183972417
"54",54,1,19.0777457225167
"55",55,1,17.6355429341826
"56",56,1,17.6893507118261
"57",57,1,16.9738553172384
"58",58,1,17.2616330000763
"59",59,1,16.9194423440183
"60",60,1,17.205807463074
"61",61,1,17.6755372101481
"62",62,1,18.3169769853894
"63",63,1,18.5771365028892
"64",64,1,18.7938112070513
"65",65,1,19.8938028181541
"66",66,1,17.9946014420178
"67",67,1,17.6235815800216
"68",68,1,18.194183768529
"69",69,1,16.7765443510178
"70",70,1,17.067328780964
"71",71,1,17.7871422259188
"72",72,1,16.7457494817321
"73",73,1,16.8554435232717
"74",74,1,17.3250190493811
"75",75,1,17.1609991036102
"76",76,1,16.9073043333608
"77",77,1,16.8657390836725
"78",78,1,16.9750388634307
"79",79,1,18.2671080233448
"80",80,1,17.4801527138003
"81",81,1,16.6890541644754
"82",82,1,17.647937544149
"83",83,1,18.0457433162665
"84",84,1,17.58274804857
"85",85,1,17.0548033245886
"86",86,1,18.3441790458864
"87",87,1,17.1462015197288
"88",88,1,16.5975576981604
"89",89,1,18.2216755353277
"90",90,1,18.0835197807908
"91",91,1,18.8416646269594
"92",92,1,16.9939919124884
"93",93,1,18.1321640322553
"94",94,1,17.0440982809165
"95",95,1,17.3762026482551
"96",96,1,16.7602687494407
"97",97,1,18.7332568404844
"98",98,1,19.2915178417291
"99",99,1,16.5910413945215
"100",100,1,17.3445246501207
"101",1,2,9.09587464731768
"102",2,2,0
"103",3,2,9.12320681220973
"104",4,2,9.11679712869866
"105",5,2,9.07699629456609
"106",6,2,9.6446187101784
"107",7,2,9.65724105541019
"108",8,2,9.26755172247722
"109",9,2,9.13479181067892
"110",10,2,9.30580634810433
"111",11,2,9.57421043314281
"112",12,2,9.75831619004189
"113",13,2,9.43728031108788
"114",14,2,9.28407071930469
"115",15,2,9.0002251017416
"116",16,2,10.201662487141
"117",17,2,9.27817370010981
"118",18,2,9.56190801678691
"119",19,2,9.62409033618328
"120",20,2,9.74086225547557
"121",21,2,9.23704660152168
"122",22,2,9.50719529382477
"123",23,2,9.25469060594378
"124",24,2,8.81536041841052
"125",25,2,9.04269043985246
"126",26,2,9.4791406821311
"127",27,2,9.44620534355095
"128",28,2,9.82676139839664
"129",29,2,9.15256320722792
"130",30,2,9.28218462770694
"131",31,2,9.52703684586138
"132",32,2,9.4409670422285
"133",33,2,9.38117186020852
"134",34,2,9.35975453342435
"135",35,2,9.23079044035356
"136",36,2,9.53389419583654
"137",37,2,9.52069216414914
"138",38,2,9.17084986564088
"139",39,2,9.28640891409128
"140",40,2,9.34910070257693
"141",41,2,10.0128227005378
"142",42,2,9.49226267248098
"143",43,2,9.35341138378235
"144",44,2,9.44720541068681
"145",45,2,9.35644707633286
"146",46,2,9.55092057118933
"147",47,2,9.448440216042
"148",48,2,9.84786089942627
"149",49,2,8.84228286799484
"150",50,2,9.14049027023611
"151",51,2,17.2515062532281
"152",52,2,17.5752718397246
"153",53,2,17.5779313170404
"154",54,2,19.1401254428198
"155",55,2,17.7925206425447
"156",56,2,17.8370256690842
"157",57,2,16.9795025262227
"158",58,2,17.4575605046536
"159",59,2,17.1891518921257
"160",60,2,17.3550736530271
"161",61,2,17.9599570589173
"162",62,2,18.5811991810248
"163",63,2,18.6265737632979
"164",64,2,18.8666500642977
"165",65,2,19.9411638430185
"166",66,2,18.1222640600062
"167",67,2,17.8213514219192
"168",68,2,18.1921412402063
"169",69,2,17.0360132107277
"170",70,2,17.2949781193121
"171",71,2,17.9741415356838
"172",72,2,16.8540919926236
"173",73,2,17.031909548289
"174",74,2,17.3388234381453
"175",75,2,17.231696232824
"176",76,2,17.018900787721
"177",77,2,17.0750482675958
"178",78,2,16.9930892606175
"179",79,2,18.2441557034429
"180",80,2,17.6714164952976
"181",81,2,16.7957958567418
"182",82,2,17.8142884951804
"183",83,2,18.0445590432747
"184",84,2,18.0142774887763
"185",85,2,17.3781930339428
"186",86,2,18.4516842169694
"187",87,2,17.2397263647355
"188",88,2,16.9338142594226
"189",89,2,18.4265247315831
"190",90,2,18.2457084242605
"191",91,2,18.8229389829017
"192",92,2,17.1291910068851
"193",93,2,18.147934775847
"194",94,2,17.1270318795811
"195",95,2,17.3687767162061
"196",96,2,17.0121753860969
"197",97,2,18.9865183350125
"198",98,2,19.2638798908694
"199",99,2,16.757705927502
"200",100,2,17.5011955979808
"201",1,3,9.12113763238295
"202",2,3,9.12320681220973
"203",3,3,0
"204",4,3,9.5959661422437
"205",5,3,9.14907767800577
"206",6,3,9.15122625766857
"207",7,3,9.9285051505838
"208",8,3,9.5939111383072
"209",9,3,8.69433863113158
"210",10,3,9.26478308135031
"211",11,3,9.3328704421725
"212",12,3,9.4862406177023
"213",13,3,9.01345400114047
"214",14,3,8.70010743531335
"215",15,3,8.84053091920059
"216",16,3,10.569528620692
"217",17,3,9.18736467102232
"218",18,3,9.79795333305311
"219",19,3,9.66899543402079
"220",20,3,9.77721746873983
"221",21,3,9.15950686990378
"222",22,3,9.58401103440365
"223",23,3,9.38395272406273
"224",24,3,8.86565498733638
"225",25,3,9.26968915120871
"226",26,3,9.32281031001836
"227",27,3,10.087116802428
"228",28,3,10.1338692446235
"229",29,3,9.62185689275539
"230",30,3,8.91903586966546
"231",31,3,9.16691249132301
"232",32,3,9.26966309892352
"233",33,3,9.07571284303497
"234",34,3,9.08331447244587
"235",35,3,9.62231331834908
"236",36,3,9.66320246525659
"237",37,3,9.22640264863664
"238",38,3,9.32465623859739
"239",39,3,9.10735402842706
"240",40,3,9.36292766638931
"241",41,3,10.3782581167418
"242",42,3,9.33047774929755
"243",43,3,9.31413370145798
"244",44,3,9.16224012033996
"245",45,3,9.2647468985307
"246",46,3,9.39977385179979
"247",47,3,9.44512754579323
"248",48,3,10.1875056626955
"249",49,3,9.38960207758662
"250",50,3,9.29311756446664
"251",51,3,17.0764448367194
"252",52,3,17.2322133461882
"253",53,3,17.3896871525923
"254",54,3,18.8354490077184
"255",55,3,17.568003470514
"256",56,3,17.3720701870724
"257",57,3,16.72897229299
"258",58,3,17.0126192826398
"259",59,3,16.6138966117227
"260",60,3,16.9498526478004
"261",61,3,17.5900807870436
"262",62,3,18.3524732344663
"263",63,3,18.2755392701439
"264",64,3,18.6201985545384
"265",65,3,19.8287149896614
"266",66,3,17.7316053303583
"267",67,3,17.3266102153103
"268",68,3,17.6507547755629
"269",69,3,16.4535823682064
"270",70,3,16.6430337891209
"271",71,3,17.5510172064823
"272",72,3,16.4671500807186
"273",73,3,16.4732065048948
"274",74,3,17.0058682348978
"275",75,3,16.8825889016342
"276",76,3,16.5548096097128
"277",77,3,16.6319008517117
"278",78,3,16.5391799984846
"279",79,3,17.8960322294863
"280",80,3,17.4492202223206
"281",81,3,16.4311355273572
"282",82,3,17.5499739176395
"283",83,3,17.8398349277417
"284",84,3,17.487199938049
"285",85,3,17.0360924365965
"286",86,3,18.1217211558251
"287",87,3,16.8376785782237
"288",88,3,16.4155608903696
"289",89,3,17.9083256518314
"290",90,3,17.883969708825
"291",91,3,18.5951047978015
"292",92,3,16.747660438068
"293",93,3,18.0239183108748
"294",94,3,16.7070034043107
"295",95,3,16.8906536917482
"296",96,3,16.4998853178256
"297",97,3,18.4872321635232
"298",98,3,19.0647631211345
"299",99,3,16.2905587503437
"300",100,3,17.2149178741751
"301",1,4,9.63332247771005
"302",2,4,9.11679712869866
"303",3,4,9.5959661422437
"304",4,4,0
"305",5,4,9.96266460254686
"306",6,4,9.50877649088587
"307",7,4,10.3656890093862
"308",8,4,10.0568553433703
"309",9,4,9.74105338142299
"310",10,4,10.3578791942006
"311",11,4,9.9540105367042
"312",12,4,10.5826312127976
"313",13,4,9.63053959845865
"314",14,4,9.31711315913682
"315",15,4,9.59234814104976
"316",16,4,11.2662315598095
"317",17,4,9.8055315050313
"318",18,4,10.4705921100098
"319",19,4,10.593100923727
"320",20,4,10.7870835960375
"321",21,4,9.18876054409135
"322",22,4,10.3228657374976
"323",23,4,9.87176486474926
"324",24,4,9.36101731682875
"325",25,4,10.4688054432947
"326",26,4,10.2421290850739
"327",27,4,10.5703766691657
"328",28,4,10.7989417778209
"329",29,4,10.2692130060879
"330",30,4,9.53758536195467
"331",31,4,9.70671135344677
"332",32,4,9.68868747971078
"333",33,4,9.60916592116295
"334",34,4,9.89162101667201
"335",35,4,9.93944300018208
"336",36,4,10.2705317259921
"337",37,4,9.83729001535747
"338",38,4,9.89369390261194
"339",39,4,9.70376807688447
"340",40,4,9.25428982396807
"341",41,4,11.0511065356573
"342",42,4,10.03043618493
"343",43,4,9.52443052622025
"344",44,4,9.70764215005468
"345",45,4,10.1564791307881
"346",46,4,10.2204824375982
"347",47,4,10.340232399379
"348",48,4,11.0364870126015
"349",49,4,10.1634519637275
"350",50,4,9.96889114968718
"351",51,4,17.8180965867783
"352",52,4,17.9139594267095
"353",53,4,18.3213308076326
"354",54,4,19.9351179550564
"355",55,4,18.4368122418817
"356",56,4,18.2587513857113
"357",57,4,17.5105638334769
"358",58,4,17.7207532310077
"359",59,4,17.4705400033667
"360",60,4,17.9519948927478
"361",61,4,18.3869416338672
"362",62,4,19.1289040431019
"363",63,4,19.2113242906275
"364",64,4,19.5664965061509
"365",65,4,20.7485802358269
"366",66,4,18.7049702331724
"367",67,4,18.1797065444314
"368",68,4,18.7813177568446
"369",69,4,17.2670211386564
"370",70,4,17.6076684800546
"371",71,4,18.5489316943842
"372",72,4,17.2614108869696
"373",73,4,17.447713450944
"374",74,4,17.7433874121287
"375",75,4,17.8519760575282
"376",76,4,17.485662723057
"377",77,4,17.5697492092579
"378",78,4,17.3904956824857
"379",79,4,18.8684700835142
"380",80,4,18.0983319638939
"381",81,4,17.1611836115815
"382",82,4,18.3336013370791
"383",83,4,18.7511090367478
"384",84,4,18.428420193703
"385",85,4,17.8420763922435
"386",86,4,18.9307824033368
"387",87,4,17.742645692486
"388",88,4,17.3442677347063
"389",89,4,18.7927563635956
"390",90,4,18.5314988154261
"391",91,4,19.5118533801534
"392",92,4,17.5921273215767
"393",93,4,18.7977101157407
"394",94,4,17.5009741777176
"395",95,4,17.7646957590884
"396",96,4,17.3475923721652
"397",97,4,19.395702503844
"398",98,4,20.1384694119132
"399",99,4,17.3233367599193
"400",100,4,17.9261313520941
"401",1,5,9.21194990061966
"402",2,5,9.07699629456609
"403",3,5,9.14907767800577
"404",4,5,9.96266460254686
"405",5,5,0
"406",6,5,9.55297813905094
"407",7,5,9.87332812198509
"408",8,5,9.63867952181087
"409",9,5,8.94542769020094
"410",10,5,9.16945024420541
"411",11,5,9.33116768533003
"412",12,5,9.35741528891516
"413",13,5,9.74696410670177
"414",14,5,9.42246368158407
"415",15,5,9.38678450344672
"416",16,5,9.96395778198521
"417",17,5,9.40923150068959
"418",18,5,9.44232500418165
"419",19,5,9.76870006894018
"420",20,5,9.7270613913556
"421",21,5,9.47479760343642
"422",22,5,9.66012006927234
"423",23,5,9.02680125821778
"424",24,5,8.62379901285619
"425",25,5,8.98741970615968
"426",26,5,9.57334565116537
"427",27,5,9.34126003211827
"428",28,5,10.0363147116263
"429",29,5,9.52523517283522
"430",30,5,9.47737200640392
"431",31,5,9.88707596424311
"432",32,5,9.43302758813907
"433",33,5,9.52530095216446
"434",34,5,9.12338455059697
"435",35,5,9.44546995873112
"436",36,5,9.71292582374287
"437",37,5,9.44774028621836
"438",38,5,9.34513414218329
"439",39,5,9.12345392647158
"440",40,5,9.3270486169237
"441",41,5,9.91505359453867
"442",42,5,9.38598969659758
"443",43,5,9.22556839966196
"444",44,5,9.30948682453214
"445",45,5,9.14211843425442
"446",46,5,9.19980272215119
"447",47,5,9.39974718738428
"448",48,5,9.74176635908788
"449",49,5,8.8363769645085
"450",50,5,9.25546622804905
"451",51,5,17.529062763838
"452",52,5,18.0931939707191
"453",53,5,17.8689585059301
"454",54,5,19.5997038161071
"455",55,5,18.2714957020439
"456",56,5,18.102540402051
"457",57,5,17.5292569464781
"458",58,5,17.7800166248402
"459",59,5,17.5215085670274
"460",60,5,17.7835662686237
"461",61,5,18.2324455353197
"462",62,5,18.9293854464949
"463",63,5,18.8255336706567
"464",64,5,19.1563491690397
"465",65,5,19.7178068034052
"466",66,5,18.5636086287611
"467",67,5,18.2392521915587
"468",68,5,18.5411739499914
"469",69,5,17.6455233995388
"470",70,5,17.5973200548373
"471",71,5,18.1556890121259
"472",72,5,17.4429169132636
"473",73,5,17.4165678846127
"474",74,5,17.8599811536616
"475",75,5,17.6851878201098
"476",76,5,17.5622007820097
"477",77,5,17.4551613741608
"478",78,5,17.4188162177954
"479",79,5,18.549887299623
"480",80,5,18.0490624663418
"481",81,5,17.2037343216923
"482",82,5,18.2279729171105
"483",83,5,18.4470066338379
"484",84,5,18.2493861552975
"485",85,5,17.7847862486828
"486",86,5,18.8470437462967
"487",87,5,17.5989800751838
"488",88,5,17.2623644712941
"489",89,5,18.8605600066527
"490",90,5,18.54805287122
"491",91,5,19.2728464861714
"492",92,5,17.5371837487156
"493",93,5,18.4776191558768
"494",94,5,17.6181589032364
"495",95,5,17.7639091997529
"496",96,5,17.3586534583837
"497",97,5,19.1753594598858
"498",98,5,19.6801733233809
"499",99,5,17.297875866732
"500",100,5,17.9308727390924
"501",1,6,9.39933270152345
"502",2,6,9.6446187101784
"503",3,6,9.15122625766857
"504",4,6,9.50877649088587
"505",5,6,9.55297813905094
"506",6,6,0
"507",7,6,10.1138269041949
"508",8,6,9.9016865243112
"509",9,6,9.84269644780719
"510",10,6,9.93525486951991
"511",11,6,9.72567439567032
"512",12,6,10.1090062422793
"513",13,6,9.47610844413849
"514",14,6,9.32763604391481
"515",15,6,9.2845769582811
"516",16,6,11.3730306231083
"517",17,6,9.49953060465055
"518",18,6,10.30918535705
"519",19,6,10.2210549948888
"520",20,6,10.5069699256159
"521",21,6,9.36105316261231
"522",22,6,9.83199415765261
"523",23,6,9.9564695399542
"524",24,6,8.98584005921904
"525",25,6,10.340907859251
"526",26,6,10.0902292840905
"527",27,6,10.4778923296088
"528",28,6,10.6540838926614
"529",29,6,10.1652614503037
"530",30,6,9.52987762417076
"531",31,6,9.18640673310768
"532",32,6,9.68296221448026
"533",33,6,9.53373246867798
"534",34,6,9.34645662184198
"535",35,6,9.9698555538837
"536",36,6,10.0353545966899
"537",37,6,9.86830529495732
"538",38,6,9.82588621362476
"539",39,6,9.71615770576043
"540",40,6,9.54519085991591
"541",41,6,10.7367343243936
"542",42,6,9.62876517323497
"543",43,6,9.5179672858906
"544",44,6,9.6200543011937
"545",45,6,9.88006321170781
"546",46,6,9.88780152935034
"547",47,6,9.77875881558649
"548",48,6,10.5787185016612
"549",49,6,9.78669440371798
"550",50,6,10.0963615207311
"551",51,6,17.0143701921884
"552",52,6,17.2343710258137
"553",53,6,17.6828644462835
"554",54,6,18.7845806415895
"555",55,6,17.506691297321
"556",56,6,17.424285649829
"557",57,6,16.6985539561406
"558",58,6,16.882273177036
"559",59,6,16.5282900949747
"560",60,6,17.047742381326
"561",61,6,17.5453335266854
"562",62,6,18.269695013273
"563",63,6,18.2495930043546
"564",64,6,18.5483814410005
"565",65,6,20.009364440929
"566",66,6,17.7594269203735
"567",67,6,17.2799831638892
"568",68,6,17.7893063599228
"569",69,6,16.4339027508411
"570",70,6,16.655648641135
"571",71,6,17.7353367224245
"572",72,6,16.247943647786
"573",73,6,16.3046802967267
"574",74,6,16.9670922160213
"575",75,6,16.9488497257526
"576",76,6,16.3689650298493
"577",77,6,16.5750179634888
"578",78,6,16.5891604564121
"579",79,6,18.0202434748175
"580",80,6,17.2392640780621
"581",81,6,16.3681653116586
"582",82,6,17.6737588760569
"583",83,6,17.8520840386902
"584",84,6,17.5080660781929
"585",85,6,16.7801587292018
"586",86,6,18.0289716322592
"587",87,6,16.7498410126754
"588",88,6,16.314565230391
"589",89,6,17.8099232409371
"590",90,6,17.5694605160031
"591",91,6,18.6477625727961
"592",92,6,16.7155068080426
"593",93,6,17.9306860850213
"594",94,6,16.5600679184966
"595",95,6,17.0137742485133
"596",96,6,16.3885428566232
"597",97,6,18.4332716295393
"598",98,6,19.0938986937956
"599",99,6,16.2144881771924
"600",100,6,17.0782400232956
"601",1,7,10.0806703294577
"602",2,7,9.65724105541019
"603",3,7,9.9285051505838
"604",4,7,10.3656890093862
"605",5,7,9.87332812198509
"606",6,7,10.1138269041949
"607",7,7,0
"608",8,7,10.2700099001843
"609",9,7,10.3029449397914
"610",10,7,10.2596773002722
"611",11,7,10.0554777989351
"612",12,7,10.1210854598291
"613",13,7,10.0271102403347
"614",14,7,10.1941311471126
"615",15,7,9.75003171087348
"616",16,7,11.5342762873673
"617",17,7,9.96730592553571
"618",18,7,10.5678679743518
"619",19,7,10.6419941633556
"620",20,7,10.7470344812929
"621",21,7,10.3331714704008
"622",22,7,10.0823313917459
"623",23,7,10.1123200820475
"624",24,7,9.62679398566912
"625",25,7,10.3125889677681
"626",26,7,10.1330026988247
"627",27,7,10.5073244570607
"628",28,7,10.7802131139082
"629",29,7,10.2645662926696
"630",30,7,9.94015293815962
"631",31,7,10.2746583889743
"632",32,7,10.1998658611436
"633",33,7,9.83215442488756
"634",34,7,10.4820324354111
"635",35,7,10.3937943139893
"636",36,7,10.1681241447044
"637",37,7,10.3565116668908
"638",38,7,9.87401006685174
"639",39,7,10.3264160613244
"640",40,7,10.18734070515
"641",41,7,11.1136571635425
"642",42,7,10.4336253586372
"643",43,7,10.1310883121843
"644",44,7,10.2717727321249
"645",45,7,10.2358115897705
"646",46,7,10.3772063684057
"647",47,7,10.4559891965055
"648",48,7,10.8963534197963
"649",49,7,9.96786591497342
"650",50,7,10.3069591858178
"651",51,7,18.5187783784578
"652",52,7,18.6913797655119
"653",53,7,18.9408425924741
"654",54,7,20.2094989358518
"655",55,7,18.7438489168518
"656",56,7,18.8656863385381
"657",57,7,18.0326228800495
"658",58,7,18.3804376452835
"659",59,7,18.0076565003533
"660",60,7,18.4067426537711
"661",61,7,18.6825935270049
"662",62,7,19.7220541912875
"663",63,7,19.8280696636089
"664",64,7,19.93065587844
"665",65,7,21.3211389720096
"666",66,7,19.3031603477338
"667",67,7,18.6646663649625
"668",68,7,19.2697031667445
"669",69,7,17.9338993026195
"670",70,7,18.0206289512958
"671",71,7,18.9659225153468
"672",72,7,17.8716507303638
"673",73,7,18.0097132436687
"674",74,7,18.2195355410672
"675",75,7,18.3087671937355
"676",76,7,17.8414530796084
"677",77,7,18.0232048824684
"678",78,7,18.0615539066329
"679",79,7,19.2526131297198
"680",80,7,18.6914007436079
"681",81,7,17.8174720851711
"682",82,7,18.7361260199554
"683",83,7,19.1313782106389
"684",84,7,18.829103321373
"685",85,7,18.4229152437424
"686",86,7,19.6427056916207
"687",87,7,18.1486639004905
"688",88,7,17.8483741470512
"689",89,7,19.2137416386878
"690",90,7,19.1993753195069
"691",91,7,20.1055969424837
"692",92,7,18.1279894735869
"693",93,7,19.2701860037143
"694",94,7,17.9440835745179
"695",95,7,18.3834385184047
"696",96,7,17.6819745883484
"697",97,7,20.1607193749443
"698",98,7,20.5181357799855
"699",99,7,17.6545254248769
"700",100,7,18.4304163647017
"701",1,8,9.68082162302247
"702",2,8,9.26755172247722
"703",3,8,9.5939111383072
"704",4,8,10.0568553433703
"705",5,8,9.63867952181087
"706",6,8,9.9016865243112
"707",7,8,10.2700099001843
"708",8,8,0
"709",9,8,9.26721435008133
"710",10,8,9.73748714580026
"711",11,8,9.32720625770127
"712",12,8,9.68547420657143
"713",13,8,9.39790344971733
"714",14,8,9.62371413251571
"715",15,8,8.91251792629007
"716",16,8,10.4204079661155
"717",17,8,9.91256330744035
"718",18,8,10.0387284255634
"719",19,8,9.99061475991751
"720",20,8,10.3547949602535
"721",21,8,9.36756211061542
"722",22,8,9.66602554533924
"723",23,8,9.24153931874925
"724",24,8,9.07220699235808
"725",25,8,9.95289179985324
"726",26,8,9.85836835754571
"727",27,8,9.99286708697759
"728",28,8,10.3025493442906
"729",29,8,9.80220811642262
"730",30,8,9.34425514720264
"731",31,8,9.52469921233543
"732",32,8,9.73349004810688
"733",33,8,9.42794188756893
"734",34,8,9.5070689295883
"735",35,8,9.67372535494493
"736",36,8,9.75227439113677
"737",37,8,9.82510491546145
"738",38,8,9.75837061628865
"739",39,8,9.60943645861765
"740",40,8,9.57898573368497
"741",41,8,10.5513608363442
"742",42,8,9.81656061463946
"743",43,8,9.56538455998085
"744",44,8,9.84053548719065
"745",45,8,9.55680532255875
"746",46,8,9.93832751025412
"747",47,8,9.59665796688295
"748",48,8,10.3004497858893
"749",49,8,9.31389178005721
"750",50,8,9.72456125670544
"751",51,8,17.5761178496868
"752",52,8,17.8875177932419
"753",53,8,18.0291954223661
"754",54,8,19.451127859253
"755",55,8,18.2890432432804
"756",56,8,18.039462523542
"757",57,8,17.2343421664323
"758",58,8,17.7138736708528
"759",59,8,17.1516914779407
"760",60,8,17.5517744762367
"761",61,8,18.0607201585396
"762",62,8,18.6615270553178
"763",63,8,18.8449858189709
"764",64,8,19.1465158878267
"765",65,8,20.3732384443011
"766",66,8,18.4505389274195
"767",67,8,18.0987390503791
"768",68,8,18.357070170614
"769",69,8,17.1113027846639
"770",70,8,17.434135661931
"771",71,8,18.2693791056959
"772",72,8,17.096802919383
"773",73,8,17.0963416429277
"774",74,8,17.7049144185509
"775",75,8,17.5897249621135
"776",76,8,17.3080235049282
"777",77,8,17.1776836835201
"778",78,8,17.2856817937673
"779",79,8,18.691531577196
"780",80,8,17.8069881916192
"781",81,8,17.0389732295555
"782",82,8,18.1754543798293
"783",83,8,18.4427300877589
"784",84,8,18.0888033489036
"785",85,8,17.483035863166
"786",86,8,18.723388490763
"787",87,8,17.4100784346739
"788",88,8,17.1938259923747
"789",89,8,18.6188730594432
"790",90,8,18.3518613372134
"791",91,8,19.2233002640648
"792",92,8,17.3135615145305
"793",93,8,18.5186058012781
"794",94,8,17.4296640238952
"795",95,8,17.6013552384715
"796",96,8,17.1487997745953
"797",97,8,19.2204070970179
"798",98,8,19.560216887774
"799",99,8,16.8956986535493
"800",100,8,17.7531105949612
"801",1,9,9.4076821521122
"802",2,9,9.13479181067892
"803",3,9,8.69433863113158
"804",4,9,9.74105338142299
"805",5,9,8.94542769020094
"806",6,9,9.84269644780719
"807",7,9,10.3029449397914
"808",8,9,9.26721435008133
"809",9,9,0
"810",10,9,9.39717809967573
"811",11,9,9.77686354563969
"812",12,9,9.30020388523088
"813",13,9,9.88784557131891
"814",14,9,9.22765807952331
"815",15,9,9.07577061971136
"816",16,9,10.0077060707882
"817",17,9,9.37845031022824
"818",18,9,9.49504350339489
"819",19,9,9.53618865447999
"820",20,9,9.76619947780741
"821",21,9,9.64177607367851
"822",22,9,9.86335112837451
"823",23,9,9.08694048293863
"824",24,9,8.61841655955318
"825",25,9,9.22013592835353
"826",26,9,9.49303396898249
"827",27,9,9.44056524656872
"828",28,9,9.74333056055658
"829",29,9,9.63151344483362
"830",30,9,8.9369332852926
"831",31,9,9.19979214646932
"832",32,9,9.43124500039153
"833",33,9,9.06709408983818
"834",34,9,9.25751510310571
"835",35,9,9.13967730792267
"836",36,9,9.95603866235045
"837",37,9,9.62447004682162
"838",38,9,10.0765179125793
"839",39,9,9.01589859917061
"840",40,9,9.10962606871864
"841",41,9,10.1543014729675
"842",42,9,9.52761841288587
"843",43,9,9.22473602250602
"844",44,9,9.25399317106008
"845",45,9,8.95292470660944
"846",46,9,9.03174598211158
"847",47,9,9.70730747248865
"848",48,9,9.78318538904018
"849",49,9,9.12185891676409
"850",50,9,9.29077222823636
"851",51,9,17.5426638308617
"852",52,9,17.8102602010777
"853",53,9,17.7965931316806
"854",54,9,19.464870224523
"855",55,9,18.1063869708366
"856",56,9,17.984518206112
"857",57,9,17.4061588581786
"858",58,9,17.766917750717
"859",59,9,17.2919464591494
"860",60,9,17.5318950669488
"861",61,9,18.1468360039919
"862",62,9,18.9406883152232
"863",63,9,18.8747554893289
"864",64,9,19.1906070708931
"865",65,9,20.1822068762035
"866",66,9,18.3425432440184
"867",67,9,18.0316923268336
"868",68,9,18.5202924361681
"869",69,9,17.2543202026458
"870",70,9,17.5018547436011
"871",71,9,17.9727392214761
"872",72,9,17.0270015627473
"873",73,9,17.3344209785717
"874",74,9,17.5671234446867
"875",75,9,17.5510416036112
"876",76,9,17.3229323127232
"877",77,9,17.2707199448997
"878",78,9,17.1837959484038
"879",79,9,18.4325697968042
"880",80,9,17.9185085805817
"881",81,9,17.0119128715717
"882",82,9,18.085331357075
"883",83,9,18.2098630066715
"884",84,9,18.0902526387369
"885",85,9,17.6167133060895
"886",86,9,18.8035465502363
"887",87,9,17.5145616154493
"888",88,9,17.1784938370305
"889",89,9,18.6287925365772
"890",90,9,18.3697507306194
"891",91,9,19.1018900988934
"892",92,9,17.3008893342614
"893",93,9,18.4198132492315
"894",94,9,17.3477856739019
"895",95,9,17.5123494715884
"896",96,9,17.2074964163835
"897",97,9,19.1954923702855
"898",98,9,19.6343919445557
"899",99,9,16.8326532396944
"900",100,9,17.782654248799
"901",1,10,9.4506045081141
"902",2,10,9.30580634810433
"903",3,10,9.26478308135031
"904",4,10,10.3578791942006
"905",5,10,9.16945024420541
"906",6,10,9.93525486951991
"907",7,10,10.2596773002722
"908",8,10,9.73748714580026
"909",9,10,9.39717809967573
"910",10,10,0
"911",11,10,9.90677137833943
"912",12,10,9.57168872288708
"913",13,10,9.64659893551386
"914",14,10,9.56680459920287
"915",15,10,9.43205499231439
"916",16,10,10.0391793242934
"917",17,10,9.72678958515142
"918",18,10,9.72357024829782
"919",19,10,9.6302273282159
"920",20,10,9.50314947383971
"921",21,10,10.0219345725612
"922",22,10,9.96232783366592
"923",23,10,9.26937278667162
"924",24,10,9.13098800040003
"925",25,10,9.43507549026455
"926",26,10,9.31179551593772
"927",27,10,9.34308784751075
"928",28,10,10.0245625510638
"929",29,10,9.35775680737682
"930",30,10,9.56112258757744
"931",31,10,9.45591136114028
"932",32,10,10.063462470887
"933",33,10,9.68641708876996
"934",34,10,9.42526940864407
"935",35,10,9.6606466386573
"936",36,10,10.019218279725
"937",37,10,10.031933992794
"938",38,10,9.42551170526747
"939",39,10,9.27567145408365
"940",40,10,9.72301689856944
"941",41,10,9.6742607739662
"942",42,10,9.65531183897724
"943",43,10,9.76770609817182
"944",44,10,9.94593182548141
"945",45,10,9.15055644793125
"946",46,10,9.41235642432859
"947",47,10,9.4701570076501
"948",48,10,9.73729197435141
"949",49,10,8.78257642950076
"950",50,10,9.5726514050056
"951",51,10,17.5103570254839
"952",52,10,17.8314693502813
"953",53,10,17.8091449898037
"954",54,10,19.4022175607188
"955",55,10,18.2325484545056
"956",56,10,18.0710640854721
"957",57,10,17.4076295885617
"958",58,10,17.9321007633787
"959",59,10,17.288174466231
"960",60,10,17.5528524423778
"961",61,10,17.9645166236746
"962",62,10,18.8081706507497
"963",63,10,18.7355942470177
"964",64,10,19.0055121956979
"965",65,10,19.920831810064
"966",66,10,18.40208383185
"967",67,10,17.9909887461152
"968",68,10,18.4788281096715
"969",69,10,17.2198141691062
"970",70,10,17.4541355642969
"971",71,10,17.9958743769348
"972",72,10,17.2022682155567
"973",73,10,17.2964656126793
"974",74,10,17.7395481606775
"975",75,10,17.4646994104945
"976",76,10,17.2641763703306
"977",77,10,17.3753527590424
"978",78,10,17.4283922420618
"979",79,10,18.4591491674238
"980",80,10,17.8802552172001
"981",81,10,17.1444118895221
"982",82,10,18.045791625737
"983",83,10,18.25536964641
"984",84,10,18.1649049390266
"985",85,10,17.4838688135254
"986",86,10,18.7180740115952
"987",87,10,17.4629351628628
"988",88,10,17.2212148869659
"989",89,10,18.7033135224243
"990",90,10,18.4976050962897
"991",91,10,19.132373360734
"992",92,10,17.3491717770898
"993",93,10,18.5827171058182
"994",94,10,17.5753076936231
"995",95,10,17.7445086374176
"996",96,10,17.2998451641752
"997",97,10,19.2578959711332
"998",98,10,19.4481763692144
"999",99,10,17.0077388554594
"1000",100,10,17.8195605239162
"1001",1,11,9.74543395054776
"1002",2,11,9.57421043314281
"1003",3,11,9.3328704421725
"1004",4,11,9.9540105367042
"1005",5,11,9.33116768533003
"1006",6,11,9.72567439567032
"1007",7,11,10.0554777989351
"1008",8,11,9.32720625770127
"1009",9,11,9.77686354563969
"1010",10,11,9.90677137833943
"1011",11,11,0
"1012",12,11,9.8111102154678
"1013",13,11,9.79518901816043
"1014",14,11,9.48126041476725
"1015",15,11,9.56733480454813
"1016",16,11,10.826515572122
"1017",17,11,9.6842575231668
"1018",18,11,10.0472033227367
"1019",19,11,9.98025612388848
"1020",20,11,9.99761825690132
"1021",21,11,9.67589448197234
"1022",22,11,9.67990619504092
"1023",23,11,9.5093409013155
"1024",24,11,9.18338513069598
"1025",25,11,10.2117703451439
"1026",26,11,9.85450600639594
"1027",27,11,10.3419947663979
"1028",28,11,10.5515083868062
"1029",29,11,9.88295432676852
"1030",30,11,9.67385858551957
"1031",31,11,9.68530651818941
"1032",32,11,10.0085872518787
"1033",33,11,9.74610140709263
"1034",34,11,9.64934384750269
"1035",35,11,9.92816684063064
"1036",36,11,10.3761626993528
"1037",37,11,9.79625555576103
"1038",38,11,9.73032519509253
"1039",39,11,9.74298550377462
"1040",40,11,9.65120584763103
"1041",41,11,10.6022064369903
"1042",42,11,10.0574629819898
"1043",43,11,9.91070914050932
"1044",44,11,9.54910640210644
"1045",45,11,9.72368434865649
"1046",46,11,10.028534174007
"1047",47,11,9.95468436357451
"1048",48,11,10.2069203054751
"1049",49,11,9.72575895885831
"1050",50,11,9.51756022103258
"1051",51,11,17.9185019642205
"1052",52,11,18.2435644819091
"1053",53,11,18.3012118651305
"1054",54,11,19.6818123512925
"1055",55,11,18.6103314298776
"1056",56,11,18.4392503712125
"1057",57,11,17.5890270116871
"1058",58,11,17.9460758736723
"1059",59,11,17.5642844532835
"1060",60,11,17.8455996159291
"1061",61,11,18.4208603951305
"1062",62,11,19.0944165469055
"1063",63,11,18.9969722926909
"1064",64,11,19.4176849901786
"1065",65,11,20.6313357087639
"1066",66,11,18.689345893819
"1067",67,11,18.1045872275165
"1068",68,11,18.6929704452051
"1069",69,11,17.5022382707451
"1070",70,11,17.5342817554378
"1071",71,11,18.5801060231351
"1072",72,11,17.4068021483933
"1073",73,11,17.4486418620417
"1074",74,11,17.7897935137923
"1075",75,11,17.9096802357689
"1076",76,11,17.6250099081855
"1077",77,11,17.5541916344306
"1078",78,11,17.4227632087115
"1079",79,11,18.761116349371
"1080",80,11,18.2177705469716
"1081",81,11,17.490695340915
"1082",82,11,18.4070210935101
"1083",83,11,18.7399789182764
"1084",84,11,18.5299136333361
"1085",85,11,17.8990537560461
"1086",86,11,19.1172454317723
"1087",87,11,17.7003725954086
"1088",88,11,17.3705960129508
"1089",89,11,18.8431548962024
"1090",90,11,18.6411810430625
"1091",91,11,19.4112500670261
"1092",92,11,17.6266314581668
"1093",93,11,18.6806717848687
"1094",94,11,17.5976523367951
"1095",95,11,17.9278916508046
"1096",96,11,17.3743905157403
"1097",97,11,19.5898515284559
"1098",98,11,19.7165363321553
"1099",99,11,17.2808535275904
"1100",100,11,17.9858487875255
"1101",1,12,9.48280871730029
"1102",2,12,9.75831619004189
"1103",3,12,9.4862406177023
"1104",4,12,10.5826312127976
"1105",5,12,9.35741528891516
"1106",6,12,10.1090062422793
"1107",7,12,10.1210854598291
"1108",8,12,9.68547420657143
"1109",9,12,9.30020388523088
"1110",10,12,9.57168872288708
"1111",11,12,9.8111102154678
"1112",12,12,0
"1113",13,12,10.3086263097947
"1114",14,12,9.68352404733686
"1115",15,12,9.75908126217425
"1116",16,12,10.3080632495315
"1117",17,12,9.74441320752594
"1118",18,12,9.75904290178766
"1119",19,12,9.94431983072968
"1120",20,12,10.0588364358925
"1121",21,12,9.89682282611712
"1122",22,12,9.99858695350989
"1123",23,12,9.59928050894236
"1124",24,12,9.25952577993875
"1125",25,12,9.65924950124404
"1126",26,12,9.55740806277118
"1127",27,12,9.46114809393087
"1128",28,12,10.1123074809404
"1129",29,12,9.84765546295649
"1130",30,12,9.92224372383371
"1131",31,12,9.61853918393752
"1132",32,12,9.99856692368117
"1133",33,12,9.76906012489798
"1134",34,12,9.47129988852909
"1135",35,12,9.61131469983473
"1136",36,12,10.2706513631355
"1137",37,12,10.3113593793262
"1138",38,12,9.94423637602227
"1139",39,12,9.4148387828441
"1140",40,12,9.89102068862701
"1141",41,12,10.3195763064529
"1142",42,12,9.94355324646486
"1143",43,12,9.88566371446453
"1144",44,12,9.79022364369897
"1145",45,12,9.66172697379711
"1146",46,12,9.53204630069552
"1147",47,12,9.70963658194416
"1148",48,12,10.1684161857897
"1149",49,12,9.43764278274687
"1150",50,12,9.55825069719274
"1151",51,12,17.9553326708063
"1152",52,12,18.1615783365445
"1153",53,12,18.0512819718622
"1154",54,12,19.8138357149037
"1155",55,12,18.4101772347368
"1156",56,12,18.3189566298602
"1157",57,12,17.7812139682576
"1158",58,12,18.1284843569505
"1159",59,12,17.6135784840363
"1160",60,12,17.9287347894221
"1161",61,12,18.4443374891384
"1162",62,12,19.1211339366387
"1163",63,12,19.1997546036688
"1164",64,12,19.320317577958
"1165",65,12,20.4971450032737
"1166",66,12,18.777021562696
"1167",67,12,18.3124605352266
"1168",68,12,18.7204351544985
"1169",69,12,17.8334870236381
"1170",70,12,17.7075739713098
"1171",71,12,18.3460134465711
"1172",72,12,17.5073620977932
"1173",73,12,17.6739104603541
"1174",74,12,18.0665597643858
"1175",75,12,17.8329946497794
"1176",76,12,17.762856308658
"1177",77,12,17.7293609674373
"1178",78,12,17.6574301649198
"1179",79,12,18.8985717921293
"1180",80,12,18.2829092375331
"1181",81,12,17.4810687560766
"1182",82,12,18.4859476489561
"1183",83,12,18.7485213655583
"1184",84,12,18.3847073818975
"1185",85,12,17.9642075487984
"1186",86,12,19.1452692790292
"1187",87,12,17.9125539553612
"1188",88,12,17.5751875348038
"1189",89,12,19.0641184158898
"1190",90,12,18.8241598367686
"1191",91,12,19.4205757715995
"1192",92,12,17.8138373855386
"1193",93,12,18.8939116046004
"1194",94,12,17.7221679278925
"1195",95,12,18.1188899068853
"1196",96,12,17.5365899701188
"1197",97,12,19.3913620315138
"1198",98,12,19.7964220120942
"1199",99,12,17.3473234682334
"1200",100,12,18.0510239087079
"1201",1,13,9.78616852782622
"1202",2,13,9.43728031108788
"1203",3,13,9.01345400114047
"1204",4,13,9.63053959845865
"1205",5,13,9.74696410670177
"1206",6,13,9.47610844413849
"1207",7,13,10.0271102403347
"1208",8,13,9.39790344971733
"1209",9,13,9.88784557131891
"1210",10,13,9.64659893551386
"1211",11,13,9.79518901816043
"1212",12,13,10.3086263097947
"1213",13,13,0
"1214",14,13,9.35813855296863
"1215",15,13,9.00695229963707
"1216",16,13,10.8000397936849
"1217",17,13,9.4931001355185
"1218",18,13,10.2031892926797
"1219",19,13,9.86609084175216
"1220",20,13,10.1677942737598
"1221",21,13,9.65205046544641
"1222",22,13,9.88279086912782
"1223",23,13,9.72161836486639
"1224",24,13,9.0530961465231
"1225",25,13,9.86346959548982
"1226",26,13,10.4487045276661
"1227",27,13,10.115868360043
"1228",28,13,10.3102909011123
"1229",29,13,9.88117240923792
"1230",30,13,9.38188657840644
"1231",31,13,9.8044614454323
"1232",32,13,10.3390622283762
"1233",33,13,9.0259518214544
"1234",34,13,9.467127218997
"1235",35,13,10.1591320778481
"1236",36,13,9.31689590009156
"1237",37,13,9.66249872981418
"1238",38,13,9.60548543016338
"1239",39,13,9.74970983417376
"1240",40,13,9.59879258477906
"1241",41,13,10.9259459473321
"1242",42,13,9.6107025561963
"1243",43,13,9.36569501665826
"1244",44,13,9.66232887024587
"1245",45,13,10.0670483386483
"1246",46,13,9.93073232282554
"1247",47,13,10.2704286602982
"1248",48,13,10.7520608853703
"1249",49,13,9.65932194331171
"1250",50,13,9.70762826884305
"1251",51,13,17.9871754440106
"1252",52,13,18.1476618662568
"1253",53,13,18.4805251101918
"1254",54,13,19.8731462294842
"1255",55,13,18.4178410551438
"1256",56,13,18.4560388934265
"1257",57,13,17.513444137317
"1258",58,13,18.0013923078157
"1259",59,13,17.4738954398082
"1260",60,13,17.7999763508673
"1261",61,13,18.4004173305864
"1262",62,13,19.2531514924109
"1263",63,13,19.4530413738017
"1264",64,13,19.6105705177386
"1265",65,13,21.0278329546318
"1266",66,13,18.8155515515495
"1267",67,13,18.239848463858
"1268",68,13,18.7726288757122
"1269",69,13,17.3133587056123
"1270",70,13,17.5376883003673
"1271",71,13,18.5330555479459
"1272",72,13,17.2484979960442
"1273",73,13,17.4354809686647
"1274",74,13,17.8430334764795
"1275",75,13,17.9132443914679
"1276",76,13,17.4717878807293
"1277",77,13,17.4511253442019
"1278",78,13,17.5780074142811
"1279",79,13,18.9232180530441
"1280",80,13,18.3624625721412
"1281",81,13,17.3598889259682
"1282",82,13,18.5159824875906
"1283",83,13,18.846331055103
"1284",84,13,18.3581791081147
"1285",85,13,17.9683181642727
"1286",86,13,19.1579738124868
"1287",87,13,17.7998368809178
"1288",88,13,17.3160899700418
"1289",89,13,18.9365400229827
"1290",90,13,18.7046672525916
"1291",91,13,19.6188681362779
"1292",92,13,17.7469639550862
"1293",93,13,18.956057531454
"1294",94,13,17.4520799769518
"1295",95,13,17.9496911899496
"1296",96,13,17.277885234705
"1297",97,13,19.7023360910685
"1298",98,13,20.17977751243
"1299",99,13,17.3013114104651
"1300",100,13,17.9790361113108
"1301",1,14,9.22351183742617
"1302",2,14,9.28407071930469
"1303",3,14,8.70010743531335
"1304",4,14,9.31711315913682
"1305",5,14,9.42246368158407
"1306",6,14,9.32763604391481
"1307",7,14,10.1941311471126
"1308",8,14,9.62371413251571
"1309",9,14,9.22765807952331
"1310",10,14,9.56680459920287
"1311",11,14,9.48126041476725
"1312",12,14,9.68352404733686
"1313",13,14,9.35813855296863
"1314",14,14,0
"1315",15,14,8.96545781670091
"1316",16,14,10.462092207341
"1317",17,14,9.12004349815957
"1318",18,14,9.67359019189977
"1319",19,14,9.63485728122714
"1320",20,14,10.1691813202909
"1321",21,14,9.29538434604753
"1322",22,14,9.66975269155255
"1323",23,14,9.38208995092794
"1324",24,14,8.7896187067479
"1325",25,14,9.61660890808747
"1326",26,14,9.52429480299556
"1327",27,14,10.0380915753577
"1328",28,14,10.3439487675211
"1329",29,14,9.68647474464186
"1330",30,14,9.33818149047477
"1331",31,14,9.05793426338133
"1332",32,14,9.43061272985235
"1333",33,14,9.12033937979178
"1334",34,14,9.5610036486934
"1335",35,14,9.56042943415317
"1336",36,14,9.68054305624728
"1337",37,14,9.30178969014447
"1338",38,14,9.83753640895704
"1339",39,14,9.5161863367721
"1340",40,14,9.31345252250255
"1341",41,14,10.4380521092593
"1342",42,14,9.27146340573942
"1343",43,14,9.5041856720006
"1344",44,14,9.47942875988652
"1345",45,14,9.66508437794233
"1346",46,14,9.29553742207506
"1347",47,14,9.95101251016047
"1348",48,14,10.5090392455559
"1349",49,14,9.37430379612528
"1350",50,14,9.60682401127686
"1351",51,14,17.4458771915221
"1352",52,14,17.6828198818817
"1353",53,14,17.9357802546836
"1354",54,14,19.3288406236936
"1355",55,14,17.9227745588006
"1356",56,14,17.9049536038002
"1357",57,14,17.0737209316029
"1358",58,14,17.4837088763617
"1359",59,14,16.9774196852438
"1360",60,14,17.4372741921549
"1361",61,14,17.9181091760909
"1362",62,14,18.7530368997988
"1363",63,14,18.7929540468781
"1364",64,14,19.0848105998295
"1365",65,14,20.2940680456501
"1366",66,14,18.2136154221603
"1367",67,14,17.7809485101235
"1368",68,14,18.4040847608244
"1369",69,14,16.8656688086446
"1370",70,14,17.093121203969
"1371",71,14,17.8883790199155
"1372",72,14,16.7623570740689
"1373",73,14,16.9450045364877
"1374",74,14,17.3312143774928
"1375",75,14,17.3576734122939
"1376",76,14,17.0966543490206
"1377",77,14,16.9102671528397
"1378",78,14,17.0953113380981
"1379",79,14,18.4322545541154
"1380",80,14,17.8140111123852
"1381",81,14,16.8628529718598
"1382",82,14,17.9186516836134
"1383",83,14,18.3050984940795
"1384",84,14,17.986131561665
"1385",85,14,17.2587763295877
"1386",86,14,18.6800685214241
"1387",87,14,17.0510658963872
"1388",88,14,16.8269197202254
"1389",89,14,18.3484729431282
"1390",90,14,18.2027305876676
"1391",91,14,19.0303799066803
"1392",92,14,17.1113139634197
"1393",93,14,18.4155192816595
"1394",94,14,16.9519396695284
"1395",95,14,17.4241259409754
"1396",96,14,16.9097845425974
"1397",97,14,18.9051986815287
"1398",98,14,19.6245848463894
"1399",99,14,16.8085067716358
"1400",100,14,17.5193149400101
"1401",1,15,9.28616019907963
"1402",2,15,9.0002251017416
"1403",3,15,8.84053091920059
"1404",4,15,9.59234814104976
"1405",5,15,9.38678450344672
"1406",6,15,9.2845769582811
"1407",7,15,9.75003171087348
"1408",8,15,8.91251792629007
"1409",9,15,9.07577061971136
"1410",10,15,9.43205499231439
"1411",11,15,9.56733480454813
"1412",12,15,9.75908126217425
"1413",13,15,9.00695229963707
"1414",14,15,8.96545781670091
"1415",15,15,0
"1416",16,15,10.5572746271017
