"","row","col","value"
"1",1,1,0
"2",2,1,9.09587464731768
"3",3,1,9.12113763238295
"4",4,1,9.63332247771005
"5",5,1,9.21194990061966
"6",6,1,9.39933270152345
"7",7,1,10.0806703294577
"8",8,1,9.68082162302247
"9",9,1,9.4076821521122
"10",10,1,9.4506045081141
"11",11,1,9.74543395054776
"12",12,1,9.48280871730029
"13",13,1,9.78616852782622
"14",14,1,9.22351183742617
"15",15,1,9.28616019907963
"16",16,1,10.6115119978398
"17",17,1,9.41638933178074
"18",18,1,9.66663997937713
"19",19,1,9.76894746074369
"20",20,1,10.1834741587052
"21",21,1,9.3902656434023
"22",22,1,9.73806537203248
"23",23,1,9.68463363831169
"24",24,1,8.82315620109746
"25",25,1,9.6147962463903
"26",26,1,9.65554348090111
"27",27,1,9.80245130953585
"28",28,1,10.2699762698469
"29",29,1,9.64145493573165
"30",30,1,9.49808297152935
"31",31,1,9.73929873018081
"32",32,1,9.52448433266624
"33",33,1,9.09299697820811
"34",34,1,9.0115165439611
"35",35,1,9.57132444083811
"36",36,1,9.84972732627743
"37",37,1,9.68665572810226
"38",38,1,9.53789604694265
"39",39,1,9.30657338216397
"40",40,1,9.60538773210833
"41",41,1,10.427148150497
"42",42,1,9.34399022696772
"43",43,1,9.09727436077652
"44",44,1,9.2712167724017
"45",45,1,9.34634640791009
"46",46,1,9.71692107537062
"47",47,1,9.53471915026826
"48",48,1,10.2793531154822
"49",49,1,9.19656641211126
"50",50,1,9.56171220681284
"51",51,1,16.9634764513796
"52",52,1,16.1676204672098
"53",53,1,16.7330937953293
"54",54,1,16.9137920271895
"55",55,1,17.7540231331797
"56",56,1,17.7653941537082
"57",57,1,17.1545580894652
"58",58,1,16.9378862183821
"59",59,1,17.5404020389953
"60",60,1,16.4961441264789
"61",61,1,17.6488656222184
"62",62,1,16.6153151669034
"63",63,1,17.0594236950381
"64",64,1,17.1477906594295
"65",65,1,17.7368855096088
"66",66,1,16.1369499987289
"67",67,1,18.070256352826
"68",68,1,16.1359698374213
"69",69,1,16.4676908662067
"70",70,1,19.279313746357
"71",71,1,18.4087164002444
"72",72,1,16.3619787929287
"73",73,1,16.9417343311105
"74",74,1,16.0784662531301
"75",75,1,18.0642424248343
"76",76,1,16.3804470502704
"77",77,1,18.1385136820971
"78",78,1,17.3425971314013
"79",79,1,17.0071311441059
"80",80,1,17.1242295993763
"81",81,1,16.2464973745205
"82",82,1,16.9739209370992
"83",83,1,17.1315557055689
"84",84,1,16.5260180718069
"85",85,1,17.0410582438234
"86",86,1,16.355507715189
"87",87,1,16.9426832071983
"88",88,1,16.704522895876
"89",89,1,16.3279697822866
"90",90,1,17.0870699535127
"91",91,1,16.5113179957072
"92",92,1,19.595865077248
"93",93,1,17.2165384290736
"94",94,1,16.2478500360122
"95",95,1,18.2399880656896
"96",96,1,16.6453460629383
"97",97,1,16.161814818296
"98",98,1,17.0855732956595
"99",99,1,16.8983259928412
"100",100,1,17.584973611474
"101",1,2,9.09587464731768
"102",2,2,0
"103",3,2,9.12320681220973
"104",4,2,9.11679712869866
"105",5,2,9.07699629456609
"106",6,2,9.6446187101784
"107",7,2,9.65724105541019
"108",8,2,9.26755172247722
"109",9,2,9.13479181067892
"110",10,2,9.30580634810433
"111",11,2,9.57421043314281
"112",12,2,9.75831619004189
"113",13,2,9.43728031108788
"114",14,2,9.28407071930469
"115",15,2,9.0002251017416
"116",16,2,10.201662487141
"117",17,2,9.27817370010981
"118",18,2,9.56190801678691
"119",19,2,9.62409033618328
"120",20,2,9.74086225547557
"121",21,2,9.23704660152168
"122",22,2,9.50719529382477
"123",23,2,9.25469060594378
"124",24,2,8.81536041841052
"125",25,2,9.04269043985246
"126",26,2,9.4791406821311
"127",27,2,9.44620534355095
"128",28,2,9.82676139839664
"129",29,2,9.15256320722792
"130",30,2,9.28218462770694
"131",31,2,9.52703684586138
"132",32,2,9.4409670422285
"133",33,2,9.38117186020852
"134",34,2,9.35975453342435
"135",35,2,9.23079044035356
"136",36,2,9.53389419583654
"137",37,2,9.52069216414914
"138",38,2,9.17084986564088
"139",39,2,9.28640891409128
"140",40,2,9.34910070257693
"141",41,2,10.0128227005378
"142",42,2,9.49226267248098
"143",43,2,9.35341138378235
"144",44,2,9.44720541068681
"145",45,2,9.35644707633286
"146",46,2,9.55092057118933
"147",47,2,9.448440216042
"148",48,2,9.84786089942627
"149",49,2,8.84228286799484
"150",50,2,9.14049027023611
"151",51,2,17.4138569461511
"152",52,2,16.3932412957186
"153",53,2,17.1131376584925
"154",54,2,17.136299505023
"155",55,2,17.8846601125373
"156",56,2,18.1641671026562
"157",57,2,17.5781014472153
"158",58,2,17.3910557314939
"159",59,2,17.7813700172764
"160",60,2,16.7577418696776
"161",61,2,17.9155479143352
"162",62,2,16.9938297158239
"163",63,2,17.4360828970035
"164",64,2,17.3981699124873
"165",65,2,18.0895983152162
"166",66,2,16.5241305860869
"167",67,2,18.415590853472
"168",68,2,16.3217118417677
"169",69,2,16.8769561872727
"170",70,2,19.6439824086766
"171",71,2,18.7390318783236
"172",72,2,16.8887437059724
"173",73,2,17.2914162392774
"174",74,2,16.6327264435964
"175",75,2,18.4366270066428
"176",76,2,16.7528610189807
"177",77,2,18.4130058223548
"178",78,2,17.5576642601648
"179",79,2,17.4406111491993
"180",80,2,17.2206439879526
"181",81,2,16.5239629111984
"182",82,2,17.3619813863539
"183",83,2,17.3730229640624
"184",84,2,16.7505944255235
"185",85,2,17.482652646173
"186",86,2,16.6444192035239
"187",87,2,17.259404744217
"188",88,2,17.042394784239
"189",89,2,16.7155948809779
"190",90,2,17.3068287525702
"191",91,2,16.7246099440259
"192",92,2,19.9323414555785
"193",93,2,17.478103974635
"194",94,2,16.5891336728115
"195",95,2,18.5564444915637
"196",96,2,17.0290998942091
"197",97,2,16.4351390010612
"198",98,2,17.2962120733688
"199",99,2,17.1255099216396
"200",100,2,17.7881466388851
"201",1,3,9.12113763238295
"202",2,3,9.12320681220973
"203",3,3,0
"204",4,3,9.5959661422437
"205",5,3,9.14907767800577
"206",6,3,9.15122625766857
"207",7,3,9.9285051505838
"208",8,3,9.5939111383072
"209",9,3,8.69433863113158
"210",10,3,9.26478308135031
"211",11,3,9.3328704421725
"212",12,3,9.4862406177023
"213",13,3,9.01345400114047
"214",14,3,8.70010743531335
"215",15,3,8.84053091920059
"216",16,3,10.569528620692
"217",17,3,9.18736467102232
"218",18,3,9.79795333305311
"219",19,3,9.66899543402079
"220",20,3,9.77721746873983
"221",21,3,9.15950686990378
"222",22,3,9.58401103440365
"223",23,3,9.38395272406273
"224",24,3,8.86565498733638
"225",25,3,9.26968915120871
"226",26,3,9.32281031001836
"227",27,3,10.087116802428
"228",28,3,10.1338692446235
"229",29,3,9.62185689275539
"230",30,3,8.91903586966546
"231",31,3,9.16691249132301
"232",32,3,9.26966309892352
"233",33,3,9.07571284303497
"234",34,3,9.08331447244587
"235",35,3,9.62231331834908
"236",36,3,9.66320246525659
"237",37,3,9.22640264863664
"238",38,3,9.32465623859739
"239",39,3,9.10735402842706
"240",40,3,9.36292766638931
"241",41,3,10.3782581167418
"242",42,3,9.33047774929755
"243",43,3,9.31413370145798
"244",44,3,9.16224012033996
"245",45,3,9.2647468985307
"246",46,3,9.39977385179979
"247",47,3,9.44512754579323
"248",48,3,10.1875056626955
"249",49,3,9.38960207758662
"250",50,3,9.29311756446664
"251",51,3,16.994063339203
"252",52,3,15.8626217537026
"253",53,3,16.6905444285881
"254",54,3,16.6003065493811
"255",55,3,17.6546332031548
"256",56,3,17.4885831368059
"257",57,3,17.1609914528884
"258",58,3,16.8911991109903
"259",59,3,17.5609005381835
"260",60,3,16.4434915026576
"261",61,3,17.5728628869432
"262",62,3,16.4098864091355
"263",63,3,16.8014887532636
"264",64,3,16.8911413006697
"265",65,3,17.5319664121964
"266",66,3,15.9664438321426
"267",67,3,18.1179210734659
"268",68,3,15.9452971862732
"269",69,3,16.2845059313122
"270",70,3,19.1640145813254
"271",71,3,18.1358560829117
"272",72,3,16.5183279194453
"273",73,3,16.8208042823237
"274",74,3,16.024977428574
"275",75,3,18.0524787721104
"276",76,3,16.1887201962403
"277",77,3,17.8885647430219
"278",78,3,17.3428175557258
"279",79,3,17.0098325932395
"280",80,3,16.7215248525076
"281",81,3,16.0269770594449
"282",82,3,17.0334584704486
"283",83,3,17.0359614928489
"284",84,3,16.2713520113917
"285",85,3,16.786104676855
"286",86,3,16.1158466062936
"287",87,3,16.6991121275513
"288",88,3,16.5933528449111
"289",89,3,16.1655472228073
"290",90,3,16.9272181389002
"291",91,3,16.3798047590202
"292",92,3,19.5906213473033
"293",93,3,16.9222135623821
"294",94,3,16.0089581960515
"295",95,3,18.0857132501808
"296",96,3,16.5418568777769
"297",97,3,16.0313597504313
"298",98,3,16.8769631787179
"299",99,3,16.687377766113
"300",100,3,17.2744933079671
"301",1,4,9.63332247771005
"302",2,4,9.11679712869866
"303",3,4,9.5959661422437
"304",4,4,0
"305",5,4,9.96266460254686
"306",6,4,9.50877649088587
"307",7,4,10.3656890093862
"308",8,4,10.0568553433703
"309",9,4,9.74105338142299
"310",10,4,10.3578791942006
"311",11,4,9.9540105367042
"312",12,4,10.5826312127976
"313",13,4,9.63053959845865
"314",14,4,9.31711315913682
"315",15,4,9.59234814104976
"316",16,4,11.2662315598095
"317",17,4,9.8055315050313
"318",18,4,10.4705921100098
"319",19,4,10.593100923727
"320",20,4,10.7870835960375
"321",21,4,9.18876054409135
"322",22,4,10.3228657374976
"323",23,4,9.87176486474926
"324",24,4,9.36101731682875
"325",25,4,10.4688054432947
"326",26,4,10.2421290850739
"327",27,4,10.5703766691657
"328",28,4,10.7989417778209
"329",29,4,10.2692130060879
"330",30,4,9.53758536195467
"331",31,4,9.70671135344677
"332",32,4,9.68868747971078
"333",33,4,9.60916592116295
"334",34,4,9.89162101667201
"335",35,4,9.93944300018208
"336",36,4,10.2705317259921
"337",37,4,9.83729001535747
"338",38,4,9.89369390261194
"339",39,4,9.70376807688447
"340",40,4,9.25428982396807
"341",41,4,11.0511065356573
"342",42,4,10.03043618493
"343",43,4,9.52443052622025
"344",44,4,9.70764215005468
"345",45,4,10.1564791307881
"346",46,4,10.2204824375982
"347",47,4,10.340232399379
"348",48,4,11.0364870126015
"349",49,4,10.1634519637275
"350",50,4,9.96889114968718
"351",51,4,17.9514273247791
"352",52,4,16.868441668065
"353",53,4,17.7394108316012
"354",54,4,17.8917588134
"355",55,4,18.4936741336979
"356",56,4,18.7516761077369
"357",57,4,18.3311967566329
"358",58,4,17.8391922234289
"359",59,4,18.514456107413
"360",60,4,17.1164755455429
"361",61,4,18.6523686791187
"362",62,4,17.4447719921895
"363",63,4,17.6609157408022
"364",64,4,17.9562050028882
"365",65,4,18.8181501491432
"366",66,4,17.0122637916508
"367",67,4,18.9871214892633
"368",68,4,16.762583529456
"369",69,4,17.1752140230919
"370",70,4,20.1372731695843
"371",71,4,19.2905598742147
"372",72,4,17.600529573438
"373",73,4,17.6539719827207
"374",74,4,17.0161215256492
"375",75,4,19.1562227835673
"376",76,4,17.1787828868438
"377",77,4,18.9261785582613
"378",78,4,18.2034823811384
"379",79,4,17.9519997371228
"380",80,4,17.7948671148516
"381",81,4,17.0381784425852
"382",82,4,18.0000929686279
"383",83,4,17.812031892042
"384",84,4,17.2433344840713
"385",85,4,18.0597877123321
"386",86,4,17.1564431166233
"387",87,4,17.8821422908464
"388",88,4,17.5207073187065
"389",89,4,17.135408251952
"390",90,4,17.6901662129345
"391",91,4,17.2204669080603
"392",92,4,20.5271661440735
"393",93,4,18.0340997226736
"394",94,4,17.0607909257663
"395",95,4,18.9816020690793
"396",96,4,17.5439784395125
"397",97,4,16.8413414208857
"398",98,4,17.8093298779579
"399",99,4,17.5855047705289
"400",100,4,18.3673794459747
"401",1,5,9.21194990061966
"402",2,5,9.07699629456609
"403",3,5,9.14907767800577
"404",4,5,9.96266460254686
"405",5,5,0
"406",6,5,9.55297813905094
"407",7,5,9.87332812198509
"408",8,5,9.63867952181087
"409",9,5,8.94542769020094
"410",10,5,9.16945024420541
"411",11,5,9.33116768533003
"412",12,5,9.35741528891516
"413",13,5,9.74696410670177
"414",14,5,9.42246368158407
"415",15,5,9.38678450344672
"416",16,5,9.96395778198521
"417",17,5,9.40923150068959
"418",18,5,9.44232500418165
"419",19,5,9.76870006894018
"420",20,5,9.7270613913556
"421",21,5,9.47479760343642
"422",22,5,9.66012006927234
"423",23,5,9.02680125821778
"424",24,5,8.62379901285619
"425",25,5,8.98741970615968
"426",26,5,9.57334565116537
"427",27,5,9.34126003211827
"428",28,5,10.0363147116263
"429",29,5,9.52523517283522
"430",30,5,9.47737200640392
"431",31,5,9.88707596424311
"432",32,5,9.43302758813907
"433",33,5,9.52530095216446
"434",34,5,9.12338455059697
"435",35,5,9.44546995873112
"436",36,5,9.71292582374287
"437",37,5,9.44774028621836
"438",38,5,9.34513414218329
"439",39,5,9.12345392647158
"440",40,5,9.3270486169237
"441",41,5,9.91505359453867
"442",42,5,9.38598969659758
"443",43,5,9.22556839966196
"444",44,5,9.30948682453214
"445",45,5,9.14211843425442
"446",46,5,9.19980272215119
"447",47,5,9.39974718738428
"448",48,5,9.74176635908788
"449",49,5,8.8363769645085
"450",50,5,9.25546622804905
"451",51,5,17.6428663661473
"452",52,5,16.5858469349707
"453",53,5,17.4506161781965
"454",54,5,17.2691436592722
"455",55,5,18.0266180774918
"456",56,5,18.2893491884275
"457",57,5,17.7355315342384
"458",58,5,17.5884683997581
"459",59,5,18.0851412735207
"460",60,5,17.0882012702487
"461",61,5,18.0938914170026
"462",62,5,17.1381909849767
"463",63,5,17.534224258214
"464",64,5,17.6545931334742
"465",65,5,18.2865196654339
"466",66,5,16.7647111058042
"467",67,5,18.5100642975212
"468",68,5,16.5797332161675
"469",69,5,17.0490525188955
"470",70,5,19.6839523979903
"471",71,5,18.9653742099196
"472",72,5,17.1206223482679
"473",73,5,17.4567352652873
"474",74,5,16.6694914262955
"475",75,5,18.5024045658131
"476",76,5,16.9796956083836
"477",77,5,18.5791286341482
"478",78,5,18.0437804211847
"479",79,5,17.702486235011
"480",80,5,17.4678223858262
"481",81,5,16.8186509921786
"482",82,5,17.6888246718039
"483",83,5,17.772108446621
"484",84,5,17.0259648894632
"485",85,5,17.672199988767
"486",86,5,16.9590358358712
"487",87,5,17.5245042273927
"488",88,5,17.3357192289439
"489",89,5,17.093271493729
"490",90,5,17.7579253816423
"491",91,5,17.1819389297076
"492",92,5,20.1727511407868
"493",93,5,17.6553166318344
"494",94,5,16.89093264415
"495",95,5,18.5496329883379
"496",96,5,17.2025396308399
"497",97,5,16.6929653358934
"498",98,5,17.8550567413566
"499",99,5,17.3018794580831
"500",100,5,17.9237386754289
"501",1,6,9.39933270152345
"502",2,6,9.6446187101784
"503",3,6,9.15122625766857
"504",4,6,9.50877649088587
"505",5,6,9.55297813905094
"506",6,6,0
"507",7,6,10.1138269041949
"508",8,6,9.9016865243112
"509",9,6,9.84269644780719
"510",10,6,9.93525486951991
"511",11,6,9.72567439567032
"512",12,6,10.1090062422793
"513",13,6,9.47610844413849
"514",14,6,9.32763604391481
"515",15,6,9.2845769582811
"516",16,6,11.3730306231083
"517",17,6,9.49953060465055
"518",18,6,10.30918535705
"519",19,6,10.2210549948888
"520",20,6,10.5069699256159
"521",21,6,9.36105316261231
"522",22,6,9.83199415765261
"523",23,6,9.9564695399542
"524",24,6,8.98584005921904
"525",25,6,10.340907859251
"526",26,6,10.0902292840905
"527",27,6,10.4778923296088
"528",28,6,10.6540838926614
"529",29,6,10.1652614503037
"530",30,6,9.52987762417076
"531",31,6,9.18640673310768
"532",32,6,9.68296221448026
"533",33,6,9.53373246867798
"534",34,6,9.34645662184198
"535",35,6,9.9698555538837
"536",36,6,10.0353545966899
"537",37,6,9.86830529495732
"538",38,6,9.82588621362476
"539",39,6,9.71615770576043
"540",40,6,9.54519085991591
"541",41,6,10.7367343243936
"542",42,6,9.62876517323497
"543",43,6,9.5179672858906
"544",44,6,9.6200543011937
"545",45,6,9.88006321170781
"546",46,6,9.88780152935034
"547",47,6,9.77875881558649
"548",48,6,10.5787185016612
"549",49,6,9.78669440371798
"550",50,6,10.0963615207311
"551",51,6,17.0360856948648
"552",52,6,16.0424327213855
"553",53,6,16.879029265184
"554",54,6,16.88844106261
"555",55,6,17.979695030023
"556",56,6,17.9423970862462
"557",57,6,17.386635675867
"558",58,6,17.168779578196
"559",59,6,17.7907397325713
"560",60,6,16.4981729182692
"561",61,6,17.7423393313867
"562",62,6,16.5778313921911
"563",63,6,16.952147362537
"564",64,6,17.1610177060075
"565",65,6,17.8813750902337
"566",66,6,16.2374570864201
"567",67,6,18.3820727927963
"568",68,6,16.0578021497382
"569",69,6,16.4373967913514
"570",70,6,19.2408941083516
"571",71,6,18.3213537796151
"572",72,6,16.6455903197268
"573",73,6,16.9812178542182
"574",74,6,16.2466513243127
"575",75,6,18.4723279237055
"576",76,6,16.3733812914959
"577",77,6,18.1060620702832
"578",78,6,17.6530830633708
"579",79,6,17.208173423287
"580",80,6,17.0732742644505
"581",81,6,16.3245307090361
"582",82,6,17.0035097134039
"583",83,6,17.0404721600882
"584",84,6,16.4756426409845
"585",85,6,17.0874510075519
"586",86,6,16.5851672651529
"587",87,6,17.1516534937836
"588",88,6,16.6830051853612
"589",89,6,16.2139381103808
"590",90,6,16.9704712364945
"591",91,6,16.5956668130233
"592",92,6,19.7400742581205
"593",93,6,17.165675169914
"594",94,6,16.1438427039878
"595",95,6,18.0563025093786
"596",96,6,16.7468317150606
"597",97,6,16.0430137888473
"598",98,6,17.214259877087
"599",99,6,16.9721922459364
"600",100,6,17.5809376190534
"601",1,7,10.0806703294577
"602",2,7,9.65724105541019
"603",3,7,9.9285051505838
"604",4,7,10.3656890093862
"605",5,7,9.87332812198509
"606",6,7,10.1138269041949
"607",7,7,0
"608",8,7,10.2700099001843
"609",9,7,10.3029449397914
"610",10,7,10.2596773002722
"611",11,7,10.0554777989351
"612",12,7,10.1210854598291
"613",13,7,10.0271102403347
"614",14,7,10.1941311471126
"615",15,7,9.75003171087348
"616",16,7,11.5342762873673
"617",17,7,9.96730592553571
"618",18,7,10.5678679743518
"619",19,7,10.6419941633556
"620",20,7,10.7470344812929
"621",21,7,10.3331714704008
"622",22,7,10.0823313917459
"623",23,7,10.1123200820475
"624",24,7,9.62679398566912
"625",25,7,10.3125889677681
"626",26,7,10.1330026988247
"627",27,7,10.5073244570607
"628",28,7,10.7802131139082
"629",29,7,10.2645662926696
"630",30,7,9.94015293815962
"631",31,7,10.2746583889743
"632",32,7,10.1998658611436
"633",33,7,9.83215442488756
"634",34,7,10.4820324354111
"635",35,7,10.3937943139893
"636",36,7,10.1681241447044
"637",37,7,10.3565116668908
"638",38,7,9.87401006685174
"639",39,7,10.3264160613244
"640",40,7,10.18734070515
"641",41,7,11.1136571635425
"642",42,7,10.4336253586372
"643",43,7,10.1310883121843
"644",44,7,10.2717727321249
"645",45,7,10.2358115897705
"646",46,7,10.3772063684057
"647",47,7,10.4559891965055
"648",48,7,10.8963534197963
"649",49,7,9.96786591497342
"650",50,7,10.3069591858178
"651",51,7,18.6189594248913
"652",52,7,17.6293898190307
"653",53,7,18.1925231648066
"654",54,7,18.3602427000924
"655",55,7,19.2232155872553
"656",56,7,19.2872603780969
"657",57,7,18.732590387925
"658",58,7,18.417971490117
"659",59,7,19.0901841359431
"660",60,7,17.8811921004899
"661",61,7,19.1948361915486
"662",62,7,17.987577364526
"663",63,7,18.4168528575158
"664",64,7,18.5211600508297
"665",65,7,19.2436147727179
"666",66,7,17.5944557796034
"667",67,7,19.5201658396971
"668",68,7,17.3438699054188
"669",69,7,18.1610199319565
"670",70,7,20.8286063485584
"671",71,7,19.7132223474473
"672",72,7,18.0380508547667
"673",73,7,18.3337801401206
"674",74,7,17.8157149920682
"675",75,7,19.6758085944043
"676",76,7,17.7658996152505
"677",77,7,19.5090624602135
"678",78,7,18.9030416835443
"679",79,7,18.4045303857395
"680",80,7,18.3184984364258
"681",81,7,17.7530122711945
"682",82,7,18.5590624929967
"683",83,7,18.5892324649605
"684",84,7,17.8026773347452
"685",85,7,18.6161056016246
"686",86,7,17.8717378341065
"687",87,7,18.3238408424947
"688",88,7,18.1393717725163
"689",89,7,17.8461756391495
"690",90,7,18.3131817305499
"691",91,7,17.9721241143286
"692",92,7,21.0795532806003
"693",93,7,18.4809362885336
"694",94,7,17.6767354982241
"695",95,7,19.5185180659458
"696",96,7,18.2911773039347
"697",97,7,17.6055016497005
"698",98,7,18.5759141050703
"699",99,7,18.3850065575471
"700",100,7,19.033053534529
"701",1,8,9.68082162302247
"702",2,8,9.26755172247722
"703",3,8,9.5939111383072
"704",4,8,10.0568553433703
"705",5,8,9.63867952181087
"706",6,8,9.9016865243112
"707",7,8,10.2700099001843
"708",8,8,0
"709",9,8,9.26721435008133
"710",10,8,9.73748714580026
"711",11,8,9.32720625770127
"712",12,8,9.68547420657143
"713",13,8,9.39790344971733
"714",14,8,9.62371413251571
"715",15,8,8.91251792629007
"716",16,8,10.4204079661155
"717",17,8,9.91256330744035
"718",18,8,10.0387284255634
"719",19,8,9.99061475991751
"720",20,8,10.3547949602535
"721",21,8,9.36756211061542
"722",22,8,9.66602554533924
"723",23,8,9.24153931874925
"724",24,8,9.07220699235808
"725",25,8,9.95289179985324
"726",26,8,9.85836835754571
"727",27,8,9.99286708697759
"728",28,8,10.3025493442906
"729",29,8,9.80220811642262
"730",30,8,9.34425514720264
"731",31,8,9.52469921233543
"732",32,8,9.73349004810688
"733",33,8,9.42794188756893
"734",34,8,9.5070689295883
"735",35,8,9.67372535494493
"736",36,8,9.75227439113677
"737",37,8,9.82510491546145
"738",38,8,9.75837061628865
"739",39,8,9.60943645861765
"740",40,8,9.57898573368497
"741",41,8,10.5513608363442
"742",42,8,9.81656061463946
"743",43,8,9.56538455998085
"744",44,8,9.84053548719065
"745",45,8,9.55680532255875
"746",46,8,9.93832751025412
"747",47,8,9.59665796688295
"748",48,8,10.3004497858893
"749",49,8,9.31389178005721
"750",50,8,9.72456125670544
"751",51,8,17.4366751664622
"752",52,8,16.3572052723594
"753",53,8,16.8507768115223
"754",54,8,17.2969566429951
"755",55,8,17.9365736028505
"756",56,8,17.8818230070169
"757",57,8,17.4616844941704
"758",58,8,17.2355222496935
"759",59,8,17.8444630519969
"760",60,8,16.6472131896812
"761",61,8,18.0501714948988
"762",62,8,16.7435827650361
"763",63,8,17.2502275476347
"764",64,8,17.3266616015887
"765",65,8,17.9895618379678
"766",66,8,16.4871337231689
"767",67,8,18.0471927610556
"768",68,8,16.2490569882899
"769",69,8,16.6721146282234
"770",70,8,19.4794087293421
"771",71,8,18.5496487441743
"772",72,8,16.9330915871813
"773",73,8,17.0458009480637
"774",74,8,16.4567761331871
"775",75,8,18.340477588012
"776",76,8,16.6543860373203
"777",77,8,18.3306319468714
"778",78,8,17.5269763178145
"779",79,8,17.5074592094306
"780",80,8,17.2122309562317
"781",81,8,16.4424424928973
"782",82,8,17.3494195601369
"783",83,8,17.4221505866052
"784",84,8,16.6402563551444
"785",85,8,17.4053011174746
"786",86,8,16.6201918197256
"787",87,8,17.2331816452364
"788",88,8,16.9381536105227
"789",89,8,16.5855144564115
"790",90,8,16.9926549388367
"791",91,8,16.7686712335295
"792",92,8,19.8557758843545
"793",93,8,17.0864419634281
"794",94,8,16.3554317750332
"795",95,8,18.2504336415846
"796",96,8,16.9883154506305
"797",97,8,16.2258924320244
"798",98,8,17.276565123376
"799",99,8,16.9059369331648
"800",100,8,17.6606110219607
"801",1,9,9.4076821521122
"802",2,9,9.13479181067892
"803",3,9,8.69433863113158
"804",4,9,9.74105338142299
"805",5,9,8.94542769020094
"806",6,9,9.84269644780719
"807",7,9,10.3029449397914
"808",8,9,9.26721435008133
"809",9,9,0
"810",10,9,9.39717809967573
"811",11,9,9.77686354563969
"812",12,9,9.30020388523088
"813",13,9,9.88784557131891
"814",14,9,9.22765807952331
"815",15,9,9.07577061971136
"816",16,9,10.0077060707882
"817",17,9,9.37845031022824
"818",18,9,9.49504350339489
"819",19,9,9.53618865447999
"820",20,9,9.76619947780741
"821",21,9,9.64177607367851
"822",22,9,9.86335112837451
"823",23,9,9.08694048293863
"824",24,9,8.61841655955318
"825",25,9,9.22013592835353
"826",26,9,9.49303396898249
"827",27,9,9.44056524656872
"828",28,9,9.74333056055658
"829",29,9,9.63151344483362
"830",30,9,8.9369332852926
"831",31,9,9.19979214646932
"832",32,9,9.43124500039153
"833",33,9,9.06709408983818
"834",34,9,9.25751510310571
"835",35,9,9.13967730792267
"836",36,9,9.95603866235045
"837",37,9,9.62447004682162
"838",38,9,10.0765179125793
"839",39,9,9.01589859917061
"840",40,9,9.10962606871864
"841",41,9,10.1543014729675
"842",42,9,9.52761841288587
"843",43,9,9.22473602250602
"844",44,9,9.25399317106008
"845",45,9,8.95292470660944
"846",46,9,9.03174598211158
"847",47,9,9.70730747248865
"848",48,9,9.78318538904018
"849",49,9,9.12185891676409
"850",50,9,9.29077222823636
"851",51,9,17.4669065502527
"852",52,9,16.3849125927625
"853",53,9,17.0166840664376
"854",54,9,17.2626351358566
"855",55,9,17.9031968752814
"856",56,9,18.0146023821584
"857",57,9,17.7373565640625
"858",58,9,17.2479210461773
"859",59,9,17.9088639513961
"860",60,9,16.8135170970472
"861",61,9,18.11119251107
"862",62,9,16.8457522644832
"863",63,9,17.3023364493143
"864",64,9,17.5307344977656
"865",65,9,18.2232006628136
"866",66,9,16.596274651722
"867",67,9,18.2727964336248
"868",68,9,16.3114748169466
"869",69,9,16.7511734972614
"870",70,9,19.7666023890779
"871",71,9,18.5766373043846
"872",72,9,17.0497944500301
"873",73,9,17.1861776080363
"874",74,9,16.631089123174
"875",75,9,18.445184325599
"876",76,9,16.6267251816447
"877",77,9,18.4093879968185
"878",78,9,17.5863807880034
"879",79,9,17.6149459417825
"880",80,9,17.2872848326578
"881",81,9,16.4729437721552
"882",82,9,17.5376812517772
"883",83,9,17.4893172714347
"884",84,9,16.7769866738225
"885",85,9,17.45140306694
"886",86,9,16.6495260902069
"887",87,9,17.2556435171489
"888",88,9,17.0880205011053
"889",89,9,16.8071979977217
"890",90,9,17.2703333710366
"891",91,9,16.8843415843373
"892",92,9,20.064691915962
"893",93,9,17.1471176304713
"894",94,9,16.7010335597199
"895",95,9,18.5563112233768
"896",96,9,17.0754615663069
"897",97,9,16.5755566736158
"898",98,9,17.3396019166312
"899",99,9,17.0750186327609
"900",100,9,17.9095042529932
"901",1,10,9.4506045081141
"902",2,10,9.30580634810433
"903",3,10,9.26478308135031
"904",4,10,10.3578791942006
"905",5,10,9.16945024420541
"906",6,10,9.93525486951991
"907",7,10,10.2596773002722
"908",8,10,9.73748714580026
"909",9,10,9.39717809967573
"910",10,10,0
"911",11,10,9.90677137833943
"912",12,10,9.57168872288708
"913",13,10,9.64659893551386
"914",14,10,9.56680459920287
"915",15,10,9.43205499231439
"916",16,10,10.0391793242934
"917",17,10,9.72678958515142
"918",18,10,9.72357024829782
"919",19,10,9.6302273282159
"920",20,10,9.50314947383971
"921",21,10,10.0219345725612
"922",22,10,9.96232783366592
"923",23,10,9.26937278667162
"924",24,10,9.13098800040003
"925",25,10,9.43507549026455
"926",26,10,9.31179551593772
"927",27,10,9.34308784751075
"928",28,10,10.0245625510638
"929",29,10,9.35775680737682
"930",30,10,9.56112258757744
"931",31,10,9.45591136114028
"932",32,10,10.063462470887
"933",33,10,9.68641708876996
"934",34,10,9.42526940864407
"935",35,10,9.6606466386573
"936",36,10,10.019218279725
"937",37,10,10.031933992794
"938",38,10,9.42551170526747
"939",39,10,9.27567145408365
"940",40,10,9.72301689856944
"941",41,10,9.6742607739662
"942",42,10,9.65531183897724
"943",43,10,9.76770609817182
"944",44,10,9.94593182548141
"945",45,10,9.15055644793125
"946",46,10,9.41235642432859
"947",47,10,9.4701570076501
"948",48,10,9.73729197435141
"949",49,10,8.78257642950076
"950",50,10,9.5726514050056
"951",51,10,17.4443307491214
"952",52,10,16.5418089425621
"953",53,10,17.2699703013415
"954",54,10,17.140635175351
"955",55,10,17.7346027006157
"956",56,10,18.1053225002311
"957",57,10,17.4966673312524
"958",58,10,17.3745148916095
"959",59,10,17.833090936443
"960",60,10,17.0101638426778
"961",61,10,17.9449799058474
"962",62,10,16.9577833092596
"963",63,10,17.3687855534739
"964",64,10,17.443890323341
"965",65,10,18.0792802095164
"966",66,10,16.474821126842
"967",67,10,18.3482742150717
"968",68,10,16.3867114328994
"969",69,10,16.8523123710605
"970",70,10,19.4715930674701
"971",71,10,18.7501046008741
"972",72,10,16.8118103931957
"973",73,10,17.345764908464
"974",74,10,16.5562378819462
"975",75,10,18.1037911972373
"976",76,10,16.6073581118321
"977",77,10,18.2999739771177
"978",78,10,17.595488894713
"979",79,10,17.4437469882042
"980",80,10,17.3026362370018
"981",81,10,16.6965859968982
"982",82,10,17.4137431907714
"983",83,10,17.5956332834523
"984",84,10,16.7097152299868
"985",85,10,17.5652653983853
"986",86,10,16.514887869491
"987",87,10,17.3036300400434
"988",88,10,17.036752279262
"989",89,10,16.8522820897787
"990",90,10,17.4341855406836
"991",91,10,16.9896717015402
"992",92,10,19.9266033101125
"993",93,10,17.4650365238537
"994",94,10,16.6412144483303
"995",95,10,18.5005512785369
"996",96,10,17.0061462457908
"997",97,10,16.4425941203678
"998",98,10,17.5258200231826
"999",99,10,17.2873556973048
"1000",100,10,17.6705549842106
"1001",1,11,9.74543395054776
"1002",2,11,9.57421043314281
"1003",3,11,9.3328704421725
"1004",4,11,9.9540105367042
"1005",5,11,9.33116768533003
"1006",6,11,9.72567439567032
"1007",7,11,10.0554777989351
"1008",8,11,9.32720625770127
"1009",9,11,9.77686354563969
"1010",10,11,9.90677137833943
"1011",11,11,0
"1012",12,11,9.8111102154678
"1013",13,11,9.79518901816043
"1014",14,11,9.48126041476725
"1015",15,11,9.56733480454813
"1016",16,11,10.826515572122
"1017",17,11,9.6842575231668
"1018",18,11,10.0472033227367
"1019",19,11,9.98025612388848
"1020",20,11,9.99761825690132
"1021",21,11,9.67589448197234
"1022",22,11,9.67990619504092
"1023",23,11,9.5093409013155
"1024",24,11,9.18338513069598
"1025",25,11,10.2117703451439
"1026",26,11,9.85450600639594
"1027",27,11,10.3419947663979
"1028",28,11,10.5515083868062
"1029",29,11,9.88295432676852
"1030",30,11,9.67385858551957
"1031",31,11,9.68530651818941
"1032",32,11,10.0085872518787
"1033",33,11,9.74610140709263
"1034",34,11,9.64934384750269
"1035",35,11,9.92816684063064
"1036",36,11,10.3761626993528
"1037",37,11,9.79625555576103
"1038",38,11,9.73032519509253
"1039",39,11,9.74298550377462
"1040",40,11,9.65120584763103
"1041",41,11,10.6022064369903
"1042",42,11,10.0574629819898
"1043",43,11,9.91070914050932
"1044",44,11,9.54910640210644
"1045",45,11,9.72368434865649
"1046",46,11,10.028534174007
"1047",47,11,9.95468436357451
"1048",48,11,10.2069203054751
"1049",49,11,9.72575895885831
"1050",50,11,9.51756022103258
"1051",51,11,17.9789330201319
"1052",52,11,16.9228372947042
"1053",53,11,17.6268503511738
"1054",54,11,17.763353054107
"1055",55,11,18.5790728751051
"1056",56,11,18.5966752119887
"1057",57,11,18.1426528897972
"1058",58,11,17.8372234045509
"1059",59,11,18.5627166640129
"1060",60,11,17.2981680109129
"1061",61,11,18.5819328633447
"1062",62,11,17.481974917819
"1063",63,11,17.8314908539042
"1064",64,11,17.7843725022037
"1065",65,11,18.4891705450832
"1066",66,11,16.9513101586985
"1067",67,11,18.8060715675012
"1068",68,11,16.8406927409102
"1069",69,11,17.3227070479257
"1070",70,11,20.0866413437358
"1071",71,11,19.1979042086376
"1072",72,11,17.2691597979347
"1073",73,11,17.8292757321717
"1074",74,11,17.0860028286535
"1075",75,11,18.9883650497417
"1076",76,11,16.9979344751228
"1077",77,11,18.8738912510013
"1078",78,11,17.931565708843
"1079",79,11,18.1704501638648
"1080",80,11,17.7560575018163
"1081",81,11,17.1444891037109
"1082",82,11,17.9778619521301
"1083",83,11,17.9618392231438
"1084",84,11,17.177287946181
"1085",85,11,18.0329888609299
"1086",86,11,17.188727859504
"1087",87,11,17.6639491092807
"1088",88,11,17.4689453224612
"1089",89,11,17.2140146948814
"1090",90,11,17.7784110971142
"1091",91,11,17.402825614171
"1092",92,11,20.3843345866395
"1093",93,11,17.8036403449238
"1094",94,11,17.0292019138339
"1095",95,11,18.8178122219836
"1096",96,11,17.6074742006761
"1097",97,11,16.8763757123262
"1098",98,11,17.9796386246695
"1099",99,11,17.6383562286782
"1100",100,11,18.2805119216692
"1101",1,12,9.48280871730029
"1102",2,12,9.75831619004189
"1103",3,12,9.4862406177023
"1104",4,12,10.5826312127976
"1105",5,12,9.35741528891516
"1106",6,12,10.1090062422793
"1107",7,12,10.1210854598291
"1108",8,12,9.68547420657143
"1109",9,12,9.30020388523088
"1110",10,12,9.57168872288708
"1111",11,12,9.8111102154678
"1112",12,12,0
"1113",13,12,10.3086263097947
"1114",14,12,9.68352404733686
"1115",15,12,9.75908126217425
"1116",16,12,10.3080632495315
"1117",17,12,9.74441320752594
"1118",18,12,9.75904290178766
"1119",19,12,9.94431983072968
"1120",20,12,10.0588364358925
"1121",21,12,9.89682282611712
"1122",22,12,9.99858695350989
"1123",23,12,9.59928050894236
"1124",24,12,9.25952577993875
"1125",25,12,9.65924950124404
"1126",26,12,9.55740806277118
"1127",27,12,9.46114809393087
"1128",28,12,10.1123074809404
"1129",29,12,9.84765546295649
"1130",30,12,9.92224372383371
"1131",31,12,9.61853918393752
"1132",32,12,9.99856692368117
"1133",33,12,9.76906012489798
"1134",34,12,9.47129988852909
"1135",35,12,9.61131469983473
"1136",36,12,10.2706513631355
"1137",37,12,10.3113593793262
"1138",38,12,9.94423637602227
"1139",39,12,9.4148387828441
"1140",40,12,9.89102068862701
"1141",41,12,10.3195763064529
"1142",42,12,9.94355324646486
"1143",43,12,9.88566371446453
"1144",44,12,9.79022364369897
"1145",45,12,9.66172697379711
"1146",46,12,9.53204630069552
"1147",47,12,9.70963658194416
"1148",48,12,10.1684161857897
"1149",49,12,9.43764278274687
"1150",50,12,9.55825069719274
"1151",51,12,17.7228601744684
"1152",52,12,16.8351452395603
"1153",53,12,17.3913288555938
"1154",54,12,17.585055618435
"1155",55,12,18.0839360250661
"1156",56,12,18.1177160331769
"1157",57,12,17.9264157768114
"1158",58,12,17.8135223682946
"1159",59,12,18.0754268111922
"1160",60,12,17.2010314109294
"1161",61,12,18.327267267808
"1162",62,12,17.2119929172622
"1163",63,12,17.5820511660156
"1164",64,12,17.7715934233467
"1165",65,12,18.2429096008573
"1166",66,12,16.7249976418737
"1167",67,12,18.5591268590837
"1168",68,12,16.71919241728
"1169",69,12,17.175654575548
"1170",70,12,19.9188145918327
"1171",71,12,18.8745906854422
"1172",72,12,17.1507159629856
"1173",73,12,17.5630166055376
"1174",74,12,16.7183730627856
"1175",75,12,18.6100996217756
"1176",76,12,16.7872781364293
"1177",77,12,18.5827411411536
"1178",78,12,17.9694503995814
"1179",79,12,17.8404705793337
"1180",80,12,17.535364943005
"1181",81,12,16.8634906231917
"1182",82,12,17.7159365788415
"1183",83,12,17.6554714828105
"1184",84,12,17.122770340497
"1185",85,12,17.7172866157104
"1186",86,12,16.9157562811248
"1187",87,12,17.4993446721283
"1188",88,12,17.3922113648914
"1189",89,12,16.9735060654355
"1190",90,12,17.5716369647196
"1191",91,12,17.2310209931601
"1192",92,12,20.1754534690614
"1193",93,12,17.6455428083667
"1194",94,12,16.9877727917103
"1195",95,12,18.6453875427498
"1196",96,12,17.3427022991599
"1197",97,12,16.6745080698625
"1198",98,12,17.7496533594464
"1199",99,12,17.4213939205688
"1200",100,12,18.0021254023949
"1201",1,13,9.78616852782622
"1202",2,13,9.43728031108788
"1203",3,13,9.01345400114047
"1204",4,13,9.63053959845865
"1205",5,13,9.74696410670177
"1206",6,13,9.47610844413849
"1207",7,13,10.0271102403347
"1208",8,13,9.39790344971733
"1209",9,13,9.88784557131891
"1210",10,13,9.64659893551386
"1211",11,13,9.79518901816043
"1212",12,13,10.3086263097947
"1213",13,13,0
"1214",14,13,9.35813855296863
"1215",15,13,9.00695229963707
"1216",16,13,10.8000397936849
"1217",17,13,9.4931001355185
"1218",18,13,10.2031892926797
"1219",19,13,9.86609084175216
"1220",20,13,10.1677942737598
"1221",21,13,9.65205046544641
"1222",22,13,9.88279086912782
"1223",23,13,9.72161836486639
"1224",24,13,9.0530961465231
"1225",25,13,9.86346959548982
"1226",26,13,10.4487045276661
"1227",27,13,10.115868360043
"1228",28,13,10.3102909011123
"1229",29,13,9.88117240923792
"1230",30,13,9.38188657840644
"1231",31,13,9.8044614454323
"1232",32,13,10.3390622283762
"1233",33,13,9.0259518214544
"1234",34,13,9.467127218997
"1235",35,13,10.1591320778481
"1236",36,13,9.31689590009156
"1237",37,13,9.66249872981418
"1238",38,13,9.60548543016338
"1239",39,13,9.74970983417376
"1240",40,13,9.59879258477906
"1241",41,13,10.9259459473321
"1242",42,13,9.6107025561963
"1243",43,13,9.36569501665826
"1244",44,13,9.66232887024587
"1245",45,13,10.0670483386483
"1246",46,13,9.93073232282554
"1247",47,13,10.2704286602982
"1248",48,13,10.7520608853703
"1249",49,13,9.65932194331171
"1250",50,13,9.70762826884305
"1251",51,13,17.488214827103
"1252",52,13,16.3962696148504
"1253",53,13,17.372952920691
"1254",54,13,17.4145912597042
"1255",55,13,18.392591888066
"1256",56,13,18.3977135995401
"1257",57,13,17.8453067893969
"1258",58,13,17.6402519779251
"1259",59,13,18.3282566806853
"1260",60,13,16.8684907797513
"1261",61,13,18.1942962467492
"1262",62,13,16.9603637933517
"1263",63,13,17.5731159683548
"1264",64,13,17.3651694104347
"1265",65,13,18.1180982023089
"1266",66,13,16.5017751015944
"1267",67,13,18.7393456183862
"1268",68,13,16.3782683311301
"1269",69,13,16.7644636204413
"1270",70,13,20.0902719934775
"1271",71,13,18.6811270082478
"1272",72,13,17.1818357444939
"1273",73,13,17.4654378674832
"1274",74,13,16.7880479050301
"1275",75,13,18.8136527878502
"1276",76,13,16.8028757247238
"1277",77,13,18.8195781450772
"1278",78,13,18.0449917838513
"1279",79,13,17.5913818079137
"1280",80,13,17.3481757068884
"1281",81,13,16.5111925717055
"1282",82,13,17.6382468231687
"1283",83,13,17.5388145556272
"1284",84,13,16.778195486646
"1285",85,13,17.5189196712078
"1286",86,13,16.7291458285281
"1287",87,13,17.3803606539654
"1288",88,13,17.1394467710999
"1289",89,13,16.8801394538266
"1290",90,13,17.5383396171459
"1291",91,13,17.0267029453067
"1292",92,13,20.2650959967614
"1293",93,13,17.6209713261047
"1294",94,13,16.5737663929968
"1295",95,13,18.5178260365734
"1296",96,13,17.1242652373028
"1297",97,13,16.4812696476715
"1298",98,13,17.4807570463613
"1299",99,13,17.454052739182
"1300",100,13,18.0702890382949
"1301",1,14,9.22351183742617
"1302",2,14,9.28407071930469
"1303",3,14,8.70010743531335
"1304",4,14,9.31711315913682
"1305",5,14,9.42246368158407
"1306",6,14,9.32763604391481
"1307",7,14,10.1941311471126
"1308",8,14,9.62371413251571
"1309",9,14,9.22765807952331
"1310",10,14,9.56680459920287
"1311",11,14,9.48126041476725
"1312",12,14,9.68352404733686
"1313",13,14,9.35813855296863
"1314",14,14,0
"1315",15,14,8.96545781670091
"1316",16,14,10.462092207341
"1317",17,14,9.12004349815957
"1318",18,14,9.67359019189977
"1319",19,14,9.63485728122714
"1320",20,14,10.1691813202909
"1321",21,14,9.29538434604753
"1322",22,14,9.66975269155255
"1323",23,14,9.38208995092794
"1324",24,14,8.7896187067479
"1325",25,14,9.61660890808747
"1326",26,14,9.52429480299556
"1327",27,14,10.0380915753577
"1328",28,14,10.3439487675211
"1329",29,14,9.68647474464186
"1330",30,14,9.33818149047477
"1331",31,14,9.05793426338133
"1332",32,14,9.43061272985235
"1333",33,14,9.12033937979178
"1334",34,14,9.5610036486934
"1335",35,14,9.56042943415317
"1336",36,14,9.68054305624728
"1337",37,14,9.30178969014447
"1338",38,14,9.83753640895704
"1339",39,14,9.5161863367721
"1340",40,14,9.31345252250255
"1341",41,14,10.4380521092593
"1342",42,14,9.27146340573942
"1343",43,14,9.5041856720006
"1344",44,14,9.47942875988652
"1345",45,14,9.66508437794233
"1346",46,14,9.29553742207506
"1347",47,14,9.95101251016047
"1348",48,14,10.5090392455559
"1349",49,14,9.37430379612528
"1350",50,14,9.60682401127686
"1351",51,14,17.4078009863454
"1352",52,14,16.1359283066129
"1353",53,14,16.8891505318665
"1354",54,14,17.1699760940484
"1355",55,14,18.0229148658209
"1356",56,14,17.9496568770722
"1357",57,14,17.5894009993565
"1358",58,14,17.3335152413528
"1359",59,14,17.8193993342915
"1360",60,14,16.6036671453143
"1361",61,14,17.8301248650938
"1362",62,14,16.8355806885633
"1363",63,14,17.1964518814923
"1364",64,14,17.2622615982359
"1365",65,14,18.2734145963043
"1366",66,14,16.4821318237662
"1367",67,14,18.2781713808894
"1368",68,14,16.1959163363039
"1369",69,14,16.6666296844013
"1370",70,14,19.4351045574076
"1371",71,14,18.5253810305431
"1372",72,14,16.9746423549292
"1373",73,14,17.164930281263
"1374",74,14,16.3670222379789
"1375",75,14,18.4061922691179
"1376",76,14,16.4792396273079
"1377",77,14,18.2539740247156
"1378",78,14,17.5849353017981
"1379",79,14,17.3397680043283
"1380",80,14,17.2212022672269
"1381",81,14,16.4810827783502
"1382",82,14,17.2692106173602
"1383",83,14,17.2926418185289
"1384",84,14,16.6742574861072
"1385",85,14,17.3882867467073
"1386",86,14,16.6173578803209
"1387",87,14,17.098000428329
"1388",88,14,17.0122212562538
"1389",89,14,16.5207124313533
"1390",90,14,16.9913428214901
"1391",91,14,16.9710278662283
"1392",92,14,19.9293654047084
"1393",93,14,17.2528042765029
"1394",94,14,16.3407026692781
"1395",95,14,18.3858081449263
"1396",96,14,16.9653361430205
"1397",97,14,16.3488513037768
"1398",98,14,17.2558279318361
"1399",99,14,16.9938225925764
"1400",100,14,17.6751466989689
"1401",1,15,9.28616019907963
"1402",2,15,9.0002251017416
"1403",3,15,8.84053091920059
"1404",4,15,9.59234814104976
"1405",5,15,9.38678450344672
"1406",6,15,9.2845769582811
"1407",7,15,9.75003171087348
"1408",8,15,8.91251792629007
"1409",9,15,9.07577061971136
"1410",10,15,9.43205499231439
"1411",11,15,9.56733480454813
"1412",12,15,9.75908126217425
"1413",13,15,9.00695229963707
"1414",14,15,8.96545781670091
"1415",15,15,0
"1416",16,15,10.5572746271017
