"","row","col","value"
"1",1,1,0
"2",2,1,8.54509092124498
"3",3,1,9.39490894405145
"4",4,1,9.77524541534482
"5",5,1,9.00498415682201
"6",6,1,9.05163769487448
"7",7,1,8.37870841114336
"8",8,1,8.8901165243397
"9",9,1,9.08927710270797
"10",10,1,8.66180638349255
"11",11,1,9.00147065286625
"12",12,1,8.90311587610485
"13",13,1,9.07494446935963
"14",14,1,9.0831569255518
"15",15,1,8.49002819562806
"16",16,1,8.48728437730077
"17",17,1,9.56105983888028
"18",18,1,8.9823981606784
"19",19,1,9.06991386934063
"20",20,1,8.52266046978489
"21",21,1,8.97603943186127
"22",22,1,8.68077119505856
"23",23,1,9.15875744909521
"24",24,1,8.87978030223199
"25",25,1,8.93787165271488
"26",26,1,8.80251162199152
"27",27,1,9.83620822107454
"28",28,1,8.81963272106939
"29",29,1,9.50487736700173
"30",30,1,9.39677888625663
"31",31,1,8.91544509626448
"32",32,1,8.84682090705317
"33",33,1,8.63968013113732
"34",34,1,9.32214062984597
"35",35,1,8.58008093142073
"36",36,1,8.84147662510747
"37",37,1,8.915067295595
"38",38,1,8.87311344408818
"39",39,1,9.10828047300168
"40",40,1,9.08191212025873
"41",41,1,9.45822773958581
"42",42,1,8.63491265473641
"43",43,1,10.9378638338777
"44",44,1,9.3438367576408
"45",45,1,9.50720866366192
"46",46,1,8.86176526900573
"47",47,1,9.10680881981381
"48",48,1,8.41833437838003
"49",49,1,9.04477096374856
"50",50,1,8.67792239353183
"51",51,1,17.0798865334694
"52",52,1,17.6009409357145
"53",53,1,17.9200280648634
"54",54,1,17.8000626906133
"55",55,1,16.6153435364269
"56",56,1,17.6609802337297
"57",57,1,17.301609140149
"58",58,1,17.9786748412979
"59",59,1,18.3955045990369
"60",60,1,16.7070427541014
"61",61,1,16.4404186802512
"62",62,1,18.5221155775369
"63",63,1,17.6208384357575
"64",64,1,17.6199725257282
"65",65,1,16.397930237264
"66",66,1,17.7500147319184
"67",67,1,17.9637535169553
"68",68,1,16.3770188150945
"69",69,1,16.861144004327
"70",70,1,16.6340289343268
"71",71,1,16.5811160076295
"72",72,1,18.3526459526242
"73",73,1,16.996635240225
"74",74,1,17.2003898722385
"75",75,1,18.2708940104266
"76",76,1,17.2477778822101
"77",77,1,16.9051410827325
"78",78,1,16.8080325119612
"79",79,1,18.6992877336017
"80",80,1,16.9386789594514
"81",81,1,17.1177195595355
"82",82,1,18.1340199153426
"83",83,1,17.1335815043162
"84",84,1,19.3925402307198
"85",85,1,17.3112672003729
"86",86,1,16.0117272235651
"87",87,1,17.8558713421727
"88",88,1,16.7684485694064
"89",89,1,17.5303851039381
"90",90,1,17.3794920700038
"91",91,1,16.6587623178155
"92",92,1,18.0227201837675
"93",93,1,17.0715568983012
"94",94,1,16.6226245673063
"95",95,1,17.3932574031793
"96",96,1,16.8276198908822
"97",97,1,17.1648038585855
"98",98,1,17.6031742983651
"99",99,1,17.825747041526
"100",100,1,18.4019970270787
"101",1,2,8.54509092124498
"102",2,2,0
"103",3,2,9.21123042410827
"104",4,2,9.62716201008006
"105",5,2,9.30949090019985
"106",6,2,9.49847778242193
"107",7,2,8.90825489506822
"108",8,2,9.18355150970825
"109",9,2,9.2342742071307
"110",10,2,9.01516587464112
"111",11,2,8.90971967092616
"112",12,2,9.33010817622134
"113",13,2,8.93391996138027
"114",14,2,9.35650797173246
"115",15,2,8.63631298911074
"116",16,2,8.85468700139168
"117",17,2,9.55048686932833
"118",18,2,9.0912627180778
"119",19,2,8.95243802680996
"120",20,2,9.05264952355487
"121",21,2,9.38152915226393
"122",22,2,9.20313184378645
"123",23,2,9.03518316955591
"124",24,2,9.24543694162041
"125",25,2,9.39021931717313
"126",26,2,8.9752899048269
"127",27,2,9.94902251165451
"128",28,2,9.0192013238769
"129",29,2,9.71857649998065
"130",30,2,9.37800726514657
"131",31,2,9.13538170546571
"132",32,2,9.04296606998356
"133",33,2,9.15816991689587
"134",34,2,9.16382379744537
"135",35,2,9.01407858056254
"136",36,2,8.97056882997088
"137",37,2,8.94125591760919
"138",38,2,8.89783721647686
"139",39,2,9.46726822038447
"140",40,2,9.16971511842818
"141",41,2,9.87572362538507
"142",42,2,8.70126794665285
"143",43,2,10.402095411715
"144",44,2,9.48237204615748
"145",45,2,9.63106251680841
"146",46,2,9.33305071417996
"147",47,2,9.2927977474669
"148",48,2,8.83473134938
"149",49,2,9.29498188624336
"150",50,2,9.18462360383704
"151",51,2,17.5788190412656
"152",52,2,17.9360666484133
"153",53,2,18.4219208587318
"154",54,2,18.1781614870942
"155",55,2,17.0327429063113
"156",56,2,18.0790785378084
"157",57,2,17.6883221760194
"158",58,2,18.2328798740283
"159",59,2,18.8384786475783
"160",60,2,17.0869022123339
"161",61,2,16.8296655850948
"162",62,2,18.9300479437809
"163",63,2,18.0615440634081
"164",64,2,17.995951714124
"165",65,2,16.7036337657261
"166",66,2,18.1999090503709
"167",67,2,18.3798987998447
"168",68,2,16.8729107479235
"169",69,2,17.1961586718818
"170",70,2,17.0237573256224
"171",71,2,16.8373235427281
"172",72,2,18.7452988151766
"173",73,2,17.3683728918095
"174",74,2,17.7174921949901
"175",75,2,18.5724635774477
"176",76,2,17.5538890477962
"177",77,2,17.2519402544792
"178",78,2,17.2386387814562
"179",79,2,19.0315813805416
"180",80,2,17.2349192902961
"181",81,2,17.483214809217
"182",82,2,18.4364726517464
"183",83,2,17.5270024198454
"184",84,2,19.8734247038788
"185",85,2,17.6709359446041
"186",86,2,16.3096708453419
"187",87,2,18.2783815213831
"188",88,2,17.0631227253439
"189",89,2,17.9617411897055
"190",90,2,17.6538813047415
"191",91,2,17.1183841232101
"192",92,2,18.4267653350265
"193",93,2,17.4540830377784
"194",94,2,16.9777780665304
"195",95,2,17.6716374013854
"196",96,2,17.31687864064
"197",97,2,17.648269493295
"198",98,2,17.968326676066
"199",99,2,18.2428970653211
"200",100,2,18.673789077923
"201",1,3,9.39490894405145
"202",2,3,9.21123042410827
"203",3,3,0
"204",4,3,9.99769444718237
"205",5,3,9.7184663879082
"206",6,3,9.39578772979774
"207",7,3,9.35124636591803
"208",8,3,9.59477723515838
"209",9,3,9.65767814565957
"210",10,3,9.19404853240059
"211",11,3,9.58304517983078
"212",12,3,9.65466432063339
"213",13,3,9.37042905276972
"214",14,3,9.5845582116915
"215",15,3,9.32303013182952
"216",16,3,9.37511007783461
"217",17,3,9.64270718449619
"218",18,3,9.84653721792943
"219",19,3,9.67738873129758
"220",20,3,9.90129313119902
"221",21,3,10.2301568711877
"222",22,3,9.4686077974525
"223",23,3,9.51864923547
"224",24,3,9.42173256376585
"225",25,3,9.51937091342031
"226",26,3,9.21045740018807
"227",27,3,9.92945482690162
"228",28,3,9.38074491709803
"229",29,3,9.98749913139812
"230",30,3,9.99249681892796
"231",31,3,9.31041412726706
"232",32,3,9.56617068330233
"233",33,3,9.35213694498956
"234",34,3,9.49711449656725
"235",35,3,9.52549091557203
"236",36,3,9.70243523073971
"237",37,3,9.67810368482336
"238",38,3,9.3469571285534
"239",39,3,9.36456264612242
"240",40,3,9.97832493370699
"241",41,3,9.94553841743651
"242",42,3,9.53377943350631
"243",43,3,10.3469418175069
"244",44,3,9.56288397923926
"245",45,3,9.93464682182247
"246",46,3,9.72815392499547
"247",47,3,9.57828663896833
"248",48,3,9.64737710344879
"249",49,3,9.47184817413825
"250",50,3,9.5394707015941
"251",51,3,18.6563457788943
"252",52,3,18.7924911585842
"253",53,3,19.1110429583281
"254",54,3,19.0140978949469
"255",55,3,17.904690280713
"256",56,3,19.0155142666719
"257",57,3,18.8825522676236
"258",58,3,19.0615286355109
"259",59,3,19.7160240076995
"260",60,3,17.932374266831
"261",61,3,18.000174624856
"262",62,3,19.7686177692849
"263",63,3,18.7068947065963
"264",64,3,18.9067477643052
"265",65,3,17.7553631150331
"266",66,3,19.0946034878078
"267",67,3,19.1376687356879
"268",68,3,17.8032188861819
"269",69,3,18.1869482515856
"270",70,3,17.7506939626253
"271",71,3,17.9839425565693
"272",72,3,19.5585952952438
"273",73,3,18.2881053944181
"274",74,3,18.3492414624876
"275",75,3,19.4973096013429
"276",76,3,18.513058272971
"277",77,3,17.9564307939998
"278",78,3,18.1601706531766
"279",79,3,19.7796342397272
"280",80,3,18.1833367207286
"281",81,3,18.5172408113749
"282",82,3,19.2773395592288
"283",83,3,18.4532313999125
"284",84,3,20.6875693820703
"285",85,3,18.7189720026692
"286",86,3,17.2083062723934
"287",87,3,19.0099894641721
"288",88,3,17.9991295974582
"289",89,3,18.6328781606778
"290",90,3,18.6042231706649
"291",91,3,18.0600383509717
"292",92,3,19.2548591753161
"293",93,3,18.3019872536371
"294",94,3,17.7717207767859
"295",95,3,18.7043329029166
"296",96,3,18.0124557908336
"297",97,3,18.600085309908
"298",98,3,18.8042020989381
"299",99,3,19.1847332749635
"300",100,3,19.448157899482
"301",1,4,9.77524541534482
"302",2,4,9.62716201008006
"303",3,4,9.99769444718237
"304",4,4,0
"305",5,4,9.87223773299157
"306",6,4,9.98776646995505
"307",7,4,9.6575585435606
"308",8,4,9.9907801823589
"309",9,4,9.61652880618762
"310",10,4,9.10139416740101
"311",11,4,10.1549836203998
"312",12,4,10.095147374521
"313",13,4,9.56772624859193
"314",14,4,9.35445423363549
"315",15,4,9.58251523396321
"316",16,4,9.38960713448984
"317",17,4,9.67063205615245
"318",18,4,9.89779852499162
"319",19,4,9.85110831545836
"320",20,4,10.0053211576727
"321",21,4,10.4082945430762
"322",22,4,10.2817023320264
"323",23,4,10.169554180461
"324",24,4,9.52818175599959
"325",25,4,9.73982254964393
"326",26,4,9.63526456167993
"327",27,4,10.1582162493587
"328",28,4,9.94576729360785
"329",29,4,9.97152223605789
"330",30,4,10.611305520023
"331",31,4,9.80913400684407
"332",32,4,9.98751997204144
"333",33,4,9.94344648368942
"334",34,4,9.62074648137561
"335",35,4,9.564360551061
"336",36,4,9.85804335461536
"337",37,4,9.94499999608327
"338",38,4,10.1750434553133
"339",39,4,10.2131297741488
"340",40,4,9.98225043279913
"341",41,4,10.1759931614745
"342",42,4,9.71912899237845
"343",43,4,10.2749180703802
"344",44,4,9.78978512377261
"345",45,4,10.3025568002817
"346",46,4,9.50363926023505
"347",47,4,9.95826660276053
"348",48,4,9.92135962196366
"349",49,4,9.65108278149225
"350",50,4,9.74632854136292
"351",51,4,18.6405664286736
"352",52,4,18.8496492504698
"353",53,4,19.2407762102059
"354",54,4,19.0002864942458
"355",55,4,17.7942362252083
"356",56,4,19.0405336359307
"357",57,4,18.7898415975183
"358",58,4,19.2394680289598
"359",59,4,19.7433414856947
"360",60,4,18.1772914889598
"361",61,4,17.9103098147502
"362",62,4,20.086941461806
"363",63,4,18.8353194335409
"364",64,4,19.0482869548984
"365",65,4,17.597614586329
"366",66,4,19.1849118474538
"367",67,4,19.3586070937624
"368",68,4,17.8779265098834
"369",69,4,18.3226133123006
"370",70,4,17.9699370388108
"371",71,4,17.9301047385704
"372",72,4,19.6495713753339
"373",73,4,18.4590521295092
"374",74,4,18.598613152918
"375",75,4,19.3644479773293
"376",76,4,18.6155427080434
"377",77,4,18.1117121234497
"378",78,4,18.2667449800597
"379",79,4,20.0114123319069
"380",80,4,18.1396744077979
"381",81,4,18.5503928824079
"382",82,4,19.4224975976223
"383",83,4,18.4760428673302
"384",84,4,20.7549286522821
"385",85,4,18.5505590712652
"386",86,4,17.3428077252403
"387",87,4,19.2181548765059
"388",88,4,17.9896971540383
"389",89,4,18.8261159377899
"390",90,4,18.6471194621445
"391",91,4,18.2745043114763
"392",92,4,19.3110760954137
"393",93,4,18.2755106256799
"394",94,4,17.9454725839622
"395",95,4,18.8276718791639
"396",96,4,18.2202101303736
"397",97,4,18.556255485463
"398",98,4,18.7303868249126
"399",99,4,19.2707485072759
"400",100,4,19.5240225567254
"401",1,5,9.00498415682201
"402",2,5,9.30949090019985
"403",3,5,9.7184663879082
"404",4,5,9.87223773299157
"405",5,5,0
"406",6,5,9.32783724670789
"407",7,5,9.33150615835279
"408",8,5,9.16127728879628
"409",9,5,9.52260576169351
"410",10,5,9.23456183201237
"411",11,5,9.3360131892312
"412",12,5,9.44817024035345
"413",13,5,9.19873357421083
"414",14,5,9.61214292243186
"415",15,5,8.98266750751688
"416",16,5,8.93163419226057
"417",17,5,9.57460645135751
"418",18,5,9.43928777350821
"419",19,5,9.27453237353797
"420",20,5,9.16853083792641
"421",21,5,9.74302362713757
"422",22,5,9.7417640792902
"423",23,5,9.66756784977186
"424",24,5,9.25222694600768
"425",25,5,9.53443212313272
"426",26,5,9.49127134920081
"427",27,5,9.6548183348093
"428",28,5,9.52380603650845
"429",29,5,9.7093446399762
"430",30,5,9.9529607766864
"431",31,5,9.50184764719686
"432",32,5,9.21722439057447
"433",33,5,9.28639521005369
"434",34,5,9.17617406881583
"435",35,5,8.94015365761113
"436",36,5,9.22215556441389
"437",37,5,9.41909733975257
"438",38,5,9.34467157918584
"439",39,5,9.31473702542858
"440",40,5,9.39085233759509
"441",41,5,9.69414681485773
"442",42,5,9.20907873604741
"443",43,5,10.421799396309
"444",44,5,9.6275877470739
"445",45,5,9.91764526031963
"446",46,5,9.27698829488777
"447",47,5,9.04120704337558
"448",48,5,9.25013733136077
"449",49,5,9.26833714994273
"450",50,5,9.39368328380743
"451",51,5,17.8917410198036
"452",52,5,18.2824676765911
"453",53,5,18.7142746502996
"454",54,5,18.6268330043804
"455",55,5,17.4738353886131
"456",56,5,18.5694643909178
"457",57,5,18.2516322522295
"458",58,5,18.6610077648753
"459",59,5,19.1848661056739
"460",60,5,17.4226889935475
"461",61,5,17.2465364054848
"462",62,5,19.3800978103088
"463",63,5,18.3141142576633
"464",64,5,18.4431681177607
"465",65,5,17.0771945079691
"466",66,5,18.6383926251888
"467",67,5,18.6672769634849
"468",68,5,17.2371570788711
"469",69,5,17.6133268932217
"470",70,5,17.4194426866879
"471",71,5,17.3843807222191
"472",72,5,19.0912856180048
"473",73,5,17.832746789053
"474",74,5,17.9480213366345
"475",75,5,18.9042610545872
"476",76,5,18.0114897227122
"477",77,5,17.6161778527599
"478",78,5,17.6924459935084
"479",79,5,19.380786686384
"480",80,5,17.6862342568248
"481",81,5,17.8133068097636
"482",82,5,19.0879633740117
"483",83,5,18.0657203731492
"484",84,5,20.288872738472
"485",85,5,18.098662906113
"486",86,5,16.8185154399118
"487",87,5,18.7730552470329
"488",88,5,17.3589728475132
"489",89,5,18.2736677589922
"490",90,5,18.2146057836855
"491",91,5,17.5591389831468
"492",92,5,18.7482604256282
"493",93,5,17.7504695342908
"494",94,5,17.3534376843305
"495",95,5,18.2083204399068
"496",96,5,17.704464585361
"497",97,5,18.0470925084229
"498",98,5,18.3000408861929
"499",99,5,18.6315410113836
"500",100,5,19.0777564976511
"501",1,6,9.05163769487448
"502",2,6,9.49847778242193
"503",3,6,9.39578772979774
"504",4,6,9.98776646995505
"505",5,6,9.32783724670789
"506",6,6,0
"507",7,6,9.47148534461377
"508",8,6,9.49323589861364
"509",9,6,9.43063388294535
"510",10,6,9.26168676686469
"511",11,6,9.59963567430469
"512",12,6,9.48031128878516
"513",13,6,9.48454496582547
"514",14,6,9.68092555367109
"515",15,6,9.17458253029119
"516",16,6,9.29862894032731
"517",17,6,9.77514736999139
"518",18,6,9.5161336425659
"519",19,6,9.26219298940925
"520",20,6,9.82792749994399
"521",21,6,10.1252319255464
"522",22,6,9.84878649997705
"523",23,6,9.82683467864781
"524",24,6,9.34007961577984
"525",25,6,9.58228772884636
"526",26,6,9.30358376962052
"527",27,6,9.60626368041349
"528",28,6,9.48117420100914
"529",29,6,9.72726900362294
"530",30,6,9.6435590053702
"531",31,6,9.52128726246582
"532",32,6,9.35846966807154
"533",33,6,9.45122081853804
"534",34,6,9.35092825192591
"535",35,6,8.99308574769087
"536",36,6,9.56438233989041
"537",37,6,9.50147327395219
"538",38,6,9.52410539942623
"539",39,6,9.2947726272614
"540",40,6,9.51707695921919
"541",41,6,9.79934658291346
"542",42,6,9.41134173909069
"543",43,6,10.4446844464344
"544",44,6,9.69248016549547
"545",45,6,9.87347513013045
"546",46,6,9.61425447505626
"547",47,6,9.37476954764398
"548",48,6,9.28109066077783
"549",49,6,9.76038764278893
"550",50,6,9.53014571015192
"551",51,6,18.3438805697626
"552",52,6,18.534250121777
"553",53,6,18.958696142339
"554",54,6,18.6873504162525
"555",55,6,17.4633141435029
"556",56,6,18.833982161001
"557",57,6,18.4565629981534
"558",58,6,18.9141971366206
"559",59,6,19.4262429670769
"560",60,6,17.8767216621622
"561",61,6,17.5247595305402
"562",62,6,19.6325071009268
"563",63,6,18.6278268377427
"564",64,6,18.599480886856
"565",65,6,17.4506793344116
"566",66,6,18.8445501543172
"567",67,6,19.0731006698382
"568",68,6,17.4617297495797
"569",69,6,17.8139486940325
"570",70,6,17.558806358031
"571",71,6,17.5779261598815
"572",72,6,19.4189023500238
"573",73,6,18.1590915196386
"574",74,6,18.3569738456004
"575",75,6,19.1221957886935
"576",76,6,18.1746710093108
"577",77,6,17.9336042829848
"578",78,6,18.019471954375
"579",79,6,19.6695731292409
"580",80,6,17.8511442053088
"581",81,6,18.2202548103657
"582",82,6,19.1665355560719
"583",83,6,18.1781362020391
"584",84,6,20.4841144806459
"585",85,6,18.3376345822617
"586",86,6,17.0485714458556
"587",87,6,18.9900464681337
"588",88,6,17.698093373884
"589",89,6,18.6265185215068
"590",90,6,18.3754034463845
"591",91,6,17.7846463370989
"592",92,6,19.1603574200503
"593",93,6,17.9417607168394
"594",94,6,17.6871033387779
"595",95,6,18.4875866140583
"596",96,6,17.8510237909128
"597",97,6,18.3174379750439
"598",98,6,18.6458873206717
"599",99,6,18.9763932612305
"600",100,6,19.2906578304389
"601",1,7,8.37870841114336
"602",2,7,8.90825489506822
"603",3,7,9.35124636591803
"604",4,7,9.6575585435606
"605",5,7,9.33150615835279
"606",6,7,9.47148534461377
"607",7,7,0
"608",8,7,9.24716107073087
"609",9,7,9.49370874588303
"610",10,7,8.68352489042125
"611",11,7,9.19472739496139
"612",12,7,9.36064315591648
"613",13,7,9.36758467126495
"614",14,7,9.66742631208464
"615",15,7,9.15147074081557
"616",16,7,8.86143594509857
"617",17,7,9.95301723924467
"618",18,7,9.09973911980125
"619",19,7,9.44579374833434
"620",20,7,9.14185062043825
"621",21,7,9.26008813618417
"622",22,7,9.29546868384366
"623",23,7,9.22816030328774
"624",24,7,9.33681799849784
"625",25,7,9.39166625130047
"626",26,7,8.87938785905529
"627",27,7,10.2214224188318
"628",28,7,9.69778867653605
"629",29,7,9.51775986797607
"630",30,7,9.27339539606111
"631",31,7,9.52737960029276
"632",32,7,9.14401708832965
"633",33,7,9.09690398231064
"634",34,7,9.17838479648856
"635",35,7,8.91538374670942
"636",36,7,9.08485404356405
"637",37,7,8.98181599043163
"638",38,7,8.75570925065743
"639",39,7,9.28037633411829
"640",40,7,9.38775275592641
"641",41,7,10.0728482437386
"642",42,7,8.90811776226898
"643",43,7,10.4348938414757
"644",44,7,9.46759868452216
"645",45,7,9.45501797579725
"646",46,7,9.19393314229694
"647",47,7,9.15494654872406
"648",48,7,8.49684075873262
"649",49,7,9.22443849100532
"650",50,7,9.19487866159525
"651",51,7,17.7890781794729
"652",52,7,17.9411214055146
"653",53,7,18.3998992148655
"654",54,7,18.236819002047
"655",55,7,16.9959024036959
"656",56,7,18.1983707233341
"657",57,7,17.8800980232148
"658",58,7,18.2785749060246
"659",59,7,18.9708600833149
"660",60,7,17.1967495956107
"661",61,7,16.9621472554656
"662",62,7,18.9357498660435
"663",63,7,18.0334758965032
"664",64,7,18.139030799894
"665",65,7,16.8113736504569
"666",66,7,18.2913094997594
"667",67,7,18.4069240698046
"668",68,7,16.8848166673148
"669",69,7,17.3431915535532
"670",70,7,17.0596824719251
"671",71,7,17.0277160654067
"672",72,7,18.8044477942277
"673",73,7,17.4654077120883
"674",74,7,17.7255246945819
"675",75,7,18.6684110193555
"676",76,7,17.7346351625603
"677",77,7,17.3417494788186
"678",78,7,17.1752281725902
"679",79,7,19.0611332429742
"680",80,7,17.2940385707678
"681",81,7,17.5666888649912
"682",82,7,18.6028077888468
"683",83,7,17.596811044752
"684",84,7,19.9361276885866
"685",85,7,17.8028242233851
"686",86,7,16.4633417206848
"687",87,7,18.3028061843136
"688",88,7,17.1054895613985
"689",89,7,17.862151467878
"690",90,7,17.8823346789261
"691",91,7,17.236623674694
"692",92,7,18.4822505467073
"693",93,7,17.4922269486206
"694",94,7,17.0145013401404
"695",95,7,17.9316722077129
"696",96,7,17.4614927190489
"697",97,7,17.7123861462643
"698",98,7,17.957518521151
"699",99,7,18.2060676206249
"700",100,7,18.6854722760972
"701",1,8,8.8901165243397
"702",2,8,9.18355150970825
"703",3,8,9.59477723515838
"704",4,8,9.9907801823589
"705",5,8,9.16127728879628
"706",6,8,9.49323589861364
"707",7,8,9.24716107073087
"708",8,8,0
"709",9,8,9.54828128246676
"710",10,8,8.92411174503557
"711",11,8,9.26960542612852
"712",12,8,9.41995071916894
"713",13,8,9.48329254142896
"714",14,8,9.29550383026828
"715",15,8,8.7976644602532
"716",16,8,8.95187327678354
"717",17,8,9.65652670989909
"718",18,8,9.37642563136647
"719",19,8,9.56852807755
"720",20,8,8.85366743611543
"721",21,8,9.59325974685327
"722",22,8,9.25225920801507
"723",23,8,9.41075064012261
"724",24,8,9.21485043519672
"725",25,8,9.30461252846284
"726",26,8,9.2498719145931
"727",27,8,9.69817969850646
"728",28,8,9.48529684457242
"729",29,8,9.69585847569246
"730",30,8,9.50268490202251
"731",31,8,9.54380715272654
"732",32,8,9.2762380758166
"733",33,8,8.94619978743366
"734",34,8,9.11976195530535
"735",35,8,8.76734802081472
"736",36,8,8.73188790296988
"737",37,8,9.12475207298875
"738",38,8,9.18813221167391
"739",39,8,8.85480138525544
"740",40,8,9.22889173469062
"741",41,8,9.66124312934456
"742",42,8,9.00953329600475
"743",43,8,10.4926722263342
"744",44,8,9.59162000237278
"745",45,8,9.59560507057127
"746",46,8,9.11337466793614
"747",47,8,9.27871215005288
"748",48,8,9.0758724795284
"749",49,8,9.59872980753817
"750",50,8,9.17459237475913
"751",51,8,17.5910505627704
"752",52,8,18.0698504744248
"753",53,8,18.3623406093501
"754",54,8,18.2579977596861
"755",55,8,16.9591972734027
"756",56,8,18.2248618131901
"757",57,8,17.8892947663814
"758",58,8,18.3363579665913
"759",59,8,18.9541546115012
"760",60,8,17.2045425471937
"761",61,8,16.9255488028271
"762",62,8,18.980689722324
"763",63,8,18.0724307494322
"764",64,8,18.0941436101844
"765",65,8,16.8351914450005
"766",66,8,18.2106107833488
"767",67,8,18.4677935676875
"768",68,8,17.0051393656686
"769",69,8,17.3531447007298
"770",70,8,17.159246345596
"771",71,8,17.0878567915762
"772",72,8,18.7828189551892
"773",73,8,17.4894066009158
"774",74,8,17.6289133378224
"775",75,8,18.6883867062399
"776",76,8,17.719147494093
"777",77,8,17.3818551375054
"778",78,8,17.3250420712038
"779",79,8,19.0655248122159
"780",80,8,17.2434511770311
"781",81,8,17.4368919512643
"782",82,8,18.6741615730594
"783",83,8,17.6949980966115
"784",84,8,19.9623804548047
"785",85,8,17.7863193153673
"786",86,8,16.4029926332203
"787",87,8,18.3650879281186
"788",88,8,17.162540015566
"789",89,8,17.8657357487279
"790",90,8,17.7252944376181
"791",91,8,17.3045447129272
"792",92,8,18.5323843814902
"793",93,8,17.4356263092812
"794",94,8,17.0573751014495
"795",95,8,17.8943327228126
"796",96,8,17.3732928433395
"797",97,8,17.7352441425162
"798",98,8,17.9581121066523
"799",99,8,18.3280795722342
"800",100,8,18.62434156816
"801",1,9,9.08927710270797
"802",2,9,9.2342742071307
"803",3,9,9.65767814565957
"804",4,9,9.61652880618762
"805",5,9,9.52260576169351
"806",6,9,9.43063388294535
"807",7,9,9.49370874588303
"808",8,9,9.54828128246676
"809",9,9,0
"810",10,9,8.91972929627534
"811",11,9,9.70479593346817
"812",12,9,9.77048143644249
"813",13,9,9.32697295192496
"814",14,9,9.20375527534787
"815",15,9,8.78499093003589
"816",16,9,9.26517225369784
"817",17,9,9.70432303423399
"818",18,9,9.91698063709877
"819",19,9,9.41669385936033
"820",20,9,9.67843438585077
"821",21,9,9.87235498731803
"822",22,9,9.8699289395371
"823",23,9,9.74805345337622
"824",24,9,9.38871244039467
"825",25,9,9.7519488468143
"826",26,9,9.30438504331969
"827",27,9,9.72608830876007
"828",28,9,9.18422813833683
"829",29,9,9.63925836974517
"830",30,9,9.93795895575307
"831",31,9,9.33249767296266
"832",32,9,9.50248668936979
"833",33,9,9.13424732102665
"834",34,9,9.63294055049431
"835",35,9,8.86086179833561
"836",36,9,9.3388047518318
"837",37,9,9.65239783826403
"838",38,9,9.51436669789653
"839",39,9,10.0502220711666
"840",40,9,9.79806325539325
"841",41,9,9.64916055721936
"842",42,9,8.90385826942481
"843",43,9,10.5742122889351
"844",44,9,9.4686401382305
"845",45,9,10.0802811022066
"846",46,9,9.30640495173855
"847",47,9,9.34095471062183
"848",48,9,9.45414476816364
"849",49,9,9.47267462022877
"850",50,9,9.52628014649412
"851",51,9,18.225867485915
"852",52,9,18.4427868942561
"853",53,9,19.035795359906
"854",54,9,18.7113284159365
"855",55,9,17.2481221056534
"856",56,9,18.6910715022021
"857",57,9,18.3610054352463
"858",58,9,18.7650173813224
"859",59,9,19.3434375938819
"860",60,9,17.7164564883281
"861",61,9,17.3675409529175
"862",62,9,19.5956473023718
"863",63,9,18.5577996787302
"864",64,9,18.5454887021705
"865",65,9,17.3368020729436
"866",66,9,18.7731351880703
"867",67,9,18.9733243742916
"868",68,9,17.3965577178975
"869",69,9,17.7336561857624
"870",70,9,17.4529052592431
"871",71,9,17.6070202398028
"872",72,9,19.2410507789181
"873",73,9,17.8891075323371
"874",74,9,18.1857209188145
"875",75,9,19.1667065314452
"876",76,9,18.2184095449917
"877",77,9,17.815014743586
"878",78,9,17.657314427197
"879",79,9,19.5394025769145
"880",80,9,17.7176901852732
"881",81,9,18.0476047646792
"882",82,9,19.0029943774943
"883",83,9,18.1100357917678
"884",84,9,20.4976001108913
"885",85,9,18.3771000473191
"886",86,9,16.7464662769465
"887",87,9,18.7581029348743
"888",88,9,17.587576588827
"889",89,9,18.4230731607657
"890",90,9,18.2289347231408
"891",91,9,17.585477920935
"892",92,9,19.0062094988882
"893",93,9,17.9382361355982
"894",94,9,17.7465483816386
"895",95,9,18.508528680318
"896",96,9,17.9045243528156
"897",97,9,18.2903413477386
"898",98,9,18.4180231271606
"899",99,9,18.7559445062402
"900",100,9,19.2847645364522
"901",1,10,8.66180638349255
"902",2,10,9.01516587464112
"903",3,10,9.19404853240059
"904",4,10,9.10139416740101
"905",5,10,9.23456183201237
"906",6,10,9.26168676686469
"907",7,10,8.68352489042125
"908",8,10,8.92411174503557
"909",9,10,8.91972929627534
"910",10,10,0
"911",11,10,9.27912008538825
"912",12,10,8.85303102830597
"913",13,10,8.96900541300298
"914",14,10,9.04160211246031
"915",15,10,8.57913277564489
"916",16,10,8.65366836363016
"917",17,10,9.60180867228627
"918",18,10,9.03105608020595
"919",19,10,9.08686270591484
"920",20,10,9.01205065400337
"921",21,10,9.4433521861722
"922",22,10,9.1974273532393
"923",23,10,9.27190347117205
"924",24,10,9.1156242077405
"925",25,10,8.93399380807454
"926",26,10,8.72196292779246
"927",27,10,9.49320084723886
"928",28,10,8.88897805933923
"929",29,10,9.43813340449033
"930",30,10,9.2046934795851
"931",31,10,9.11406979049825
"932",32,10,9.20223013178918
"933",33,10,8.95581969486125
"934",34,10,9.16263602565021
"935",35,10,8.8853090420646
"936",36,10,8.50790842208531
"937",37,10,9.11039952715848
"938",38,10,8.71049673557849
"939",39,10,9.53699960222773
"940",40,10,8.72736417395978
"941",41,10,9.79243230588433
"942",42,10,9.01792609732479
"943",43,10,10.1868707305641
"944",44,10,9.62625880733837
"945",45,10,9.61816735568474
"946",46,10,8.74406096842757
"947",47,10,9.02244779103116
"948",48,10,8.84713069260424
"949",49,10,9.08578477278425
"950",50,10,9.19003808750256
"951",51,10,17.6599836987477
"952",52,10,17.8972547604517
"953",53,10,18.4108412537118
"954",54,10,18.1015091601749
"955",55,10,16.8249758580085
"956",56,10,17.9900620150427
"957",57,10,17.7638943482476
"958",58,10,18.244429351408
"959",59,10,18.9132843321094
"960",60,10,17.2369591335688
"961",61,10,16.807936683362
"962",62,10,18.8887492949002
"963",63,10,17.945276430414
"964",64,10,17.9934304567893
"965",65,10,16.7280269695378
"966",66,10,18.1698176314907
"967",67,10,18.454420547746
"968",68,10,16.8624268308618
"969",69,10,17.2535264968735
"970",70,10,17.0039610583609
"971",71,10,17.0570891755085
"972",72,10,18.7638665055786
"973",73,10,17.4299818674634
"974",74,10,17.5480144498775
"975",75,10,18.3755302794603
"976",76,10,17.6613264135349
"977",77,10,17.21239839179
"978",78,10,17.1381279696574
"979",79,10,19.0161793203215
"980",80,10,17.2529706252618
"981",81,10,17.3428108079063
"982",82,10,18.5653233130923
"983",83,10,17.6533264741147
"984",84,10,19.9352768603822
"985",85,10,17.6524884591752
"986",86,10,16.3359662194738
"987",87,10,18.218174765851
"988",88,10,17.118473224869
"989",89,10,17.8646793219822
"990",90,10,17.6806184152205
"991",91,10,17.1142088970426
"992",92,10,18.4924661276442
"993",93,10,17.3475869813462
"994",94,10,17.0660562596013
"995",95,10,17.9369779702992
"996",96,10,17.3485002098574
"997",97,10,17.5680474266584
"998",98,10,17.9289973957314
"999",99,10,18.1405186037732
"1000",100,10,18.684772874382
"1001",1,11,9.00147065286625
"1002",2,11,8.90971967092616
"1003",3,11,9.58304517983078
"1004",4,11,10.1549836203998
"1005",5,11,9.3360131892312
"1006",6,11,9.59963567430469
"1007",7,11,9.19472739496139
"1008",8,11,9.26960542612852
"1009",9,11,9.70479593346817
"1010",10,11,9.27912008538825
"1011",11,11,0
"1012",12,11,9.52246489449308
"1013",13,11,8.99926786799086
"1014",14,11,9.78420463723774
"1015",15,11,9.54760014432197
"1016",16,11,9.04109586947668
"1017",17,11,9.73139741916002
"1018",18,11,9.40576773232696
"1019",19,11,9.24304247141028
"1020",20,11,9.36347887239397
"1021",21,11,9.65146688758334
"1022",22,11,9.331137015674
"1023",23,11,9.19932498745078
"1024",24,11,9.77619966301905
"1025",25,11,9.58082073020637
"1026",26,11,9.44021098141165
"1027",27,11,10.2114451626802
"1028",28,11,9.78573036910452
"1029",29,11,9.85831252915488
"1030",30,11,9.52085292312646
"1031",31,11,9.33023978540632
"1032",32,11,9.58011944809317
"1033",33,11,9.48701734114674
"1034",34,11,9.18055709862897
"1035",35,11,9.25937557265804
"1036",36,11,9.23897551521817
"1037",37,11,8.95776489289628
"1038",38,11,9.14902913424841
"1039",39,11,9.47216269215233
"1040",40,11,9.54210640525239
"1041",41,11,9.7358049404334
"1042",42,11,9.04516186141816
"1043",43,11,10.1705201098989
"1044",44,11,9.30089409102331
"1045",45,11,9.59713714288351
"1046",46,11,9.38317459162084
"1047",47,11,9.42521042733626
"1048",48,11,9.24070668746888
"1049",49,11,9.45626774634774
"1050",50,11,9.12792406805488
"1051",51,11,18.1025463432282
"1052",52,11,18.4705612741025
"1053",53,11,18.8068562127162
"1054",54,11,18.5149894994152
"1055",55,11,17.367870982464
"1056",56,11,18.4614875342768
"1057",57,11,18.4437109883089
"1058",58,11,18.7270018678675
"1059",59,11,19.4580020567834
"1060",60,11,17.6951681517898
"1061",61,11,17.4602015223242
"1062",62,11,19.4092112351023
"1063",63,11,18.4614876195421
"1064",64,11,18.4581156349374
"1065",65,11,17.2696153142585
"1066",66,11,18.6826771993849
"1067",67,11,18.7785310726711
"1068",68,11,17.4365396821408
"1069",69,11,17.8526053474865
"1070",70,11,17.5356567377382
"1071",71,11,17.5777998405496
"1072",72,11,19.2458723359056
"1073",73,11,17.9086458936895
"1074",74,11,18.2005028593887
"1075",75,11,19.1967107012006
"1076",76,11,18.2303714605651
"1077",77,11,17.7950690930115
"1078",78,11,17.7337171639382
"1079",79,11,19.4382734347728
"1080",80,11,17.7659733397663
"1081",81,11,18.1822730330602
"1082",82,11,19.0432286097619
"1083",83,11,18.1539185312114
"1084",84,11,20.3354610290307
"1085",85,11,18.326310113715
"1086",86,11,16.882134211578
"1087",87,11,18.7921573407197
"1088",88,11,17.6300168966745
"1089",89,11,18.2230642195747
"1090",90,11,18.3146028840705
"1091",91,11,17.7012755370387
"1092",92,11,18.907175406387
"1093",93,11,17.9893777665919
"1094",94,11,17.3825359391885
"1095",95,11,18.3597291196067
"1096",96,11,17.8381100357195
"1097",97,11,18.2214232046954
"1098",98,11,18.4837907005327
"1099",99,11,18.7935447861425
"1100",100,11,19.0496147465962
"1101",1,12,8.90311587610485
"1102",2,12,9.33010817622134
"1103",3,12,9.65466432063339
"1104",4,12,10.095147374521
"1105",5,12,9.44817024035345
"1106",6,12,9.48031128878516
"1107",7,12,9.36064315591648
"1108",8,12,9.41995071916894
"1109",9,12,9.77048143644249
"1110",10,12,8.85303102830597
"1111",11,12,9.52246489449308
"1112",12,12,0
"1113",13,12,9.71730319349842
"1114",14,12,10.0628657169328
"1115",15,12,9.24585441769913
"1116",16,12,9.24234220446654
"1117",17,12,10.0659332049651
"1118",18,12,9.60259193252902
"1119",19,12,9.68438907245541
"1120",20,12,9.66156320644723
"1121",21,12,9.82439214126052
"1122",22,12,10.0757185590355
"1123",23,12,9.6587473000389
"1124",24,12,9.36348999712601
"1125",25,12,9.5314653083966
"1126",26,12,9.52103420890501
"1127",27,12,9.87511565574027
"1128",28,12,9.68304919007969
"1129",29,12,9.8650106693842
"1130",30,12,9.74488275928655
"1131",31,12,9.47488353661805
"1132",32,12,9.66147650657977
"1133",33,12,9.30779749761784
"1134",34,12,9.76919537085625
"1135",35,12,9.28186534835978
"1136",36,12,9.95593867889867
"1137",37,12,9.3158332822807
"1138",38,12,9.37089970787843
"1139",39,12,9.59551295628758
"1140",40,12,9.82765900511223
"1141",41,12,9.89587292070814
"1142",42,12,9.68979909169337
"1143",43,12,10.3846194098494
"1144",44,12,9.98480828725485
"1145",45,12,10.334030356418
"1146",46,12,9.65323015652502
"1147",47,12,9.70732452387901
"1148",48,12,9.50117751343431
"1149",49,12,9.63982034169482
"1150",50,12,9.22987672785205
"1151",51,12,18.2468175775464
"1152",52,12,18.6127365311416
"1153",53,12,18.8210229532794
"1154",54,12,18.714517131684
"1155",55,12,17.4951779276489
"1156",56,12,18.8093095281693
"1157",57,12,18.5468204224305
"1158",58,12,18.8731266458009
"1159",59,12,19.4180327692253
"1160",60,12,17.6149645557258
"1161",61,12,17.451651859522
"1162",62,12,19.6056523062455
"1163",63,12,18.6541277160652
"1164",64,12,18.4616996012318
"1165",65,12,17.3335701536173
"1166",66,12,18.818698107255
"1167",67,12,18.9787649008194
"1168",68,12,17.5885108437846
"1169",69,12,17.8142152687632
"1170",70,12,17.5774832352253
"1171",71,12,17.6342970334389
"1172",72,12,19.2832883902514
"1173",73,12,17.8417895578793
"1174",74,12,18.3278656152907
"1175",75,12,19.1601424789168
"1176",76,12,18.301856623187
"1177",77,12,17.9452707810928
"1178",78,12,17.8317659659282
"1179",79,12,19.5301130545482
"1180",80,12,17.8469725135208
"1181",81,12,18.2080344912017
"1182",82,12,19.1615080174281
"1183",83,12,18.2494971779398
"1184",84,12,20.5627614164514
"1185",85,12,18.2517800196696
"1186",86,12,16.9628592684301
"1187",87,12,19.0553414461909
"1188",88,12,17.6734027060266
"1189",89,12,18.3676032082041
"1190",90,12,18.2935956340234
"1191",91,12,17.8940813159098
"1192",92,12,19.0052515767276
"1193",93,12,17.882007534244
"1194",94,12,17.4758163164841
"1195",95,12,18.3069825839322
"1196",96,12,17.7065242487877
"1197",97,12,18.3480702007678
"1198",98,12,18.580377823123
"1199",99,12,18.770415876747
"1200",100,12,19.2018024681095
"1201",1,13,9.07494446935963
"1202",2,13,8.93391996138027
"1203",3,13,9.37042905276972
"1204",4,13,9.56772624859193
"1205",5,13,9.19873357421083
"1206",6,13,9.48454496582547
"1207",7,13,9.36758467126495
"1208",8,13,9.48329254142896
"1209",9,13,9.32697295192496
"1210",10,13,8.96900541300298
"1211",11,13,8.99926786799086
"1212",12,13,9.71730319349842
"1213",13,13,0
"1214",14,13,9.10198391303171
"1215",15,13,8.94275828448762
"1216",16,13,8.79607732423183
"1217",17,13,9.36909674288286
"1218",18,13,9.46112278276043
"1219",19,13,9.24088849568246
"1220",20,13,9.35412159067549
"1221",21,13,9.690475724028
"1222",22,13,9.65705117843394
"1223",23,13,9.45476546895092
"1224",24,13,9.57992944097232
"1225",25,13,9.38812004315658
"1226",26,13,9.48404670599399
"1227",27,13,9.79730735046414
"1228",28,13,9.29537436178737
"1229",29,13,9.42033027103788
"1230",30,13,9.61371976139307
"1231",31,13,8.98912250913854
"1232",32,13,9.36170640889253
"1233",33,13,9.37935120349633
"1234",34,13,9.05094556419065
"1235",35,13,8.95620686713005
"1236",36,13,9.35978945060768
"1237",37,13,9.36640332169871
"1238",38,13,9.15840253706014
"1239",39,13,9.47730610219685
"1240",40,13,9.4170487278086
"1241",41,13,9.59815823438443
"1242",42,13,9.10467769688765
"1243",43,13,9.96708029919364
"1244",44,13,9.63515414249335
"1245",45,13,9.85913878357296
"1246",46,13,9.14533725771223
"1247",47,13,9.26832342842025
"1248",48,13,9.1477058423553
"1249",49,13,9.08213811587118
"1250",50,13,9.27102892269547
"1251",51,13,18.657508428725
"1252",52,13,18.7621922625113
"1253",53,13,19.3531764786784
"1254",54,13,19.1330089650255
"1255",55,13,17.8795887407235
"1256",56,13,19.0030491658827
"1257",57,13,18.7572431399822
"1258",58,13,19.1990584010687
"1259",59,13,19.8870671576884
"1260",60,13,18.0298125289674
"1261",61,13,17.69443080004
"1262",62,13,19.8973999378014
"1263",63,13,18.8306380411311
"1264",64,13,18.9593814029135
"1265",65,13,17.5992944430142
"1266",66,13,19.2374847513788
"1267",67,13,19.3010629775829
"1268",68,13,17.744654320596
"1269",69,13,18.220482360282
"1270",70,13,17.9410762995173
"1271",71,13,17.9461536251148
"1272",72,13,19.6858677820976
"1273",73,13,18.4999280993653
"1274",74,13,18.4571364419256
"1275",75,13,19.3861661628664
"1276",76,13,18.5720252157537
"1277",77,13,18.1271659450028
"1278",78,13,18.1680743570309
"1279",79,13,19.8102568563208
"1280",80,13,18.1791677880344
"1281",81,13,18.3629436251817
"1282",82,13,19.4815325209619
"1283",83,13,18.5553417106096
"1284",84,13,20.7030851678889
"1285",85,13,18.6093038761666
"1286",86,13,17.2210385877968
"1287",87,13,19.0901018236684
"1288",88,13,17.927945734916
"1289",89,13,18.7966314415985
"1290",90,13,18.4762831326345
"1291",91,13,18.0223276923099
"1292",92,13,19.18281493973
"1293",93,13,18.3016598535559
"1294",94,13,17.9321809028251
"1295",95,13,18.706224493218
"1296",96,13,18.2944255845683
"1297",97,13,18.6147033173468
"1298",98,13,18.8998393723991
"1299",99,13,19.237834649922
"1300",100,13,19.3788606176184
"1301",1,14,9.0831569255518
"1302",2,14,9.35650797173246
"1303",3,14,9.5845582116915
"1304",4,14,9.35445423363549
"1305",5,14,9.61214292243186
"1306",6,14,9.68092555367109
"1307",7,14,9.66742631208464
"1308",8,14,9.29550383026828
"1309",9,14,9.20375527534787
"1310",10,14,9.04160211246031
"1311",11,14,9.78420463723774
"1312",12,14,10.0628657169328
"1313",13,14,9.10198391303171
"1314",14,14,0
"1315",15,14,8.98775011141446
"1316",16,14,9.20975731044856
"1317",17,14,9.63126662940288
"1318",18,14,9.81665648893222
"1319",19,14,9.37706223770752
"1320",20,14,9.3000321965385
"1321",21,14,9.39737505953763
"1322",22,14,9.74735455353224
"1323",23,14,9.83499782965568
"1324",24,14,9.62801486102856
"1325",25,14,9.66568993147012
"1326",26,14,9.29163344791997
"1327",27,14,10.1773512986757
"1328",28,14,9.28992676269791
"1329",29,14,9.65447874861319
"1330",30,14,10.3104030317225
"1331",31,14,9.11974590010628
"1332",32,14,9.48408466292137
"1333",33,14,9.57832165840098
"1334",34,14,9.41488960145468
"1335",35,14,9.27029758375854
"1336",36,14,9.22263272761951
"1337",37,14,9.44277880142851
"1338",38,14,9.4920391416579
"1339",39,14,9.48559089146157
"1340",40,14,9.64766250624618
"1341",41,14,9.9816181151177
"1342",42,14,8.93005880821486
"1343",43,14,10.4915520044049
"1344",44,14,9.22909322019737
"1345",45,14,9.58053452861169
"1346",46,14,8.97799022872683
"1347",47,14,9.41674828516576
"1348",48,14,9.24915155271029
"1349",49,14,9.3711740256303
"1350",50,14,9.36839696983354
"1351",51,14,18.306164813781
"1352",52,14,18.5287678335075
"1353",53,14,18.9601577435599
"1354",54,14,18.8793717353863
"1355",55,14,17.5455079485529
"1356",56,14,18.7904918418328
"1357",57,14,18.3195242147547
"1358",58,14,18.8331435059354
"1359",59,14,19.4794302519423
"1360",60,14,17.7507901708656
"1361",61,14,17.4817062137891
"1362",62,14,19.6316171990214
"1363",63,14,18.5514491058763
"1364",64,14,18.5860126927322
"1365",65,14,17.3045505081038
"1366",66,14,18.8588500765111
"1367",67,14,19.0977039331324
"1368",68,14,17.4744378629912
"1369",69,14,17.8760584398009
"1370",70,14,17.6888073626286
"1371",71,14,17.5548313522419
"1372",72,14,19.4255968857562
"1373",73,14,18.0684722145666
"1374",74,14,18.1097393250827
"1375",75,14,19.0677809624886
"1376",76,14,18.1923931553304
"1377",77,14,17.7413930339539
"1378",78,14,17.9172564861929
"1379",79,14,19.6382301128686
"1380",80,14,17.8142649218424
"1381",81,14,18.0773900881412
"1382",82,14,19.0975963983044
"1383",83,14,18.2817979647674
"1384",84,14,20.4738025686209
"1385",85,14,18.397320499076
"1386",86,14,16.9503869011767
"1387",87,14,18.8393951549238
"1388",88,14,17.793211182228
"1389",89,14,18.479796734209
"1390",90,14,18.2787635414678
"1391",91,14,17.6976889475372
"1392",92,14,18.9121093542999
"1393",93,14,18.0161768541577
"1394",94,14,17.699619505147
"1395",95,14,18.5830971361822
"1396",96,14,17.9518021235635
"1397",97,14,18.2246117609893
"1398",98,14,18.4796558446321
"1399",99,14,18.9984651332476
"1400",100,14,19.1931144167292
"1401",1,15,8.49002819562806
"1402",2,15,8.63631298911074
"1403",3,15,9.32303013182952
"1404",4,15,9.58251523396321
"1405",5,15,8.98266750751688
"1406",6,15,9.17458253029119
"1407",7,15,9.15147074081557
"1408",8,15,8.7976644602532
"1409",9,15,8.78499093003589
"1410",10,15,8.57913277564489
"1411",11,15,9.54760014432197
"1412",12,15,9.24585441769913
"1413",13,15,8.94275828448762
"1414",14,15,8.98775011141446
"1415",15,15,0
"1416",16,15,8.57319189479605
