"","row","col","value"
"1",1,1,0
"2",2,1,8.54509092124498
"3",3,1,9.39490894405145
"4",4,1,9.77524541534482
"5",5,1,9.00498415682201
"6",6,1,9.05163769487448
"7",7,1,8.37870841114336
"8",8,1,8.8901165243397
"9",9,1,9.08927710270797
"10",10,1,8.66180638349255
"11",11,1,9.00147065286625
"12",12,1,8.90311587610485
"13",13,1,9.07494446935963
"14",14,1,9.0831569255518
"15",15,1,8.49002819562806
"16",16,1,8.48728437730077
"17",17,1,9.56105983888028
"18",18,1,8.9823981606784
"19",19,1,9.06991386934063
"20",20,1,8.52266046978489
"21",21,1,8.97603943186127
"22",22,1,8.68077119505856
"23",23,1,9.15875744909521
"24",24,1,8.87978030223199
"25",25,1,8.93787165271488
"26",26,1,8.80251162199152
"27",27,1,9.83620822107454
"28",28,1,8.81963272106939
"29",29,1,9.50487736700173
"30",30,1,9.39677888625663
"31",31,1,8.91544509626448
"32",32,1,8.84682090705317
"33",33,1,8.63968013113732
"34",34,1,9.32214062984597
"35",35,1,8.58008093142073
"36",36,1,8.84147662510747
"37",37,1,8.915067295595
"38",38,1,8.87311344408818
"39",39,1,9.10828047300168
"40",40,1,9.08191212025873
"41",41,1,9.45822773958581
"42",42,1,8.63491265473641
"43",43,1,10.9378638338777
"44",44,1,9.3438367576408
"45",45,1,9.50720866366192
"46",46,1,8.86176526900573
"47",47,1,9.10680881981381
"48",48,1,8.41833437838003
"49",49,1,9.04477096374856
"50",50,1,8.67792239353183
"51",51,1,16.132818390632
"52",52,1,15.3816908793787
"53",53,1,21.4299746738675
"54",54,1,15.1038823879557
"55",55,1,15.3632555412852
"56",56,1,16.3323507530321
"57",57,1,15.3158986958368
"58",58,1,16.0717210654664
"59",59,1,15.8362167450212
"60",60,1,15.220446771419
"61",61,1,16.4788202316641
"62",62,1,15.3218245328987
"63",63,1,15.3735955488641
"64",64,1,15.7124791212292
"65",65,1,15.432188933219
"66",66,1,15.7442841022348
"67",67,1,15.4814303617675
"68",68,1,15.4016353054551
"69",69,1,15.8179473737397
"70",70,1,15.8230679298864
"71",71,1,16.2769601508056
"72",72,1,15.4452498470283
"73",73,1,15.3377133721087
"74",74,1,16.4532442179103
"75",75,1,15.0009434978875
"76",76,1,15.2265316442398
"77",77,1,15.3044004372425
"78",78,1,15.2893075591232
"79",79,1,15.5006401309893
"80",80,1,15.846380141727
"81",81,1,16.1295026902254
"82",82,1,15.5802488437252
"83",83,1,16.5791734473519
"84",84,1,15.8177997014821
"85",85,1,16.4863305418698
"86",86,1,15.6793452358266
"87",87,1,16.2499667297692
"88",88,1,15.1988790688363
"89",89,1,16.6377856853843
"90",90,1,16.1027382866476
"91",91,1,15.3065289966699
"92",92,1,15.528490264517
"93",93,1,15.6413654511797
"94",94,1,16.4794799091595
"95",95,1,15.716112174634
"96",96,1,15.4284695507688
"97",97,1,15.9337141211715
"98",98,1,15.1932587558045
"99",99,1,15.6617041293966
"100",100,1,15.2931355727607
"101",1,2,8.54509092124498
"102",2,2,0
"103",3,2,9.21123042410827
"104",4,2,9.62716201008006
"105",5,2,9.30949090019985
"106",6,2,9.49847778242193
"107",7,2,8.90825489506822
"108",8,2,9.18355150970825
"109",9,2,9.2342742071307
"110",10,2,9.01516587464112
"111",11,2,8.90971967092616
"112",12,2,9.33010817622134
"113",13,2,8.93391996138027
"114",14,2,9.35650797173246
"115",15,2,8.63631298911074
"116",16,2,8.85468700139168
"117",17,2,9.55048686932833
"118",18,2,9.0912627180778
"119",19,2,8.95243802680996
"120",20,2,9.05264952355487
"121",21,2,9.38152915226393
"122",22,2,9.20313184378645
"123",23,2,9.03518316955591
"124",24,2,9.24543694162041
"125",25,2,9.39021931717313
"126",26,2,8.9752899048269
"127",27,2,9.94902251165451
"128",28,2,9.0192013238769
"129",29,2,9.71857649998065
"130",30,2,9.37800726514657
"131",31,2,9.13538170546571
"132",32,2,9.04296606998356
"133",33,2,9.15816991689587
"134",34,2,9.16382379744537
"135",35,2,9.01407858056254
"136",36,2,8.97056882997088
"137",37,2,8.94125591760919
"138",38,2,8.89783721647686
"139",39,2,9.46726822038447
"140",40,2,9.16971511842818
"141",41,2,9.87572362538507
"142",42,2,8.70126794665285
"143",43,2,10.402095411715
"144",44,2,9.48237204615748
"145",45,2,9.63106251680841
"146",46,2,9.33305071417996
"147",47,2,9.2927977474669
"148",48,2,8.83473134938
"149",49,2,9.29498188624336
"150",50,2,9.18462360383704
"151",51,2,16.2807647019649
"152",52,2,15.7210132194852
"153",53,2,21.2992929283254
"154",54,2,15.2949051030674
"155",55,2,15.4430107608262
"156",56,2,16.4846699310726
"157",57,2,15.3735967358006
"158",58,2,16.1733232587737
"159",59,2,15.8667786999022
"160",60,2,15.5226957527939
"161",61,2,16.6458337136184
"162",62,2,15.5449075583551
"163",63,2,15.4896243844452
"164",64,2,15.8348553472681
"165",65,2,15.5253282377597
"166",66,2,15.8937429444389
"167",67,2,15.5486824584846
"168",68,2,15.527220407523
"169",69,2,16.0821969274013
"170",70,2,15.9383746310923
"171",71,2,16.4740048276397
"172",72,2,15.7208312271759
"173",73,2,15.5441010274587
"174",74,2,16.6452325474936
"175",75,2,15.3512241765719
"176",76,2,15.4408663004231
"177",77,2,15.3212354581201
"178",78,2,15.5010318485534
"179",79,2,15.6994083128546
"180",80,2,15.9565357858451
"181",81,2,16.3179773994114
"182",82,2,15.9977411217048
"183",83,2,16.7676631188784
"184",84,2,15.9314073676007
"185",85,2,16.6260626666234
"186",86,2,15.9035464227601
"187",87,2,16.3518102678984
"188",88,2,15.3636332211444
"189",89,2,16.8315220267429
"190",90,2,16.5436471882799
"191",91,2,15.4936385177685
"192",92,2,15.8817528617904
"193",93,2,15.7939151724209
"194",94,2,16.6157514264961
"195",95,2,15.8795063930788
"196",96,2,15.6875587820844
"197",97,2,16.166110733365
"198",98,2,15.5360098124319
"199",99,2,15.7964185035183
"200",100,2,15.3542817680366
"201",1,3,9.39490894405145
"202",2,3,9.21123042410827
"203",3,3,0
"204",4,3,9.99769444718237
"205",5,3,9.7184663879082
"206",6,3,9.39578772979774
"207",7,3,9.35124636591803
"208",8,3,9.59477723515838
"209",9,3,9.65767814565957
"210",10,3,9.19404853240059
"211",11,3,9.58304517983078
"212",12,3,9.65466432063339
"213",13,3,9.37042905276972
"214",14,3,9.5845582116915
"215",15,3,9.32303013182952
"216",16,3,9.37511007783461
"217",17,3,9.64270718449619
"218",18,3,9.84653721792943
"219",19,3,9.67738873129758
"220",20,3,9.90129313119902
"221",21,3,10.2301568711877
"222",22,3,9.4686077974525
"223",23,3,9.51864923547
"224",24,3,9.42173256376585
"225",25,3,9.51937091342031
"226",26,3,9.21045740018807
"227",27,3,9.92945482690162
"228",28,3,9.38074491709803
"229",29,3,9.98749913139812
"230",30,3,9.99249681892796
"231",31,3,9.31041412726706
"232",32,3,9.56617068330233
"233",33,3,9.35213694498956
"234",34,3,9.49711449656725
"235",35,3,9.52549091557203
"236",36,3,9.70243523073971
"237",37,3,9.67810368482336
"238",38,3,9.3469571285534
"239",39,3,9.36456264612242
"240",40,3,9.97832493370699
"241",41,3,9.94553841743651
"242",42,3,9.53377943350631
"243",43,3,10.3469418175069
"244",44,3,9.56288397923926
"245",45,3,9.93464682182247
"246",46,3,9.72815392499547
"247",47,3,9.57828663896833
"248",48,3,9.64737710344879
"249",49,3,9.47184817413825
"250",50,3,9.5394707015941
"251",51,3,17.4207526462886
"252",52,3,16.8052917330635
"253",53,3,22.0819028900477
"254",54,3,16.499520793847
"255",55,3,16.8268313148774
"256",56,3,17.6538707908291
"257",57,3,16.7005234129075
"258",58,3,17.2107997163446
"259",59,3,16.9335146845075
"260",60,3,16.8211414364713
"261",61,3,17.6079404232007
"262",62,3,16.8188413886444
"263",63,3,16.8217648571078
"264",64,3,16.9046398061982
"265",65,3,16.7702265878115
"266",66,3,16.9507903311564
"267",67,3,16.7494471578262
"268",68,3,16.7848179730414
"269",69,3,17.0013280346183
"270",70,3,17.2262761883676
"271",71,3,17.758737470334
"272",72,3,16.9453242783065
"273",73,3,16.5264955846092
"274",74,3,17.6999217845884
"275",75,3,16.6181255723514
"276",76,3,16.4755678819772
"277",77,3,16.5428662166882
"278",78,3,16.7655037250249
"279",79,3,16.9901278787654
"280",80,3,16.8581837589197
"281",81,3,17.5290289656401
"282",82,3,16.8289487066469
"283",83,3,17.6562909096382
"284",84,3,17.1734923161202
"285",85,3,17.8103062459282
"286",86,3,17.0320300814602
"287",87,3,17.3528367619754
"288",88,3,16.5331107284134
"289",89,3,17.8934034145576
"290",90,3,17.591926917621
"291",91,3,16.7706774155185
"292",92,3,17.1265458460167
"293",93,3,16.9064881126912
"294",94,3,17.6290760504082
"295",95,3,17.0157272461364
"296",96,3,17.0114647209031
"297",97,3,17.2940182165688
"298",98,3,16.7002049683895
"299",99,3,16.9700703993434
"300",100,3,16.6172567984916
"301",1,4,9.77524541534482
"302",2,4,9.62716201008006
"303",3,4,9.99769444718237
"304",4,4,0
"305",5,4,9.87223773299157
"306",6,4,9.98776646995505
"307",7,4,9.6575585435606
"308",8,4,9.9907801823589
"309",9,4,9.61652880618762
"310",10,4,9.10139416740101
"311",11,4,10.1549836203998
"312",12,4,10.095147374521
"313",13,4,9.56772624859193
"314",14,4,9.35445423363549
"315",15,4,9.58251523396321
"316",16,4,9.38960713448984
"317",17,4,9.67063205615245
"318",18,4,9.89779852499162
"319",19,4,9.85110831545836
"320",20,4,10.0053211576727
"321",21,4,10.4082945430762
"322",22,4,10.2817023320264
"323",23,4,10.169554180461
"324",24,4,9.52818175599959
"325",25,4,9.73982254964393
"326",26,4,9.63526456167993
"327",27,4,10.1582162493587
"328",28,4,9.94576729360785
"329",29,4,9.97152223605789
"330",30,4,10.611305520023
"331",31,4,9.80913400684407
"332",32,4,9.98751997204144
"333",33,4,9.94344648368942
"334",34,4,9.62074648137561
"335",35,4,9.564360551061
"336",36,4,9.85804335461536
"337",37,4,9.94499999608327
"338",38,4,10.1750434553133
"339",39,4,10.2131297741488
"340",40,4,9.98225043279913
"341",41,4,10.1759931614745
"342",42,4,9.71912899237845
"343",43,4,10.2749180703802
"344",44,4,9.78978512377261
"345",45,4,10.3025568002817
"346",46,4,9.50363926023505
"347",47,4,9.95826660276053
"348",48,4,9.92135962196366
"349",49,4,9.65108278149225
"350",50,4,9.74632854136292
"351",51,4,17.6046768265337
"352",52,4,16.8621874289658
"353",53,4,22.0639882614497
"354",54,4,16.5346669749464
"355",55,4,16.8318987449254
"356",56,4,17.9320576837442
"357",57,4,16.9802651108341
"358",58,4,17.4243670564632
"359",59,4,16.8539072652712
"360",60,4,16.8705475075384
"361",61,4,17.8648848466552
"362",62,4,16.9759414387481
"363",63,4,17.0118811516892
"364",64,4,17.2398537100943
"365",65,4,16.8850721198616
"366",66,4,17.1609146832544
"367",67,4,17.1902606534193
"368",68,4,16.8920313288545
"369",69,4,17.0844664304095
"370",70,4,17.2069525556893
"371",71,4,17.7406715725717
"372",72,4,16.9229898927147
"373",73,4,16.7514693031159
"374",74,4,17.8597264765317
"375",75,4,16.7914390775236
"376",76,4,16.6278624524198
"377",77,4,16.6106065968762
"378",78,4,16.9445443968886
"379",79,4,17.0542620847307
"380",80,4,17.3410245559587
"381",81,4,17.6212396897445
"382",82,4,17.066380111771
"383",83,4,18.067516390938
"384",84,4,17.1832102792735
"385",85,4,17.8758847436634
"386",86,4,17.1434087223803
"387",87,4,17.5126486585679
"388",88,4,16.7123623317319
"389",89,4,17.9063355299472
"390",90,4,17.8677854190153
"391",91,4,16.7495285547116
"392",92,4,17.1451834334019
"393",93,4,17.0211998151961
"394",94,4,17.9873795503868
"395",95,4,17.0473530814501
"396",96,4,16.9998714893904
"397",97,4,17.3874985231384
"398",98,4,16.7549196888758
"399",99,4,16.8852616309775
"400",100,4,16.8413663158735
"401",1,5,9.00498415682201
"402",2,5,9.30949090019985
"403",3,5,9.7184663879082
"404",4,5,9.87223773299157
"405",5,5,0
"406",6,5,9.32783724670789
"407",7,5,9.33150615835279
"408",8,5,9.16127728879628
"409",9,5,9.52260576169351
"410",10,5,9.23456183201237
"411",11,5,9.3360131892312
"412",12,5,9.44817024035345
"413",13,5,9.19873357421083
"414",14,5,9.61214292243186
"415",15,5,8.98266750751688
"416",16,5,8.93163419226057
"417",17,5,9.57460645135751
"418",18,5,9.43928777350821
"419",19,5,9.27453237353797
"420",20,5,9.16853083792641
"421",21,5,9.74302362713757
"422",22,5,9.7417640792902
"423",23,5,9.66756784977186
"424",24,5,9.25222694600768
"425",25,5,9.53443212313272
"426",26,5,9.49127134920081
"427",27,5,9.6548183348093
"428",28,5,9.52380603650845
"429",29,5,9.7093446399762
"430",30,5,9.9529607766864
"431",31,5,9.50184764719686
"432",32,5,9.21722439057447
"433",33,5,9.28639521005369
"434",34,5,9.17617406881583
"435",35,5,8.94015365761113
"436",36,5,9.22215556441389
"437",37,5,9.41909733975257
"438",38,5,9.34467157918584
"439",39,5,9.31473702542858
"440",40,5,9.39085233759509
"441",41,5,9.69414681485773
"442",42,5,9.20907873604741
"443",43,5,10.421799396309
"444",44,5,9.6275877470739
"445",45,5,9.91764526031963
"446",46,5,9.27698829488777
"447",47,5,9.04120704337558
"448",48,5,9.25013733136077
"449",49,5,9.26833714994273
"450",50,5,9.39368328380743
"451",51,5,17.04429950001
"452",52,5,16.5852866378192
"453",53,5,21.7708706950859
"454",54,5,16.136876228161
"455",55,5,16.2240543873128
"456",56,5,17.2299439118142
"457",57,5,16.4631956750215
"458",58,5,16.9658502545515
"459",59,5,16.512207382158
"460",60,5,16.4253080280398
"461",61,5,17.4340629039003
"462",62,5,16.4891055926737
"463",63,5,16.3609412246914
"464",64,5,16.7158574620991
"465",65,5,16.5086253048345
"466",66,5,16.8391053247907
"467",67,5,16.4422289454534
"468",68,5,16.3825626926071
"469",69,5,16.614075012974
"470",70,5,16.7582905010176
"471",71,5,17.3085708550149
"472",72,5,16.4323907696602
"473",73,5,16.1661279451397
"474",74,5,17.4926550341065
"475",75,5,16.2761290682601
"476",76,5,16.2297067119813
"477",77,5,16.1665643314334
"478",78,5,16.3869417137534
"479",79,5,16.4189628318976
"480",80,5,16.759944335179
"481",81,5,17.0561039105264
"482",82,5,16.7387323979285
"483",83,5,17.4793442629248
"484",84,5,16.6892045998636
"485",85,5,17.4153227679604
"486",86,5,16.511571453798
"487",87,5,17.1066911606145
"488",88,5,16.1216543151918
"489",89,5,17.5541761737788
"490",90,5,17.221391288289
"491",91,5,16.2218061970059
"492",92,5,16.7398921064785
"493",93,5,16.3989734827201
"494",94,5,17.4298931251988
"495",95,5,16.7889351371916
"496",96,5,16.5739845993586
"497",97,5,16.9367439273059
"498",98,5,16.2958002639469
"499",99,5,16.5766526922782
"500",100,5,16.1899416430911
"501",1,6,9.05163769487448
"502",2,6,9.49847778242193
"503",3,6,9.39578772979774
"504",4,6,9.98776646995505
"505",5,6,9.32783724670789
"506",6,6,0
"507",7,6,9.47148534461377
"508",8,6,9.49323589861364
"509",9,6,9.43063388294535
"510",10,6,9.26168676686469
"511",11,6,9.59963567430469
"512",12,6,9.48031128878516
"513",13,6,9.48454496582547
"514",14,6,9.68092555367109
"515",15,6,9.17458253029119
"516",16,6,9.29862894032731
"517",17,6,9.77514736999139
"518",18,6,9.5161336425659
"519",19,6,9.26219298940925
"520",20,6,9.82792749994399
"521",21,6,10.1252319255464
"522",22,6,9.84878649997705
"523",23,6,9.82683467864781
"524",24,6,9.34007961577984
"525",25,6,9.58228772884636
"526",26,6,9.30358376962052
"527",27,6,9.60626368041349
"528",28,6,9.48117420100914
"529",29,6,9.72726900362294
"530",30,6,9.6435590053702
"531",31,6,9.52128726246582
"532",32,6,9.35846966807154
"533",33,6,9.45122081853804
"534",34,6,9.35092825192591
"535",35,6,8.99308574769087
"536",36,6,9.56438233989041
"537",37,6,9.50147327395219
"538",38,6,9.52410539942623
"539",39,6,9.2947726272614
"540",40,6,9.51707695921919
"541",41,6,9.79934658291346
"542",42,6,9.41134173909069
"543",43,6,10.4446844464344
"544",44,6,9.69248016549547
"545",45,6,9.87347513013045
"546",46,6,9.61425447505626
"547",47,6,9.37476954764398
"548",48,6,9.28109066077783
"549",49,6,9.76038764278893
"550",50,6,9.53014571015192
"551",51,6,17.0482124024983
"552",52,6,16.3951874839765
"553",53,6,21.9759142044655
"554",54,6,16.2122352685703
"555",55,6,16.4906602230331
"556",56,6,17.4266745589482
"557",57,6,16.4911000948053
"558",58,6,16.8704036773811
"559",59,6,16.5899291378387
"560",60,6,16.3443444916697
"561",61,6,17.4251779732337
"562",62,6,16.4681124940356
"563",63,6,16.4610330990166
"564",64,6,16.7081082325511
"565",65,6,16.4794824232273
"566",66,6,16.6872860600027
"567",67,6,16.5453805807826
"568",68,6,16.4813986107926
"569",69,6,16.6510680825425
"570",70,6,16.856537038063
"571",71,6,17.4565502501206
"572",72,6,16.6480304622935
"573",73,6,16.3998021298141
"574",74,6,17.4648185176148
"575",75,6,16.4309369436699
"576",76,6,16.3584225925119
"577",77,6,16.4309336888667
"578",78,6,16.4242578585945
"579",79,6,16.6345694640109
"580",80,6,16.7520074903594
"581",81,6,17.1824795308636
"582",82,6,16.7024105607522
"583",83,6,17.3976832638043
"584",84,6,16.6700452802283
"585",85,6,17.4315707747906
"586",86,6,16.7578423750006
"587",87,6,17.1860045333293
"588",88,6,16.2715184371278
"589",89,6,17.5844367139206
"590",90,6,17.2367972156365
"591",91,6,16.3572529387664
"592",92,6,16.5408696523906
"593",93,6,16.6994162375779
"594",94,6,17.4824475571551
"595",95,6,16.7264085150461
"596",96,6,16.6363885135986
"597",97,6,16.9809606545606
"598",98,6,16.3571131696945
"599",99,6,16.7374089380185
"600",100,6,16.2743589236468
"601",1,7,8.37870841114336
"602",2,7,8.90825489506822
"603",3,7,9.35124636591803
"604",4,7,9.6575585435606
"605",5,7,9.33150615835279
"606",6,7,9.47148534461377
"607",7,7,0
"608",8,7,9.24716107073087
"609",9,7,9.49370874588303
"610",10,7,8.68352489042125
"611",11,7,9.19472739496139
"612",12,7,9.36064315591648
"613",13,7,9.36758467126495
"614",14,7,9.66742631208464
"615",15,7,9.15147074081557
"616",16,7,8.86143594509857
"617",17,7,9.95301723924467
"618",18,7,9.09973911980125
"619",19,7,9.44579374833434
"620",20,7,9.14185062043825
"621",21,7,9.26008813618417
"622",22,7,9.29546868384366
"623",23,7,9.22816030328774
"624",24,7,9.33681799849784
"625",25,7,9.39166625130047
"626",26,7,8.87938785905529
"627",27,7,10.2214224188318
"628",28,7,9.69778867653605
"629",29,7,9.51775986797607
"630",30,7,9.27339539606111
"631",31,7,9.52737960029276
"632",32,7,9.14401708832965
"633",33,7,9.09690398231064
"634",34,7,9.17838479648856
"635",35,7,8.91538374670942
"636",36,7,9.08485404356405
"637",37,7,8.98181599043163
"638",38,7,8.75570925065743
"639",39,7,9.28037633411829
"640",40,7,9.38775275592641
"641",41,7,10.0728482437386
"642",42,7,8.90811776226898
"643",43,7,10.4348938414757
"644",44,7,9.46759868452216
"645",45,7,9.45501797579725
"646",46,7,9.19393314229694
"647",47,7,9.15494654872406
"648",48,7,8.49684075873262
"649",49,7,9.22443849100532
"650",50,7,9.19487866159525
"651",51,7,16.6377827281366
"652",52,7,16.0969679922545
"653",53,7,21.6955965059429
"654",54,7,15.7283082474204
"655",55,7,15.8959151894234
"656",56,7,16.9738324314004
"657",57,7,16.0405162045182
"658",58,7,16.432365059465
"659",59,7,16.3212806248336
"660",60,7,16.0097258647101
"661",61,7,16.9813991421646
"662",62,7,16.1524823536163
"663",63,7,15.9950426308264
"664",64,7,16.2796603413886
"665",65,7,16.0879053852425
"666",66,7,16.3493834040533
"667",67,7,16.1702711163665
"668",68,7,16.0976881853653
"669",69,7,16.247206141986
"670",70,7,16.4790037401625
"671",71,7,16.986786010263
"672",72,7,16.0969494574726
"673",73,7,15.825503157434
"674",74,7,17.1283823042729
"675",75,7,15.886277814031
"676",76,7,15.9295167620069
"677",77,7,15.8955989901368
"678",78,7,16.0163184548536
"679",79,7,16.145142602214
"680",80,7,16.5108111906362
"681",81,7,16.7012526877705
"682",82,7,16.2646036052202
"683",83,7,17.2070328126473
"684",84,7,16.4927843634221
"685",85,7,17.0345264222474
"686",86,7,16.2646523963344
"687",87,7,16.7911082009355
"688",88,7,15.7869045477341
"689",89,7,17.233731443294
"690",90,7,16.7624505009105
"691",91,7,15.8202389468209
"692",92,7,16.2949479886249
"693",93,7,16.2072650465913
"694",94,7,17.1030312655572
"695",95,7,16.3774472124273
"696",96,7,16.2921247574568
"697",97,7,16.4882097449405
"698",98,7,15.8423793221046
"699",99,7,16.2342415372476
"700",100,7,15.7828654547897
"701",1,8,8.8901165243397
"702",2,8,9.18355150970825
"703",3,8,9.59477723515838
"704",4,8,9.9907801823589
"705",5,8,9.16127728879628
"706",6,8,9.49323589861364
"707",7,8,9.24716107073087
"708",8,8,0
"709",9,8,9.54828128246676
"710",10,8,8.92411174503557
"711",11,8,9.26960542612852
"712",12,8,9.41995071916894
"713",13,8,9.48329254142896
"714",14,8,9.29550383026828
"715",15,8,8.7976644602532
"716",16,8,8.95187327678354
"717",17,8,9.65652670989909
"718",18,8,9.37642563136647
"719",19,8,9.56852807755
"720",20,8,8.85366743611543
"721",21,8,9.59325974685327
"722",22,8,9.25225920801507
"723",23,8,9.41075064012261
"724",24,8,9.21485043519672
"725",25,8,9.30461252846284
"726",26,8,9.2498719145931
"727",27,8,9.69817969850646
"728",28,8,9.48529684457242
"729",29,8,9.69585847569246
"730",30,8,9.50268490202251
"731",31,8,9.54380715272654
"732",32,8,9.2762380758166
"733",33,8,8.94619978743366
"734",34,8,9.11976195530535
"735",35,8,8.76734802081472
"736",36,8,8.73188790296988
"737",37,8,9.12475207298875
"738",38,8,9.18813221167391
"739",39,8,8.85480138525544
"740",40,8,9.22889173469062
"741",41,8,9.66124312934456
"742",42,8,9.00953329600475
"743",43,8,10.4926722263342
"744",44,8,9.59162000237278
"745",45,8,9.59560507057127
"746",46,8,9.11337466793614
"747",47,8,9.27871215005288
"748",48,8,9.0758724795284
"749",49,8,9.59872980753817
"750",50,8,9.17459237475913
"751",51,8,16.7365813110975
"752",52,8,16.1430222561146
"753",53,8,21.7419866908656
"754",54,8,16.0110603572871
"755",55,8,15.9086348895509
"756",56,8,16.9951784582529
"757",57,8,16.2573202385062
"758",58,8,16.7439646064416
"759",59,8,16.3980287830404
"760",60,8,15.9561841531181
"761",61,8,17.1923850002764
"762",62,8,16.138703836836
"763",63,8,16.1720679222691
"764",64,8,16.462818348607
"765",65,8,16.1368863462022
"766",66,8,16.475771972246
"767",67,8,16.4419805704471
"768",68,8,16.1732260380191
"769",69,8,16.4403965078408
"770",70,8,16.448524807413
"771",71,8,17.030119610159
"772",72,8,16.1971853013988
"773",73,8,16.037966552217
"774",74,8,17.3001794668371
"775",75,8,15.8866892220869
"776",76,8,16.0171141667894
"777",77,8,15.9839708337204
"778",78,8,16.0028308996004
"779",79,8,16.3102165561907
"780",80,8,16.6104323921847
"781",81,8,16.8973912445158
"782",82,8,16.4080796379621
"783",83,8,17.4596418703015
"784",84,8,16.6509958682301
"785",85,8,17.0512819269027
"786",86,8,16.3631105593697
"787",87,8,16.93014071753
"788",88,8,15.8549962125792
"789",89,8,17.2924825325041
"790",90,8,17.0179786152121
"791",91,8,16.1253733809722
"792",92,8,16.1679651323071
"793",93,8,16.3657069154268
"794",94,8,17.2832618638267
"795",95,8,16.5535218043842
"796",96,8,16.3230007547017
"797",97,8,16.6473054413711
"798",98,8,16.034676297816
"799",99,8,16.4365545310916
"800",100,8,15.9967483323198
"801",1,9,9.08927710270797
"802",2,9,9.2342742071307
"803",3,9,9.65767814565957
"804",4,9,9.61652880618762
"805",5,9,9.52260576169351
"806",6,9,9.43063388294535
"807",7,9,9.49370874588303
"808",8,9,9.54828128246676
"809",9,9,0
"810",10,9,8.91972929627534
"811",11,9,9.70479593346817
"812",12,9,9.77048143644249
"813",13,9,9.32697295192496
"814",14,9,9.20375527534787
"815",15,9,8.78499093003589
"816",16,9,9.26517225369784
"817",17,9,9.70432303423399
"818",18,9,9.91698063709877
"819",19,9,9.41669385936033
"820",20,9,9.67843438585077
"821",21,9,9.87235498731803
"822",22,9,9.8699289395371
"823",23,9,9.74805345337622
"824",24,9,9.38871244039467
"825",25,9,9.7519488468143
"826",26,9,9.30438504331969
"827",27,9,9.72608830876007
"828",28,9,9.18422813833683
"829",29,9,9.63925836974517
"830",30,9,9.93795895575307
"831",31,9,9.33249767296266
"832",32,9,9.50248668936979
"833",33,9,9.13424732102665
"834",34,9,9.63294055049431
"835",35,9,8.86086179833561
"836",36,9,9.3388047518318
"837",37,9,9.65239783826403
"838",38,9,9.51436669789653
"839",39,9,10.0502220711666
"840",40,9,9.79806325539325
"841",41,9,9.64916055721936
"842",42,9,8.90385826942481
"843",43,9,10.5742122889351
"844",44,9,9.4686401382305
"845",45,9,10.0802811022066
"846",46,9,9.30640495173855
"847",47,9,9.34095471062183
"848",48,9,9.45414476816364
"849",49,9,9.47267462022877
"850",50,9,9.52628014649412
"851",51,9,16.7663817311729
"852",52,9,16.2700070772294
"853",53,9,21.8545015419627
"854",54,9,15.9554165352899
"855",55,9,16.154373793222
"856",56,9,17.0805994051405
"857",57,9,16.1957473616242
"858",58,9,16.5550480026922
"859",59,9,16.4511375630171
"860",60,9,16.2450665862852
"861",61,9,17.2143577961052
"862",62,9,16.1288003069658
"863",63,9,16.170222596403
"864",64,9,16.4200057670087
"865",65,9,16.2641098873094
"866",66,9,16.5589510920938
"867",67,9,16.2414844722926
"868",68,9,16.2298231282728
"869",69,9,16.3888426455943
"870",70,9,16.6401707151125
"871",71,9,17.0526308310513
"872",72,9,16.1955009020478
"873",73,9,16.071742376973
"874",74,9,17.2632496937738
"875",75,9,16.198247315553
"876",76,9,16.0334100867438
"877",77,9,15.9929463969134
"878",78,9,16.1451385280174
"879",79,9,16.3290523017314
"880",80,9,16.3907935939357
"881",81,9,16.8920159229727
"882",82,9,16.2538077590386
"883",83,9,17.2752475010748
"884",84,9,16.5611244083036
"885",85,9,17.1511968865771
"886",86,9,16.4019008447747
"887",87,9,16.7963197213363
"888",88,9,15.9736509653358
"889",89,9,17.2881927021176
"890",90,9,16.9777257148826
"891",91,9,16.1439205239603
"892",92,9,16.5066532594333
"893",93,9,16.2371558331446
"894",94,9,17.1562115751678
"895",95,9,16.397204333739
"896",96,9,16.2489692128701
"897",97,9,16.6403996337823
"898",98,9,16.0402738153458
"899",99,9,16.2382465891997
"900",100,9,15.7990625384588
"901",1,10,8.66180638349255
"902",2,10,9.01516587464112
"903",3,10,9.19404853240059
"904",4,10,9.10139416740101
"905",5,10,9.23456183201237
"906",6,10,9.26168676686469
"907",7,10,8.68352489042125
"908",8,10,8.92411174503557
"909",9,10,8.91972929627534
"910",10,10,0
"911",11,10,9.27912008538825
"912",12,10,8.85303102830597
"913",13,10,8.96900541300298
"914",14,10,9.04160211246031
"915",15,10,8.57913277564489
"916",16,10,8.65366836363016
"917",17,10,9.60180867228627
"918",18,10,9.03105608020595
"919",19,10,9.08686270591484
"920",20,10,9.01205065400337
"921",21,10,9.4433521861722
"922",22,10,9.1974273532393
"923",23,10,9.27190347117205
"924",24,10,9.1156242077405
"925",25,10,8.93399380807454
"926",26,10,8.72196292779246
"927",27,10,9.49320084723886
"928",28,10,8.88897805933923
"929",29,10,9.43813340449033
"930",30,10,9.2046934795851
"931",31,10,9.11406979049825
"932",32,10,9.20223013178918
"933",33,10,8.95581969486125
"934",34,10,9.16263602565021
"935",35,10,8.8853090420646
"936",36,10,8.50790842208531
"937",37,10,9.11039952715848
"938",38,10,8.71049673557849
"939",39,10,9.53699960222773
"940",40,10,8.72736417395978
"941",41,10,9.79243230588433
"942",42,10,9.01792609732479
"943",43,10,10.1868707305641
"944",44,10,9.62625880733837
"945",45,10,9.61816735568474
"946",46,10,8.74406096842757
"947",47,10,9.02244779103116
"948",48,10,8.84713069260424
"949",49,10,9.08578477278425
"950",50,10,9.19003808750256
"951",51,10,16.4649925096383
"952",52,10,15.8770174899324
"953",53,10,21.5698538022065
"954",54,10,15.6351684092528
"955",55,10,15.8051423170952
"956",56,10,16.9003660175301
"957",57,10,16.0065541150385
"958",58,10,16.4223066535071
"959",59,10,16.0849367661091
"960",60,10,15.951921265943
"961",61,10,16.98926728065
"962",62,10,15.9691174400693
"963",63,10,15.8429919002523
"964",64,10,16.2482428647016
"965",65,10,15.9811115611155
"966",66,10,16.1775875996704
"967",67,10,16.0049347703345
"968",68,10,15.9274421984327
"969",69,10,16.0043589165548
"970",70,10,16.2942349683828
"971",71,10,16.8736355602038
"972",72,10,15.7938502097253
"973",73,10,15.7536683422844
"974",74,10,17.0782803672879
"975",75,10,15.6710683070404
"976",76,10,15.6620946255242
"977",77,10,15.5946600798739
"978",78,10,15.7993021595375
"979",79,10,16.0713510855965
"980",80,10,16.4018116134684
"981",81,10,16.7307825081672
"982",82,10,16.2698529292575
"983",83,10,17.2002550681369
"984",84,10,16.3617903204587
"985",85,10,16.9362089963433
"986",86,10,16.2407933986726
"987",87,10,16.647957555192
"988",88,10,15.6898772040757
"989",89,10,17.1183196430459
"990",90,10,16.8890096190304
"991",91,10,15.9285121197921
"992",92,10,16.1066652973417
"993",93,10,16.0796995168132
"994",94,10,17.125749602623
"995",95,10,16.2588120176844
"996",96,10,16.1953957205842
"997",97,10,16.3475263043033
"998",98,10,15.6933576314454
"999",99,10,16.0950292580121
"1000",100,10,15.670646188269
"1001",1,11,9.00147065286625
"1002",2,11,8.90971967092616
"1003",3,11,9.58304517983078
"1004",4,11,10.1549836203998
"1005",5,11,9.3360131892312
"1006",6,11,9.59963567430469
"1007",7,11,9.19472739496139
"1008",8,11,9.26960542612852
"1009",9,11,9.70479593346817
"1010",10,11,9.27912008538825
"1011",11,11,0
"1012",12,11,9.52246489449308
"1013",13,11,8.99926786799086
"1014",14,11,9.78420463723774
"1015",15,11,9.54760014432197
"1016",16,11,9.04109586947668
"1017",17,11,9.73139741916002
"1018",18,11,9.40576773232696
"1019",19,11,9.24304247141028
"1020",20,11,9.36347887239397
"1021",21,11,9.65146688758334
"1022",22,11,9.331137015674
"1023",23,11,9.19932498745078
"1024",24,11,9.77619966301905
"1025",25,11,9.58082073020637
"1026",26,11,9.44021098141165
"1027",27,11,10.2114451626802
"1028",28,11,9.78573036910452
"1029",29,11,9.85831252915488
"1030",30,11,9.52085292312646
"1031",31,11,9.33023978540632
"1032",32,11,9.58011944809317
"1033",33,11,9.48701734114674
"1034",34,11,9.18055709862897
"1035",35,11,9.25937557265804
"1036",36,11,9.23897551521817
"1037",37,11,8.95776489289628
"1038",38,11,9.14902913424841
"1039",39,11,9.47216269215233
"1040",40,11,9.54210640525239
"1041",41,11,9.7358049404334
"1042",42,11,9.04516186141816
"1043",43,11,10.1705201098989
"1044",44,11,9.30089409102331
"1045",45,11,9.59713714288351
"1046",46,11,9.38317459162084
"1047",47,11,9.42521042733626
"1048",48,11,9.24070668746888
"1049",49,11,9.45626774634774
"1050",50,11,9.12792406805488
"1051",51,11,16.881067246246
"1052",52,11,16.4182000127858
"1053",53,11,21.971486792321
"1054",54,11,16.0593449759527
"1055",55,11,16.1487649713298
"1056",56,11,17.286874933714
"1057",57,11,16.2998148494958
"1058",58,11,16.9130465526595
"1059",59,11,16.5631725381451
"1060",60,11,16.3803193838139
"1061",61,11,17.3958858864991
"1062",62,11,16.4488770074136
"1063",63,11,16.3947695591257
"1064",64,11,16.8515445873237
"1065",65,11,16.47607827248
"1066",66,11,16.6261445834311
"1067",67,11,16.3485950992572
"1068",68,11,16.4306171388165
"1069",69,11,16.5857998654812
"1070",70,11,16.6984881348756
"1071",71,11,17.2996467713434
"1072",72,11,16.410396419602
"1073",73,11,16.2004960821537
"1074",74,11,17.2988377604491
"1075",75,11,16.0367065470739
"1076",76,11,16.0675028554922
"1077",77,11,16.1061291667834
"1078",78,11,16.1603057938746
"1079",79,11,16.5523887865285
"1080",80,11,16.7799357454395
"1081",81,11,17.0973630024208
"1082",82,11,16.4611077033216
"1083",83,11,17.4219221664528
"1084",84,11,16.6702125524814
"1085",85,11,17.1179209714462
"1086",86,11,16.5369276163195
"1087",87,11,16.9895929766534
"1088",88,11,16.0091038579702
"1089",89,11,17.4806413036941
"1090",90,11,17.1869400724259
"1091",91,11,16.2047880066611
"1092",92,11,16.5641016393422
"1093",93,11,16.4184732201482
"1094",94,11,17.3784218908481
"1095",95,11,16.5969632578017
"1096",96,11,16.618781156071
"1097",97,11,16.8390929102783
"1098",98,11,16.1704814620129
"1099",99,11,16.6082118080793
"1100",100,11,16.2374601899826
"1101",1,12,8.90311587610485
"1102",2,12,9.33010817622134
"1103",3,12,9.65466432063339
"1104",4,12,10.095147374521
"1105",5,12,9.44817024035345
"1106",6,12,9.48031128878516
"1107",7,12,9.36064315591648
"1108",8,12,9.41995071916894
"1109",9,12,9.77048143644249
"1110",10,12,8.85303102830597
"1111",11,12,9.52246489449308
"1112",12,12,0
"1113",13,12,9.71730319349842
"1114",14,12,10.0628657169328
"1115",15,12,9.24585441769913
"1116",16,12,9.24234220446654
"1117",17,12,10.0659332049651
"1118",18,12,9.60259193252902
"1119",19,12,9.68438907245541
"1120",20,12,9.66156320644723
"1121",21,12,9.82439214126052
"1122",22,12,10.0757185590355
"1123",23,12,9.6587473000389
"1124",24,12,9.36348999712601
"1125",25,12,9.5314653083966
"1126",26,12,9.52103420890501
"1127",27,12,9.87511565574027
"1128",28,12,9.68304919007969
"1129",29,12,9.8650106693842
"1130",30,12,9.74488275928655
"1131",31,12,9.47488353661805
"1132",32,12,9.66147650657977
"1133",33,12,9.30779749761784
"1134",34,12,9.76919537085625
"1135",35,12,9.28186534835978
"1136",36,12,9.95593867889867
"1137",37,12,9.3158332822807
"1138",38,12,9.37089970787843
"1139",39,12,9.59551295628758
"1140",40,12,9.82765900511223
"1141",41,12,9.89587292070814
"1142",42,12,9.68979909169337
"1143",43,12,10.3846194098494
"1144",44,12,9.98480828725485
"1145",45,12,10.334030356418
"1146",46,12,9.65323015652502
"1147",47,12,9.70732452387901
"1148",48,12,9.50117751343431
"1149",49,12,9.63982034169482
"1150",50,12,9.22987672785205
"1151",51,12,17.2744441661003
"1152",52,12,16.4387350971509
"1153",53,12,22.1933572214299
"1154",54,12,16.4132300697508
"1155",55,12,16.33607594283
"1156",56,12,17.5156090359469
"1157",57,12,16.5832722488993
"1158",58,12,17.0689366521455
"1159",59,12,16.7803132209348
"1160",60,12,16.5621453105045
"1161",61,12,17.5988212611752
"1162",62,12,16.6270148211716
"1163",63,12,16.5220515896223
"1164",64,12,16.8844565608989
"1165",65,12,16.5536191568819
"1166",66,12,16.8898639683535
"1167",67,12,16.5755264806866
"1168",68,12,16.5403411781321
"1169",69,12,16.8549303666061
"1170",70,12,16.9766633320385
"1171",71,12,17.4497322961688
"1172",72,12,16.6053355587097
"1173",73,12,16.5135570299911
"1174",74,12,17.7870257243885
"1175",75,12,16.3994235821311
"1176",76,12,16.5863305011306
"1177",77,12,16.4362906022408
"1178",78,12,16.4796957417724
"1179",79,12,16.7472096170571
"1180",80,12,16.8425565662663
"1181",81,12,17.1647247402923
"1182",82,12,16.9567618662861
"1183",83,12,17.5300186342627
"1184",84,12,17.0237265434387
"1185",85,12,17.5306251695725
"1186",86,12,16.7913688530048
"1187",87,12,17.1999851811357
"1188",88,12,16.3143567091043
"1189",89,12,17.8776867134132
"1190",90,12,17.1604056798792
"1191",91,12,16.5297251350826
"1192",92,12,16.7648462538532
"1193",93,12,16.5869822777691
"1194",94,12,17.6062150962654
"1195",95,12,16.9319544887688
"1196",96,12,16.8316502098505
"1197",97,12,17.1470883716898
"1198",98,12,16.4929752943289
"1199",99,12,16.7692128689621
"1200",100,12,16.2736581788467
"1201",1,13,9.07494446935963
"1202",2,13,8.93391996138027
"1203",3,13,9.37042905276972
"1204",4,13,9.56772624859193
"1205",5,13,9.19873357421083
"1206",6,13,9.48454496582547
"1207",7,13,9.36758467126495
"1208",8,13,9.48329254142896
"1209",9,13,9.32697295192496
"1210",10,13,8.96900541300298
"1211",11,13,8.99926786799086
"1212",12,13,9.71730319349842
"1213",13,13,0
"1214",14,13,9.10198391303171
"1215",15,13,8.94275828448762
"1216",16,13,8.79607732423183
"1217",17,13,9.36909674288286
"1218",18,13,9.46112278276043
"1219",19,13,9.24088849568246
"1220",20,13,9.35412159067549
"1221",21,13,9.690475724028
"1222",22,13,9.65705117843394
"1223",23,13,9.45476546895092
"1224",24,13,9.57992944097232
"1225",25,13,9.38812004315658
"1226",26,13,9.48404670599399
"1227",27,13,9.79730735046414
"1228",28,13,9.29537436178737
"1229",29,13,9.42033027103788
"1230",30,13,9.61371976139307
"1231",31,13,8.98912250913854
"1232",32,13,9.36170640889253
"1233",33,13,9.37935120349633
"1234",34,13,9.05094556419065
"1235",35,13,8.95620686713005
"1236",36,13,9.35978945060768
"1237",37,13,9.36640332169871
"1238",38,13,9.15840253706014
"1239",39,13,9.47730610219685
"1240",40,13,9.4170487278086
"1241",41,13,9.59815823438443
"1242",42,13,9.10467769688765
"1243",43,13,9.96708029919364
"1244",44,13,9.63515414249335
"1245",45,13,9.85913878357296
"1246",46,13,9.14533725771223
"1247",47,13,9.26832342842025
"1248",48,13,9.1477058423553
"1249",49,13,9.08213811587118
"1250",50,13,9.27102892269547
"1251",51,13,17.2779076970895
"1252",52,13,16.9520768484964
"1253",53,13,22.0898412007496
"1254",54,13,16.3097105936561
"1255",55,13,16.513278869729
"1256",56,13,17.6802223850802
"1257",57,13,16.7616034487724
"1258",58,13,17.2125263409593
"1259",59,13,16.9624635247799
"1260",60,13,16.7329735775363
"1261",61,13,17.6677178743877
"1262",62,13,16.7202215346389
"1263",63,13,16.7170172190295
"1264",64,13,17.0668006193534
"1265",65,13,16.8100233745316
"1266",66,13,16.9032009929851
"1267",67,13,16.8906685475467
"1268",68,13,16.7186163973271
"1269",69,13,17.0895185760379
"1270",70,13,17.1096689161255
"1271",71,13,17.6712202807122
"1272",72,13,16.8312393538142
"1273",73,13,16.5983525151431
"1274",74,13,17.8103032204995
"1275",75,13,16.5680047274062
"1276",76,13,16.5692170071587
"1277",77,13,16.6193340501409
"1278",78,13,16.7333959935421
"1279",79,13,16.8974896427891
"1280",80,13,16.9582890452779
"1281",81,13,17.3774941132353
"1282",82,13,16.9293668769716
"1283",83,13,17.8017435629093
"1284",84,13,16.9494007819667
"1285",85,13,17.7134126971627
"1286",86,13,16.8744501186302
"1287",87,13,17.4156323454513
"1288",88,13,16.4386433582347
"1289",89,13,17.8121464008277
"1290",90,13,17.660949882473
"1291",91,13,16.5997279751013
"1292",92,13,17.0431640151717
"1293",93,13,16.8733487385693
"1294",94,13,17.6262271681792
"1295",95,13,17.082911687495
"1296",96,13,16.8204643684123
"1297",97,13,17.1597882035856
"1298",98,13,16.690075609994
"1299",99,13,16.999034307614
"1300",100,13,16.6267245590932
"1301",1,14,9.0831569255518
"1302",2,14,9.35650797173246
"1303",3,14,9.5845582116915
"1304",4,14,9.35445423363549
"1305",5,14,9.61214292243186
"1306",6,14,9.68092555367109
"1307",7,14,9.66742631208464
"1308",8,14,9.29550383026828
"1309",9,14,9.20375527534787
"1310",10,14,9.04160211246031
"1311",11,14,9.78420463723774
"1312",12,14,10.0628657169328
"1313",13,14,9.10198391303171
"1314",14,14,0
"1315",15,14,8.98775011141446
"1316",16,14,9.20975731044856
"1317",17,14,9.63126662940288
"1318",18,14,9.81665648893222
"1319",19,14,9.37706223770752
"1320",20,14,9.3000321965385
"1321",21,14,9.39737505953763
"1322",22,14,9.74735455353224
"1323",23,14,9.83499782965568
"1324",24,14,9.62801486102856
"1325",25,14,9.66568993147012
"1326",26,14,9.29163344791997
"1327",27,14,10.1773512986757
"1328",28,14,9.28992676269791
"1329",29,14,9.65447874861319
"1330",30,14,10.3104030317225
"1331",31,14,9.11974590010628
"1332",32,14,9.48408466292137
"1333",33,14,9.57832165840098
"1334",34,14,9.41488960145468
"1335",35,14,9.27029758375854
"1336",36,14,9.22263272761951
"1337",37,14,9.44277880142851
"1338",38,14,9.4920391416579
"1339",39,14,9.48559089146157
"1340",40,14,9.64766250624618
"1341",41,14,9.9816181151177
"1342",42,14,8.93005880821486
"1343",43,14,10.4915520044049
"1344",44,14,9.22909322019737
"1345",45,14,9.58053452861169
"1346",46,14,8.97799022872683
"1347",47,14,9.41674828516576
"1348",48,14,9.24915155271029
"1349",49,14,9.3711740256303
"1350",50,14,9.36839696983354
"1351",51,14,16.8883289968393
"1352",52,14,16.4874982401402
"1353",53,14,21.7322125538587
"1354",54,14,16.1173474771156
"1355",55,14,16.4731964001044
"1356",56,14,17.254325374248
"1357",57,14,16.5257448352151
"1358",58,14,16.9718185419653
"1359",59,14,16.5409646362862
"1360",60,14,16.3378508035303
"1361",61,14,17.2281939422727
"1362",62,14,16.4101836737012
"1363",63,14,16.5880109002583
"1364",64,14,16.5171254147492
"1365",65,14,16.5420350904634
"1366",66,14,16.6233661794178
"1367",67,14,16.5123245288486
"1368",68,14,16.4481360310258
"1369",69,14,16.7263985720167
"1370",70,14,16.8640764993652
"1371",71,14,17.3787252969965
"1372",72,14,16.6166686429718
"1373",73,14,16.4242917109657
"1374",74,14,17.3321835137772
"1375",75,14,16.3919962818906
"1376",76,14,16.3261830383004
"1377",77,14,16.2245925693974
"1378",78,14,16.3457517836012
"1379",79,14,16.6321192300931
"1380",80,14,16.6182703488658
"1381",81,14,17.1156250069273
"1382",82,14,16.7065843064479
"1383",83,14,17.3167416567522
"1384",84,14,16.6671084879458
"1385",85,14,17.4921664991338
"1386",86,14,16.8006272659346
"1387",87,14,16.9706622163181
"1388",88,14,16.287080240407
"1389",89,14,17.547486168528
"1390",90,14,17.1381525995274
"1391",91,14,16.3070787073044
"1392",92,14,16.6407754782088
"1393",93,14,16.7265790217957
"1394",94,14,17.397240059213
"1395",95,14,16.7484849299174
"1396",96,14,16.4640859768492
"1397",97,14,16.9278791267272
"1398",98,14,16.449491648423
"1399",99,14,16.5995094715401
"1400",100,14,16.3420493946181
"1401",1,15,8.49002819562806
"1402",2,15,8.63631298911074
"1403",3,15,9.32303013182952
"1404",4,15,9.58251523396321
"1405",5,15,8.98266750751688
"1406",6,15,9.17458253029119
"1407",7,15,9.15147074081557
"1408",8,15,8.7976644602532
"1409",9,15,8.78499093003589
"1410",10,15,8.57913277564489
"1411",11,15,9.54760014432197
"1412",12,15,9.24585441769913
"1413",13,15,8.94275828448762
"1414",14,15,8.98775011141446
"1415",15,15,0
"1416",16,15,8.57319189479605
