"","row","col","value"
"1",1,1,0
"2",2,1,8.54509092124498
"3",3,1,9.39490894405145
"4",4,1,9.77524541534482
"5",5,1,9.00498415682201
"6",6,1,9.05163769487448
"7",7,1,8.37870841114336
"8",8,1,8.8901165243397
"9",9,1,9.08927710270797
"10",10,1,8.66180638349255
"11",11,1,9.00147065286625
"12",12,1,8.90311587610485
"13",13,1,9.07494446935963
"14",14,1,9.0831569255518
"15",15,1,8.49002819562806
"16",16,1,8.48728437730077
"17",17,1,9.56105983888028
"18",18,1,8.9823981606784
"19",19,1,9.06991386934063
"20",20,1,8.52266046978489
"21",21,1,8.97603943186127
"22",22,1,8.68077119505856
"23",23,1,9.15875744909521
"24",24,1,8.87978030223199
"25",25,1,8.93787165271488
"26",26,1,8.80251162199152
"27",27,1,9.83620822107454
"28",28,1,8.81963272106939
"29",29,1,9.50487736700173
"30",30,1,9.39677888625663
"31",31,1,8.91544509626448
"32",32,1,8.84682090705317
"33",33,1,8.63968013113732
"34",34,1,9.32214062984597
"35",35,1,8.58008093142073
"36",36,1,8.84147662510747
"37",37,1,8.915067295595
"38",38,1,8.87311344408818
"39",39,1,9.10828047300168
"40",40,1,9.08191212025873
"41",41,1,9.45822773958581
"42",42,1,8.63491265473641
"43",43,1,10.9378638338777
"44",44,1,9.3438367576408
"45",45,1,9.50720866366192
"46",46,1,8.86176526900573
"47",47,1,9.10680881981381
"48",48,1,8.41833437838003
"49",49,1,9.04477096374856
"50",50,1,8.67792239353183
"51",51,1,14.6119100421859
"52",52,1,13.3173594708952
"53",53,1,14.1664639887726
"54",54,1,13.9991433678677
"55",55,1,15.3255826129964
"56",56,1,14.7367219770279
"57",57,1,14.6557616522225
"58",58,1,14.7077542881144
"59",59,1,14.9350994978898
"60",60,1,13.920249917274
"61",61,1,15.0196842086184
"62",62,1,14.132055238541
"63",63,1,14.2522469605167
"64",64,1,14.1903057189478
"65",65,1,14.9793545702177
"66",66,1,13.7389458323978
"67",67,1,15.4796134585385
"68",68,1,13.4534543316518
"69",69,1,14.0229923541749
"70",70,1,16.0979565084962
"71",71,1,15.2012028951255
"72",72,1,13.9534513700245
"73",73,1,14.8521581806753
"74",74,1,14.1562592796521
"75",75,1,15.7080844194142
"76",76,1,13.6930374706425
"77",77,1,15.417113583738
"78",78,1,14.6039914284756
"79",79,1,14.5791669268901
"80",80,1,14.5560670413417
"81",81,1,14.1177451654404
"82",82,1,14.3700323143411
"83",83,1,13.592199748658
"84",84,1,13.450590217615
"85",85,1,13.8724232701772
"86",86,1,13.1682784860281
"87",87,1,14.0620382382504
"88",88,1,13.8556708298524
"89",89,1,13.4519245532642
"90",90,1,13.7902097416184
"91",91,1,13.3641847897833
"92",92,1,16.0355255858517
"93",93,1,13.903715159221
"94",94,1,13.0450516746862
"95",95,1,14.3118469356303
"96",96,1,14.3494053928974
"97",97,1,13.8743935047872
"98",98,1,13.97073443796
"99",99,1,14.4580788218008
"100",100,1,14.6678011805873
"101",1,2,8.54509092124498
"102",2,2,0
"103",3,2,9.21123042410827
"104",4,2,9.62716201008006
"105",5,2,9.30949090019985
"106",6,2,9.49847778242193
"107",7,2,8.90825489506822
"108",8,2,9.18355150970825
"109",9,2,9.2342742071307
"110",10,2,9.01516587464112
"111",11,2,8.90971967092616
"112",12,2,9.33010817622134
"113",13,2,8.93391996138027
"114",14,2,9.35650797173246
"115",15,2,8.63631298911074
"116",16,2,8.85468700139168
"117",17,2,9.55048686932833
"118",18,2,9.0912627180778
"119",19,2,8.95243802680996
"120",20,2,9.05264952355487
"121",21,2,9.38152915226393
"122",22,2,9.20313184378645
"123",23,2,9.03518316955591
"124",24,2,9.24543694162041
"125",25,2,9.39021931717313
"126",26,2,8.9752899048269
"127",27,2,9.94902251165451
"128",28,2,9.0192013238769
"129",29,2,9.71857649998065
"130",30,2,9.37800726514657
"131",31,2,9.13538170546571
"132",32,2,9.04296606998356
"133",33,2,9.15816991689587
"134",34,2,9.16382379744537
"135",35,2,9.01407858056254
"136",36,2,8.97056882997088
"137",37,2,8.94125591760919
"138",38,2,8.89783721647686
"139",39,2,9.46726822038447
"140",40,2,9.16971511842818
"141",41,2,9.87572362538507
"142",42,2,8.70126794665285
"143",43,2,10.402095411715
"144",44,2,9.48237204615748
"145",45,2,9.63106251680841
"146",46,2,9.33305071417996
"147",47,2,9.2927977474669
"148",48,2,8.83473134938
"149",49,2,9.29498188624336
"150",50,2,9.18462360383704
"151",51,2,14.8422051302688
"152",52,2,13.7195831478962
"153",53,2,14.6835185897048
"154",54,2,14.4117300273485
"155",55,2,15.4568684525031
"156",56,2,14.6701460046491
"157",57,2,14.7310412859568
"158",58,2,14.8428362763039
"159",59,2,14.9327465240811
"160",60,2,14.4363695750334
"161",61,2,15.2194733993832
"162",62,2,14.4588960879512
"163",63,2,14.8189702664052
"164",64,2,14.7247498181113
"165",65,2,15.4393994484157
"166",66,2,14.1613017031504
"167",67,2,15.5208322241927
"168",68,2,13.9680098425577
"169",69,2,14.4489269660068
"170",70,2,16.383921718775
"171",71,2,15.4180174490319
"172",72,2,14.3844229714424
"173",73,2,15.146614714188
"174",74,2,14.5455333939494
"175",75,2,15.6537115995026
"176",76,2,14.1681751743566
"177",77,2,15.762975443171
"178",78,2,14.8530033963558
"179",79,2,14.9518556005963
"180",80,2,14.7611396680186
"181",81,2,14.4168747138273
"182",82,2,14.8523496688159
"183",83,2,13.9742319497835
"184",84,2,13.9453606613506
"185",85,2,14.2072705717109
"186",86,2,13.6366307786308
"187",87,2,14.4878027362474
"188",88,2,14.3780161461808
"189",89,2,13.9955635601852
"190",90,2,14.2078632818424
"191",91,2,13.9379028039781
"192",92,2,16.1155617259321
"193",93,2,13.8737923492865
"194",94,2,13.7393927234075
"195",95,2,14.38292488899
"196",96,2,14.8571119701582
"197",97,2,14.4710672982759
"198",98,2,14.5836462986337
"199",99,2,14.6411646524666
"200",100,2,14.9557754635474
"201",1,3,9.39490894405145
"202",2,3,9.21123042410827
"203",3,3,0
"204",4,3,9.99769444718237
"205",5,3,9.7184663879082
"206",6,3,9.39578772979774
"207",7,3,9.35124636591803
"208",8,3,9.59477723515838
"209",9,3,9.65767814565957
"210",10,3,9.19404853240059
"211",11,3,9.58304517983078
"212",12,3,9.65466432063339
"213",13,3,9.37042905276972
"214",14,3,9.5845582116915
"215",15,3,9.32303013182952
"216",16,3,9.37511007783461
"217",17,3,9.64270718449619
"218",18,3,9.84653721792943
"219",19,3,9.67738873129758
"220",20,3,9.90129313119902
"221",21,3,10.2301568711877
"222",22,3,9.4686077974525
"223",23,3,9.51864923547
"224",24,3,9.42173256376585
"225",25,3,9.51937091342031
"226",26,3,9.21045740018807
"227",27,3,9.92945482690162
"228",28,3,9.38074491709803
"229",29,3,9.98749913139812
"230",30,3,9.99249681892796
"231",31,3,9.31041412726706
"232",32,3,9.56617068330233
"233",33,3,9.35213694498956
"234",34,3,9.49711449656725
"235",35,3,9.52549091557203
"236",36,3,9.70243523073971
"237",37,3,9.67810368482336
"238",38,3,9.3469571285534
"239",39,3,9.36456264612242
"240",40,3,9.97832493370699
"241",41,3,9.94553841743651
"242",42,3,9.53377943350631
"243",43,3,10.3469418175069
"244",44,3,9.56288397923926
"245",45,3,9.93464682182247
"246",46,3,9.72815392499547
"247",47,3,9.57828663896833
"248",48,3,9.64737710344879
"249",49,3,9.47184817413825
"250",50,3,9.5394707015941
"251",51,3,15.8714232968641
"252",52,3,14.8565637573097
"253",53,3,15.472005028977
"254",54,3,15.3376426648924
"255",55,3,16.3122337325074
"256",56,3,15.4294031809815
"257",57,3,15.6003998043292
"258",58,3,15.6830773200351
"259",59,3,15.555046818309
"260",60,3,15.4845185806942
"261",61,3,16.0128454880968
"262",62,3,15.5465569431679
"263",63,3,15.8279526585805
"264",64,3,15.6521961358828
"265",65,3,16.0931781531696
"266",66,3,15.231669909793
"267",67,3,16.1863603038437
"268",68,3,15.0818123369089
"269",69,3,15.3559632482862
"270",70,3,17.1031800144665
"271",71,3,16.1522043063623
"272",72,3,15.1620501839547
"273",73,3,16.2888510052864
"274",74,3,15.4142761716962
"275",75,3,16.301041486614
"276",76,3,14.9923850081606
"277",77,3,16.6350362942349
"278",78,3,15.4849535304978
"279",79,3,15.9193831502802
"280",80,3,15.7907209308369
"281",81,3,15.7185223982342
"282",82,3,15.8385654483095
"283",83,3,15.4772180026584
"284",84,3,15.0176979395397
"285",85,3,15.313214638333
"286",86,3,14.574753660295
"287",87,3,15.239087284947
"288",88,3,15.2946545766634
"289",89,3,15.2825090712133
"290",90,3,15.2971975535704
"291",91,3,15.1129394525603
"292",92,3,16.6745099418665
"293",93,3,15.1064136209545
"294",94,3,14.9592104800752
"295",95,3,15.1212024958861
"296",96,3,15.6224564086379
"297",97,3,15.5206944853917
"298",98,3,15.5279928246882
"299",99,3,15.7902493614694
"300",100,3,15.5120356879386
"301",1,4,9.77524541534482
"302",2,4,9.62716201008006
"303",3,4,9.99769444718237
"304",4,4,0
"305",5,4,9.87223773299157
"306",6,4,9.98776646995505
"307",7,4,9.6575585435606
"308",8,4,9.9907801823589
"309",9,4,9.61652880618762
"310",10,4,9.10139416740101
"311",11,4,10.1549836203998
"312",12,4,10.095147374521
"313",13,4,9.56772624859193
"314",14,4,9.35445423363549
"315",15,4,9.58251523396321
"316",16,4,9.38960713448984
"317",17,4,9.67063205615245
"318",18,4,9.89779852499162
"319",19,4,9.85110831545836
"320",20,4,10.0053211576727
"321",21,4,10.4082945430762
"322",22,4,10.2817023320264
"323",23,4,10.169554180461
"324",24,4,9.52818175599959
"325",25,4,9.73982254964393
"326",26,4,9.63526456167993
"327",27,4,10.1582162493587
"328",28,4,9.94576729360785
"329",29,4,9.97152223605789
"330",30,4,10.611305520023
"331",31,4,9.80913400684407
"332",32,4,9.98751997204144
"333",33,4,9.94344648368942
"334",34,4,9.62074648137561
"335",35,4,9.564360551061
"336",36,4,9.85804335461536
"337",37,4,9.94499999608327
"338",38,4,10.1750434553133
"339",39,4,10.2131297741488
"340",40,4,9.98225043279913
"341",41,4,10.1759931614745
"342",42,4,9.71912899237845
"343",43,4,10.2749180703802
"344",44,4,9.78978512377261
"345",45,4,10.3025568002817
"346",46,4,9.50363926023505
"347",47,4,9.95826660276053
"348",48,4,9.92135962196366
"349",49,4,9.65108278149225
"350",50,4,9.74632854136292
"351",51,4,14.9922672433147
"352",52,4,14.1608439863044
"353",53,4,14.9283284332679
"354",54,4,14.8101057612189
"355",55,4,15.2627656174682
"356",56,4,14.4000602759295
"357",57,4,14.8601359121342
"358",58,4,15.0472399316058
"359",59,4,14.544729026132
"360",60,4,14.8102204324775
"361",61,4,15.1230510920702
"362",62,4,14.6420423431663
"363",63,4,15.1674017195571
"364",64,4,14.7592625719579
"365",65,4,15.7911376470965
"366",66,4,14.6577550766419
"367",67,4,15.4264799051998
"368",68,4,14.3480527630703
"369",69,4,14.6648578754303
"370",70,4,15.9894870349679
"371",71,4,15.9031421413829
"372",72,4,14.3828776420493
"373",73,4,15.5804654991057
"374",74,4,14.5483310690701
"375",75,4,15.1731252962695
"376",76,4,14.2862163783077
"377",77,4,15.6543428204911
"378",78,4,14.5813929871544
"379",79,4,15.2162171689486
"380",80,4,14.9493151302328
"381",81,4,14.9126877850783
"382",82,4,15.2315887499413
"383",83,4,14.6296620727882
"384",84,4,14.6695214124622
"385",85,4,14.4803611749465
"386",86,4,13.9134983639453
"387",87,4,14.5965963741687
"388",88,4,14.8584825330018
"389",89,4,14.6009538587126
"390",90,4,14.5628324246986
"391",91,4,14.5276258937155
"392",92,4,15.8148463085009
"393",93,4,14.2996677913563
"394",94,4,14.6316439279536
"395",95,4,14.4164065765561
"396",96,4,14.91490221857
"397",97,4,14.7474610992777
"398",98,4,14.9970713885306
"399",99,4,14.6461496541813
"400",100,4,14.8639075109106
"401",1,5,9.00498415682201
"402",2,5,9.30949090019985
"403",3,5,9.7184663879082
"404",4,5,9.87223773299157
"405",5,5,0
"406",6,5,9.32783724670789
"407",7,5,9.33150615835279
"408",8,5,9.16127728879628
"409",9,5,9.52260576169351
"410",10,5,9.23456183201237
"411",11,5,9.3360131892312
"412",12,5,9.44817024035345
"413",13,5,9.19873357421083
"414",14,5,9.61214292243186
"415",15,5,8.98266750751688
"416",16,5,8.93163419226057
"417",17,5,9.57460645135751
"418",18,5,9.43928777350821
"419",19,5,9.27453237353797
"420",20,5,9.16853083792641
"421",21,5,9.74302362713757
"422",22,5,9.7417640792902
"423",23,5,9.66756784977186
"424",24,5,9.25222694600768
"425",25,5,9.53443212313272
"426",26,5,9.49127134920081
"427",27,5,9.6548183348093
"428",28,5,9.52380603650845
"429",29,5,9.7093446399762
"430",30,5,9.9529607766864
"431",31,5,9.50184764719686
"432",32,5,9.21722439057447
"433",33,5,9.28639521005369
"434",34,5,9.17617406881583
"435",35,5,8.94015365761113
"436",36,5,9.22215556441389
"437",37,5,9.41909733975257
"438",38,5,9.34467157918584
"439",39,5,9.31473702542858
"440",40,5,9.39085233759509
"441",41,5,9.69414681485773
"442",42,5,9.20907873604741
"443",43,5,10.421799396309
"444",44,5,9.6275877470739
"445",45,5,9.91764526031963
"446",46,5,9.27698829488777
"447",47,5,9.04120704337558
"448",48,5,9.25013733136077
"449",49,5,9.26833714994273
"450",50,5,9.39368328380743
"451",51,5,15.5178705122706
"452",52,5,14.5995428331692
"453",53,5,15.1297613838195
"454",54,5,15.0021050847835
"455",55,5,15.7889152511853
"456",56,5,15.135789726394
"457",57,5,15.3188555523953
"458",58,5,15.2854911608669
"459",59,5,15.3732125809024
"460",60,5,15.2590074693256
"461",61,5,15.6281987269
"462",62,5,15.3821733891784
"463",63,5,15.1766540134683
"464",64,5,15.2680168284737
"465",65,5,15.7497360730192
"466",66,5,14.706668402151
"467",67,5,16.069247817181
"468",68,5,14.5837772083117
"469",69,5,15.0623232548666
"470",70,5,16.8393664830281
"471",71,5,15.8241931775178
"472",72,5,14.7967579893434
"473",73,5,15.7122651418977
"474",74,5,15.124637243888
"475",75,5,16.058773477927
"476",76,5,14.5135348391412
"477",77,5,16.1317934284575
"478",78,5,15.2078649545237
"479",79,5,15.3116388478153
"480",80,5,15.3871055981724
"481",81,5,14.978542428603
"482",82,5,15.416680631106
"483",83,5,14.9297099366272
"484",84,5,14.541786011666
"485",85,5,14.7430292821069
"486",86,5,14.1806628921459
"487",87,5,14.9514353810138
"488",88,5,14.9029881026809
"489",89,5,14.3803999771628
"490",90,5,14.7450101405675
"491",91,5,14.7335534892982
"492",92,5,16.135617512147
"493",93,5,14.4371895971412
"494",94,5,14.3579997116128
"495",95,5,15.1686021836998
"496",96,5,15.0764295159175
"497",97,5,15.0124804657536
"498",98,5,14.8682652239862
"499",99,5,15.2736365576545
"500",100,5,15.21557199241
"501",1,6,9.05163769487448
"502",2,6,9.49847778242193
"503",3,6,9.39578772979774
"504",4,6,9.98776646995505
"505",5,6,9.32783724670789
"506",6,6,0
"507",7,6,9.47148534461377
"508",8,6,9.49323589861364
"509",9,6,9.43063388294535
"510",10,6,9.26168676686469
"511",11,6,9.59963567430469
"512",12,6,9.48031128878516
"513",13,6,9.48454496582547
"514",14,6,9.68092555367109
"515",15,6,9.17458253029119
"516",16,6,9.29862894032731
"517",17,6,9.77514736999139
"518",18,6,9.5161336425659
"519",19,6,9.26219298940925
"520",20,6,9.82792749994399
"521",21,6,10.1252319255464
"522",22,6,9.84878649997705
"523",23,6,9.82683467864781
"524",24,6,9.34007961577984
"525",25,6,9.58228772884636
"526",26,6,9.30358376962052
"527",27,6,9.60626368041349
"528",28,6,9.48117420100914
"529",29,6,9.72726900362294
"530",30,6,9.6435590053702
"531",31,6,9.52128726246582
"532",32,6,9.35846966807154
"533",33,6,9.45122081853804
"534",34,6,9.35092825192591
"535",35,6,8.99308574769087
"536",36,6,9.56438233989041
"537",37,6,9.50147327395219
"538",38,6,9.52410539942623
"539",39,6,9.2947726272614
"540",40,6,9.51707695921919
"541",41,6,9.79934658291346
"542",42,6,9.41134173909069
"543",43,6,10.4446844464344
"544",44,6,9.69248016549547
"545",45,6,9.87347513013045
"546",46,6,9.61425447505626
"547",47,6,9.37476954764398
"548",48,6,9.28109066077783
"549",49,6,9.76038764278893
"550",50,6,9.53014571015192
"551",51,6,15.1010261351433
"552",52,6,14.1622898441102
"553",53,6,14.6339106565322
"554",54,6,14.7016420116363
"555",55,6,15.3604407129377
"556",56,6,14.4372181008321
"557",57,6,14.7712667070072
"558",58,6,14.8413666277952
"559",59,6,14.6689538157205
"560",60,6,14.7440592899973
"561",61,6,15.1401986986194
"562",62,6,14.8489323437808
"563",63,6,14.7841215722187
"564",64,6,14.9195097978372
"565",65,6,15.4052112720395
"566",66,6,14.555378246921
"567",67,6,15.3670942455869
"568",68,6,14.2954197933633
"569",69,6,14.8013893035907
"570",70,6,16.3749582652203
"571",71,6,15.2011970351067
"572",72,6,14.4575298286019
"573",73,6,15.3511059565061
"574",74,6,14.7393037763225
"575",75,6,15.7407084229596
"576",76,6,14.2755122947406
"577",77,6,15.7410026939717
"578",78,6,14.517335296496
"579",79,6,14.903141993962
"580",80,6,15.1240297518214
"581",81,6,14.8015960936393
"582",82,6,14.9201080991788
"583",83,6,14.2255553343457
"584",84,6,14.3859156410507
"585",85,6,14.3610522252883
"586",86,6,13.8725904716232
"587",87,6,14.4826357930628
"588",88,6,14.6210214776963
"589",89,6,14.2681809499731
"590",90,6,14.3391764930618
"591",91,6,14.1038900980287
"592",92,6,15.5095662221493
"593",93,6,14.0719648039209
"594",94,6,14.0153336569821
"595",95,6,14.3962352888188
"596",96,6,14.8443032818821
"597",97,6,14.9231377581625
"598",98,6,14.5455034607643
"599",99,6,14.9555926802251
"600",100,6,14.6865242379284
"601",1,7,8.37870841114336
"602",2,7,8.90825489506822
"603",3,7,9.35124636591803
"604",4,7,9.6575585435606
"605",5,7,9.33150615835279
"606",6,7,9.47148534461377
"607",7,7,0
"608",8,7,9.24716107073087
"609",9,7,9.49370874588303
"610",10,7,8.68352489042125
"611",11,7,9.19472739496139
"612",12,7,9.36064315591648
"613",13,7,9.36758467126495
"614",14,7,9.66742631208464
"615",15,7,9.15147074081557
"616",16,7,8.86143594509857
"617",17,7,9.95301723924467
"618",18,7,9.09973911980125
"619",19,7,9.44579374833434
"620",20,7,9.14185062043825
"621",21,7,9.26008813618417
"622",22,7,9.29546868384366
"623",23,7,9.22816030328774
"624",24,7,9.33681799849784
"625",25,7,9.39166625130047
"626",26,7,8.87938785905529
"627",27,7,10.2214224188318
"628",28,7,9.69778867653605
"629",29,7,9.51775986797607
"630",30,7,9.27339539606111
"631",31,7,9.52737960029276
"632",32,7,9.14401708832965
"633",33,7,9.09690398231064
"634",34,7,9.17838479648856
"635",35,7,8.91538374670942
"636",36,7,9.08485404356405
"637",37,7,8.98181599043163
"638",38,7,8.75570925065743
"639",39,7,9.28037633411829
"640",40,7,9.38775275592641
"641",41,7,10.0728482437386
"642",42,7,8.90811776226898
"643",43,7,10.4348938414757
"644",44,7,9.46759868452216
"645",45,7,9.45501797579725
"646",46,7,9.19393314229694
"647",47,7,9.15494654872406
"648",48,7,8.49684075873262
"649",49,7,9.22443849100532
"650",50,7,9.19487866159525
"651",51,7,14.897653483309
"652",52,7,13.6695225947579
"653",53,7,14.5549018334398
"654",54,7,14.3475848320118
"655",55,7,15.6328304885625
"656",56,7,14.7627886413258
"657",57,7,15.0202893010945
"658",58,7,14.863047972369
"659",59,7,15.1785047801066
"660",60,7,14.4845034799474
"661",61,7,15.0023370027706
"662",62,7,14.5341458452029
"663",63,7,14.6484286738134
"664",64,7,14.6277932191113
"665",65,7,15.4645622345993
"666",66,7,14.2188812206622
"667",67,7,15.8878796319894
"668",68,7,13.7431135866536
"669",69,7,14.3565682969074
"670",70,7,16.7648792228362
"671",71,7,15.4577636261272
"672",72,7,14.5986873783248
"673",73,7,15.2734007479462
"674",74,7,14.6532523444401
"675",75,7,15.9790390235587
"676",76,7,14.3498147392003
"677",77,7,15.8108640742721
"678",78,7,14.9319389070714
"679",79,7,14.9400827167195
"680",80,7,14.7552484388355
"681",81,7,14.4672680291582
"682",82,7,14.8720350895837
"683",83,7,14.144825216031
"684",84,7,13.9841380632861
"685",85,7,14.2727915393801
"686",86,7,13.7517130503799
"687",87,7,14.5998012005218
"688",88,7,14.5000493761922
"689",89,7,13.8294620386746
"690",90,7,13.8975017585991
"691",91,7,14.16606594216
"692",92,7,16.335392482068
"693",93,7,14.1435553672695
"694",94,7,13.8976897362335
"695",95,7,14.6705351029684
"696",96,7,14.7993864560532
"697",97,7,14.2357819561908
"698",98,7,14.3632276299602
"699",99,7,14.740673610842
"700",100,7,14.9316922552799
"701",1,8,8.8901165243397
"702",2,8,9.18355150970825
"703",3,8,9.59477723515838
"704",4,8,9.9907801823589
"705",5,8,9.16127728879628
"706",6,8,9.49323589861364
"707",7,8,9.24716107073087
"708",8,8,0
"709",9,8,9.54828128246676
"710",10,8,8.92411174503557
"711",11,8,9.26960542612852
"712",12,8,9.41995071916894
"713",13,8,9.48329254142896
"714",14,8,9.29550383026828
"715",15,8,8.7976644602532
"716",16,8,8.95187327678354
"717",17,8,9.65652670989909
"718",18,8,9.37642563136647
"719",19,8,9.56852807755
"720",20,8,8.85366743611543
"721",21,8,9.59325974685327
"722",22,8,9.25225920801507
"723",23,8,9.41075064012261
"724",24,8,9.21485043519672
"725",25,8,9.30461252846284
"726",26,8,9.2498719145931
"727",27,8,9.69817969850646
"728",28,8,9.48529684457242
"729",29,8,9.69585847569246
"730",30,8,9.50268490202251
"731",31,8,9.54380715272654
"732",32,8,9.2762380758166
"733",33,8,8.94619978743366
"734",34,8,9.11976195530535
"735",35,8,8.76734802081472
"736",36,8,8.73188790296988
"737",37,8,9.12475207298875
"738",38,8,9.18813221167391
"739",39,8,8.85480138525544
"740",40,8,9.22889173469062
"741",41,8,9.66124312934456
"742",42,8,9.00953329600475
"743",43,8,10.4926722263342
"744",44,8,9.59162000237278
"745",45,8,9.59560507057127
"746",46,8,9.11337466793614
"747",47,8,9.27871215005288
"748",48,8,9.0758724795284
"749",49,8,9.59872980753817
"750",50,8,9.17459237475913
"751",51,8,15.0921985141709
"752",52,8,13.9494597577073
"753",53,8,14.7659488308437
"754",54,8,14.7269697260336
"755",55,8,15.6098874959059
"756",56,8,14.8329429637503
"757",57,8,15.0178659355556
"758",58,8,14.781363026385
"759",59,8,15.2090223303862
"760",60,8,14.661246107592
"761",61,8,15.3029757999916
"762",62,8,14.719444101486
"763",63,8,14.8122928517637
"764",64,8,14.9593031422923
"765",65,8,15.6312970578752
"766",66,8,14.5880917044017
"767",67,8,15.7349767119304
"768",68,8,14.1160484062834
"769",69,8,14.8133907847582
"770",70,8,16.4455460800809
"771",71,8,15.5490112678955
"772",72,8,14.590356017629
"773",73,8,15.282936513924
"774",74,8,14.5971954863528
"775",75,8,15.7899114109644
"776",76,8,14.2962791580697
"777",77,8,15.75872911668
"778",78,8,14.8879520177766
"779",79,8,15.2016571266717
"780",80,8,15.1622594558426
"781",81,8,14.8519597434469
"782",82,8,15.0386086998629
"783",83,8,14.445516355989
"784",84,8,14.2319392692361
"785",85,8,14.4151767036898
"786",86,8,13.900254066114
"787",87,8,14.5393642566134
"788",88,8,14.3904334703435
"789",89,8,13.9878124363504
"790",90,8,14.3745526272288
"791",91,8,14.0400823149047
"792",92,8,15.9354555252734
"793",93,8,14.0417149000809
"794",94,8,13.9216740490443
"795",95,8,14.7738266377005
"796",96,8,14.9022004711071
"797",97,8,14.4644009751558
"798",98,8,14.493730205213
"799",99,8,14.8061043895037
"800",100,8,15.0744124575977
"801",1,9,9.08927710270797
"802",2,9,9.2342742071307
"803",3,9,9.65767814565957
"804",4,9,9.61652880618762
"805",5,9,9.52260576169351
"806",6,9,9.43063388294535
"807",7,9,9.49370874588303
"808",8,9,9.54828128246676
"809",9,9,0
"810",10,9,8.91972929627534
"811",11,9,9.70479593346817
"812",12,9,9.77048143644249
"813",13,9,9.32697295192496
"814",14,9,9.20375527534787
"815",15,9,8.78499093003589
"816",16,9,9.26517225369784
"817",17,9,9.70432303423399
"818",18,9,9.91698063709877
"819",19,9,9.41669385936033
"820",20,9,9.67843438585077
"821",21,9,9.87235498731803
"822",22,9,9.8699289395371
"823",23,9,9.74805345337622
"824",24,9,9.38871244039467
"825",25,9,9.7519488468143
"826",26,9,9.30438504331969
"827",27,9,9.72608830876007
"828",28,9,9.18422813833683
"829",29,9,9.63925836974517
"830",30,9,9.93795895575307
"831",31,9,9.33249767296266
"832",32,9,9.50248668936979
"833",33,9,9.13424732102665
"834",34,9,9.63294055049431
"835",35,9,8.86086179833561
"836",36,9,9.3388047518318
"837",37,9,9.65239783826403
"838",38,9,9.51436669789653
"839",39,9,10.0502220711666
"840",40,9,9.79806325539325
"841",41,9,9.64916055721936
"842",42,9,8.90385826942481
"843",43,9,10.5742122889351
"844",44,9,9.4686401382305
"845",45,9,10.0802811022066
"846",46,9,9.30640495173855
"847",47,9,9.34095471062183
"848",48,9,9.45414476816364
"849",49,9,9.47267462022877
"850",50,9,9.52628014649412
"851",51,9,15.0624472198149
"852",52,9,14.1601471960957
"853",53,9,14.8681884282566
"854",54,9,14.3102622248706
"855",55,9,15.3040750780272
"856",56,9,14.4623711575211
"857",57,9,14.7402814432535
"858",58,9,15.1240591731731
"859",59,9,14.608171590462
"860",60,9,14.6354039295276
"861",61,9,15.3173828664495
"862",62,9,14.5799991054525
"863",63,9,14.9797050570231
"864",64,9,14.5968776380721
"865",65,9,15.5393213211604
"866",66,9,14.348827086024
"867",67,9,15.5718452835154
"868",68,9,14.1530145557622
"869",69,9,14.838117744554
"870",70,9,15.6102234156437
"871",71,9,15.951414590848
"872",72,9,14.312860214817
"873",73,9,15.5490163170229
"874",74,9,14.4529022084995
"875",75,9,15.362417332355
"876",76,9,14.4292610695836
"877",77,9,15.3852779512452
"878",78,9,14.6023481868499
"879",79,9,14.9102443679951
"880",80,9,14.9184233755011
"881",81,9,14.7889156715788
"882",82,9,15.2854718942178
"883",83,9,14.7542503359485
"884",84,9,14.2844532425122
"885",85,9,14.4054500351736
"886",86,9,13.7114777277035
"887",87,9,14.7763347990678
"888",88,9,14.480553179423
"889",89,9,14.2578279981614
"890",90,9,14.7153469256938
"891",91,9,14.3672926810187
"892",92,9,15.9815153314994
"893",93,9,14.3027248162437
"894",94,9,14.1091923297341
"895",95,9,14.7163010993464
"896",96,9,14.6491546927997
"897",97,9,14.6727875005057
"898",98,9,14.8821016757479
"899",99,9,14.7284100564639
"900",100,9,14.6681515848509
"901",1,10,8.66180638349255
"902",2,10,9.01516587464112
"903",3,10,9.19404853240059
"904",4,10,9.10139416740101
"905",5,10,9.23456183201237
"906",6,10,9.26168676686469
"907",7,10,8.68352489042125
"908",8,10,8.92411174503557
"909",9,10,8.91972929627534
"910",10,10,0
"911",11,10,9.27912008538825
"912",12,10,8.85303102830597
"913",13,10,8.96900541300298
"914",14,10,9.04160211246031
"915",15,10,8.57913277564489
"916",16,10,8.65366836363016
"917",17,10,9.60180867228627
"918",18,10,9.03105608020595
"919",19,10,9.08686270591484
"920",20,10,9.01205065400337
"921",21,10,9.4433521861722
"922",22,10,9.1974273532393
"923",23,10,9.27190347117205
"924",24,10,9.1156242077405
"925",25,10,8.93399380807454
"926",26,10,8.72196292779246
"927",27,10,9.49320084723886
"928",28,10,8.88897805933923
"929",29,10,9.43813340449033
"930",30,10,9.2046934795851
"931",31,10,9.11406979049825
"932",32,10,9.20223013178918
"933",33,10,8.95581969486125
"934",34,10,9.16263602565021
"935",35,10,8.8853090420646
"936",36,10,8.50790842208531
"937",37,10,9.11039952715848
"938",38,10,8.71049673557849
"939",39,10,9.53699960222773
"940",40,10,8.72736417395978
"941",41,10,9.79243230588433
"942",42,10,9.01792609732479
"943",43,10,10.1868707305641
"944",44,10,9.62625880733837
"945",45,10,9.61816735568474
"946",46,10,8.74406096842757
"947",47,10,9.02244779103116
"948",48,10,8.84713069260424
"949",49,10,9.08578477278425
"950",50,10,9.19003808750256
"951",51,10,15.0054005533234
"952",52,10,13.7572182733635
"953",53,10,14.6539464879939
"954",54,10,14.3850548198384
"955",55,10,15.4858101151021
"956",56,10,14.5691230165159
"957",57,10,14.7325833326929
"958",58,10,14.8648597054157
"959",59,10,14.7041952685976
"960",60,10,14.5024336955593
"961",61,10,15.1503136888562
"962",62,10,14.5704047642216
"963",63,10,14.771579103772
"964",64,10,14.7498651803656
"965",65,10,15.6147794636787
"966",66,10,14.1797033354799
"967",67,10,15.5163296306679
"968",68,10,13.8437904597403
"969",69,10,14.6090376678609
"970",70,10,16.2387235839798
"971",71,10,15.5841204010654
"972",72,10,14.5039333296487
"973",73,10,15.176923354831
"974",74,10,14.4666213360984
"975",75,10,15.6217076839847
"976",76,10,14.2008164880458
"977",77,10,15.8045675869757
"978",78,10,14.7947192119376
"979",79,10,14.8634619601124
"980",80,10,14.949526424331
"981",81,10,14.5106113964256
"982",82,10,15.0054393684523
"983",83,10,14.3079347608873
"984",84,10,14.0461144664876
"985",85,10,14.2622822829885
"986",86,10,13.6824799328591
"987",87,10,14.5630418479181
"988",88,10,14.5854529810399
"989",89,10,13.9397218888923
"990",90,10,14.2406145103371
"991",91,10,14.2781999342645
"992",92,10,15.9738982435284
"993",93,10,14.2687675082647
"994",94,10,13.9097795152095
"995",95,10,14.6016915334899
"996",96,10,14.7656276651799
"997",97,10,14.3121800303029
"998",98,10,14.4575954486632
"999",99,10,14.7396278706926
"1000",100,10,14.6302986484266
"1001",1,11,9.00147065286625
"1002",2,11,8.90971967092616
"1003",3,11,9.58304517983078
"1004",4,11,10.1549836203998
"1005",5,11,9.3360131892312
"1006",6,11,9.59963567430469
"1007",7,11,9.19472739496139
"1008",8,11,9.26960542612852
"1009",9,11,9.70479593346817
"1010",10,11,9.27912008538825
"1011",11,11,0
"1012",12,11,9.52246489449308
"1013",13,11,8.99926786799086
"1014",14,11,9.78420463723774
"1015",15,11,9.54760014432197
"1016",16,11,9.04109586947668
"1017",17,11,9.73139741916002
"1018",18,11,9.40576773232696
"1019",19,11,9.24304247141028
"1020",20,11,9.36347887239397
"1021",21,11,9.65146688758334
"1022",22,11,9.331137015674
"1023",23,11,9.19932498745078
"1024",24,11,9.77619966301905
"1025",25,11,9.58082073020637
"1026",26,11,9.44021098141165
"1027",27,11,10.2114451626802
"1028",28,11,9.78573036910452
"1029",29,11,9.85831252915488
"1030",30,11,9.52085292312646
"1031",31,11,9.33023978540632
"1032",32,11,9.58011944809317
"1033",33,11,9.48701734114674
"1034",34,11,9.18055709862897
"1035",35,11,9.25937557265804
"1036",36,11,9.23897551521817
"1037",37,11,8.95776489289628
"1038",38,11,9.14902913424841
"1039",39,11,9.47216269215233
"1040",40,11,9.54210640525239
"1041",41,11,9.7358049404334
"1042",42,11,9.04516186141816
"1043",43,11,10.1705201098989
"1044",44,11,9.30089409102331
"1045",45,11,9.59713714288351
"1046",46,11,9.38317459162084
"1047",47,11,9.42521042733626
"1048",48,11,9.24070668746888
"1049",49,11,9.45626774634774
"1050",50,11,9.12792406805488
"1051",51,11,15.476067977804
"1052",52,11,14.2857517336601
"1053",53,11,15.2128302279654
"1054",54,11,15.0550228517506
"1055",55,11,16.097186266089
"1056",56,11,15.2082756898599
"1057",57,11,15.5511223347536
"1058",58,11,15.4901844051818
"1059",59,11,15.7048829481677
"1060",60,11,15.1663495966479
"1061",61,11,15.7142769225482
"1062",62,11,15.2974203955095
"1063",63,11,15.3685800849419
"1064",64,11,15.3710479493327
"1065",65,11,15.8747170909854
"1066",66,11,14.8283373614445
"1067",67,11,16.0900167819917
"1068",68,11,14.6557489890589
"1069",69,11,14.9806010110054
"1070",70,11,17.2151859607295
"1071",71,11,16.0091978874001
"1072",72,11,15.0078289893376
"1073",73,11,15.9332924231627
"1074",74,11,15.0588955451559
"1075",75,11,16.2077200237134
"1076",76,11,14.9932216436869
"1077",77,11,16.3753951132155
"1078",78,11,15.6069839366217
"1079",79,11,15.4023387879776
"1080",80,11,15.4031759446984
"1081",81,11,15.0121820620877
"1082",82,11,15.5999231576731
"1083",83,11,14.801846585469
"1084",84,11,14.8786442452681
"1085",85,11,14.6059024773619
"1086",86,11,14.4227754892738
"1087",87,11,15.015529649984
"1088",88,11,15.1016928466344
"1089",89,11,14.6285235464533
"1090",90,11,14.996262100286
"1091",91,11,14.9122441607646
"1092",92,11,16.55037673487
"1093",93,11,14.7733172797801
"1094",94,11,14.5647765774926
"1095",95,11,14.9986903048498
"1096",96,11,15.3568108151675
"1097",97,11,15.1630477459371
"1098",98,11,15.0595982738354
"1099",99,11,15.369711509074
"1100",100,11,15.504332051495
"1101",1,12,8.90311587610485
"1102",2,12,9.33010817622134
"1103",3,12,9.65466432063339
"1104",4,12,10.095147374521
"1105",5,12,9.44817024035345
"1106",6,12,9.48031128878516
"1107",7,12,9.36064315591648
"1108",8,12,9.41995071916894
"1109",9,12,9.77048143644249
"1110",10,12,8.85303102830597
"1111",11,12,9.52246489449308
"1112",12,12,0
"1113",13,12,9.71730319349842
"1114",14,12,10.0628657169328
"1115",15,12,9.24585441769913
"1116",16,12,9.24234220446654
"1117",17,12,10.0659332049651
"1118",18,12,9.60259193252902
"1119",19,12,9.68438907245541
"1120",20,12,9.66156320644723
"1121",21,12,9.82439214126052
"1122",22,12,10.0757185590355
"1123",23,12,9.6587473000389
"1124",24,12,9.36348999712601
"1125",25,12,9.5314653083966
"1126",26,12,9.52103420890501
"1127",27,12,9.87511565574027
"1128",28,12,9.68304919007969
"1129",29,12,9.8650106693842
"1130",30,12,9.74488275928655
"1131",31,12,9.47488353661805
"1132",32,12,9.66147650657977
"1133",33,12,9.30779749761784
"1134",34,12,9.76919537085625
"1135",35,12,9.28186534835978
"1136",36,12,9.95593867889867
"1137",37,12,9.3158332822807
"1138",38,12,9.37089970787843
"1139",39,12,9.59551295628758
"1140",40,12,9.82765900511223
"1141",41,12,9.89587292070814
"1142",42,12,9.68979909169337
"1143",43,12,10.3846194098494
"1144",44,12,9.98480828725485
"1145",45,12,10.334030356418
"1146",46,12,9.65323015652502
"1147",47,12,9.70732452387901
"1148",48,12,9.50117751343431
"1149",49,12,9.63982034169482
"1150",50,12,9.22987672785205
"1151",51,12,15.4544549728224
"1152",52,12,14.4092051313476
"1153",53,12,15.142602261556
"1154",54,12,15.1697076508526
"1155",55,12,16.0334691232906
"1156",56,12,15.0753375591548
"1157",57,12,15.1839512089264
"1158",58,12,15.4129837394289
"1159",59,12,15.4209977033555
"1160",60,12,15.2569169814871
"1161",61,12,15.7086393279305
"1162",62,12,15.2272513348978
"1163",63,12,15.3938921814324
"1164",64,12,15.105201600722
"1165",65,12,15.8928116851012
"1166",66,12,14.8623927696027
"1167",67,12,15.9785377562991
"1168",68,12,14.6445547576146
"1169",69,12,15.1355256338254
"1170",70,12,16.8901921692837
"1171",71,12,15.98979372996
"1172",72,12,15.0321189999978
"1173",73,12,16.0329999273663
"1174",74,12,15.1723059063899
"1175",75,12,16.2841272192574
"1176",76,12,14.7032362578134
"1177",77,12,16.3896534962707
"1178",78,12,15.4889510381891
"1179",79,12,15.4553131236861
"1180",80,12,15.5237057509283
"1181",81,12,15.0516142801011
"1182",82,12,15.4915658929646
"1183",83,12,14.6267743809051
"1184",84,12,14.5723842593928
"1185",85,12,14.6959714039838
"1186",86,12,14.2838590433783
"1187",87,12,15.0556511485707
"1188",88,12,15.0226555722846
"1189",89,12,14.4928612029726
"1190",90,12,14.7131852524334
"1191",91,12,14.6035577883959
"1192",92,12,16.4548875012204
"1193",93,12,14.4511935023082
"1194",94,12,14.198628882937
"1195",95,12,15.0279213997856
"1196",96,12,15.3243839596953
"1197",97,12,15.128981507519
"1198",98,12,15.234220280908
"1199",99,12,15.5500912900756
"1200",100,12,15.3374152648198
"1201",1,13,9.07494446935963
"1202",2,13,8.93391996138027
"1203",3,13,9.37042905276972
"1204",4,13,9.56772624859193
"1205",5,13,9.19873357421083
"1206",6,13,9.48454496582547
"1207",7,13,9.36758467126495
"1208",8,13,9.48329254142896
"1209",9,13,9.32697295192496
"1210",10,13,8.96900541300298
"1211",11,13,8.99926786799086
"1212",12,13,9.71730319349842
"1213",13,13,0
"1214",14,13,9.10198391303171
"1215",15,13,8.94275828448762
"1216",16,13,8.79607732423183
"1217",17,13,9.36909674288286
"1218",18,13,9.46112278276043
"1219",19,13,9.24088849568246
"1220",20,13,9.35412159067549
"1221",21,13,9.690475724028
"1222",22,13,9.65705117843394
"1223",23,13,9.45476546895092
"1224",24,13,9.57992944097232
"1225",25,13,9.38812004315658
"1226",26,13,9.48404670599399
"1227",27,13,9.79730735046414
"1228",28,13,9.29537436178737
"1229",29,13,9.42033027103788
"1230",30,13,9.61371976139307
"1231",31,13,8.98912250913854
"1232",32,13,9.36170640889253
"1233",33,13,9.37935120349633
"1234",34,13,9.05094556419065
"1235",35,13,8.95620686713005
"1236",36,13,9.35978945060768
"1237",37,13,9.36640332169871
"1238",38,13,9.15840253706014
"1239",39,13,9.47730610219685
"1240",40,13,9.4170487278086
"1241",41,13,9.59815823438443
"1242",42,13,9.10467769688765
"1243",43,13,9.96708029919364
"1244",44,13,9.63515414249335
"1245",45,13,9.85913878357296
"1246",46,13,9.14533725771223
"1247",47,13,9.26832342842025
"1248",48,13,9.1477058423553
"1249",49,13,9.08213811587118
"1250",50,13,9.27102892269547
"1251",51,13,15.1482956772874
"1252",52,13,14.2120711720481
"1253",53,13,14.8827458144281
"1254",54,13,14.9561212597929
"1255",55,13,15.7413093630417
"1256",56,13,14.7065714510268
"1257",57,13,15.1385270327512
"1258",58,13,15.1886784142951
"1259",59,13,15.0583500417336
"1260",60,13,14.7811825326827
"1261",61,13,15.2775301069561
"1262",62,13,14.8891054741332
"1263",63,13,14.876164761571
"1264",64,13,15.0617250143582
"1265",65,13,15.829059608957
"1266",66,13,14.6372323500302
"1267",67,13,15.63093052347
"1268",68,13,14.3693529816005
"1269",69,13,14.9476896613767
"1270",70,13,16.6154813319038
"1271",71,13,15.6889811410594
"1272",72,13,14.6081071859324
"1273",73,13,15.4529909346156
"1274",74,13,14.9537496014628
"1275",75,13,15.6162482103015
"1276",76,13,14.5703656295335
"1277",77,13,16.0727889025118
"1278",78,13,15.1502655867481
"1279",79,13,15.4489415248971
"1280",80,13,15.3054042275983
"1281",81,13,14.9176308912908
"1282",82,13,15.5335998637487
"1283",83,13,14.4618606730692
"1284",84,13,14.3440909378437
"1285",85,13,14.3552102625876
"1286",86,13,14.0413730234209
"1287",87,13,14.6435088637861
"1288",88,13,14.7186187866012
"1289",89,13,14.3824358997781
"1290",90,13,14.3530069737182
"1291",91,13,14.4609401324194
"1292",92,13,15.8334917402608
"1293",93,13,14.1400626970772
"1294",94,13,14.2839080139116
"1295",95,13,14.4197264366521
"1296",96,13,15.0431310366508
"1297",97,13,14.8017305424912
"1298",98,13,14.8067073275159
"1299",99,13,14.9596478049123
"1300",100,13,14.9423886695269
"1301",1,14,9.0831569255518
"1302",2,14,9.35650797173246
"1303",3,14,9.5845582116915
"1304",4,14,9.35445423363549
"1305",5,14,9.61214292243186
"1306",6,14,9.68092555367109
"1307",7,14,9.66742631208464
"1308",8,14,9.29550383026828
"1309",9,14,9.20375527534787
"1310",10,14,9.04160211246031
"1311",11,14,9.78420463723774
"1312",12,14,10.0628657169328
"1313",13,14,9.10198391303171
"1314",14,14,0
"1315",15,14,8.98775011141446
"1316",16,14,9.20975731044856
"1317",17,14,9.63126662940288
"1318",18,14,9.81665648893222
"1319",19,14,9.37706223770752
"1320",20,14,9.3000321965385
"1321",21,14,9.39737505953763
"1322",22,14,9.74735455353224
"1323",23,14,9.83499782965568
"1324",24,14,9.62801486102856
"1325",25,14,9.66568993147012
"1326",26,14,9.29163344791997
"1327",27,14,10.1773512986757
"1328",28,14,9.28992676269791
"1329",29,14,9.65447874861319
"1330",30,14,10.3104030317225
"1331",31,14,9.11974590010628
"1332",32,14,9.48408466292137
"1333",33,14,9.57832165840098
"1334",34,14,9.41488960145468
"1335",35,14,9.27029758375854
"1336",36,14,9.22263272761951
"1337",37,14,9.44277880142851
"1338",38,14,9.4920391416579
"1339",39,14,9.48559089146157
"1340",40,14,9.64766250624618
"1341",41,14,9.9816181151177
"1342",42,14,8.93005880821486
"1343",43,14,10.4915520044049
"1344",44,14,9.22909322019737
"1345",45,14,9.58053452861169
"1346",46,14,8.97799022872683
"1347",47,14,9.41674828516576
"1348",48,14,9.24915155271029
"1349",49,14,9.3711740256303
"1350",50,14,9.36839696983354
"1351",51,14,15.0211711984704
"1352",52,14,13.9345460611425
"1353",53,14,14.9287429343927
"1354",54,14,14.6187434106811
"1355",55,14,15.3859271950859
"1356",56,14,14.7358171720982
"1357",57,14,15.0092016785856
"1358",58,14,14.828576024203
"1359",59,14,14.8826142660287
"1360",60,14,14.6080964024094
"1361",61,14,15.3228367763155
"1362",62,14,14.7521598583864
"1363",63,14,14.8597536190827
"1364",64,14,14.7839317534608
"1365",65,14,15.6067910845417
"1366",66,14,14.5224474957775
"1367",67,14,15.591356546761
"1368",68,14,14.0536354180806
"1369",69,14,14.5664359002566
"1370",70,14,16.2100673454384
"1371",71,14,15.8485245475445
"1372",72,14,14.3662165077401
"1373",73,14,15.4064628208288
"1374",74,14,14.5450288708967
"1375",75,14,15.4679336564031
"1376",76,14,14.2520839426043
"1377",77,14,15.6424154764154
"1378",78,14,14.7178964464799
"1379",79,14,15.0870054659558
"1380",80,14,14.797627807601
"1381",81,14,14.7466590182974
"1382",82,14,15.3267456077386
"1383",83,14,14.449874470448
"1384",84,14,14.3284706916879
"1385",85,14,14.5185565019805
"1386",86,14,13.8395168107428
"1387",87,14,14.6284051614078
"1388",88,14,14.5047694622564
"1389",89,14,14.3278077540648
"1390",90,14,14.5727506572091
"1391",91,14,14.4232240287411
"1392",92,14,15.827542979829
"1393",93,14,14.2523114577333
"1394",94,14,14.1527521590583
"1395",95,14,14.5368952953204
"1396",96,14,14.8449916132662
"1397",97,14,14.411780903646
"1398",98,14,14.7300496356462
"1399",99,14,14.4901573624156
"1400",100,14,15.0341486460825
"1401",1,15,8.49002819562806
"1402",2,15,8.63631298911074
"1403",3,15,9.32303013182952
"1404",4,15,9.58251523396321
"1405",5,15,8.98266750751688
"1406",6,15,9.17458253029119
"1407",7,15,9.15147074081557
"1408",8,15,8.7976644602532
"1409",9,15,8.78499093003589
"1410",10,15,8.57913277564489
"1411",11,15,9.54760014432197
"1412",12,15,9.24585441769913
"1413",13,15,8.94275828448762
"1414",14,15,8.98775011141446
"1415",15,15,0
"1416",16,15,8.57319189479605
