"","row","col","value"
"1",1,1,0
"2",2,1,8.54509092124498
"3",3,1,9.39490894405145
"4",4,1,9.77524541534482
"5",5,1,9.00498415682201
"6",6,1,9.05163769487448
"7",7,1,8.37870841114336
"8",8,1,8.8901165243397
"9",9,1,9.08927710270797
"10",10,1,8.66180638349255
"11",11,1,9.00147065286625
"12",12,1,8.90311587610485
"13",13,1,9.07494446935963
"14",14,1,9.0831569255518
"15",15,1,8.49002819562806
"16",16,1,8.48728437730077
"17",17,1,9.56105983888028
"18",18,1,8.9823981606784
"19",19,1,9.06991386934063
"20",20,1,8.52266046978489
"21",21,1,8.97603943186127
"22",22,1,8.68077119505856
"23",23,1,9.15875744909521
"24",24,1,8.87978030223199
"25",25,1,8.93787165271488
"26",26,1,8.80251162199152
"27",27,1,9.83620822107454
"28",28,1,8.81963272106939
"29",29,1,9.50487736700173
"30",30,1,9.39677888625663
"31",31,1,8.91544509626448
"32",32,1,8.84682090705317
"33",33,1,8.63968013113732
"34",34,1,9.32214062984597
"35",35,1,8.58008093142073
"36",36,1,8.84147662510747
"37",37,1,8.915067295595
"38",38,1,8.87311344408818
"39",39,1,9.10828047300168
"40",40,1,9.08191212025873
"41",41,1,9.45822773958581
"42",42,1,8.63491265473641
"43",43,1,10.9378638338777
"44",44,1,9.3438367576408
"45",45,1,9.50720866366192
"46",46,1,8.86176526900573
"47",47,1,9.10680881981381
"48",48,1,8.41833437838003
"49",49,1,9.04477096374856
"50",50,1,8.67792239353183
"51",51,1,15.5867828789295
"52",52,1,16.0757149849517
"53",53,1,15.7790231009591
"54",54,1,16.4015009060271
"55",55,1,15.9517060944446
"56",56,1,15.978379437489
"57",57,1,15.3154881498729
"58",58,1,14.9117117874108
"59",59,1,15.0313258684996
"60",60,1,14.8536386174593
"61",61,1,15.496325785853
"62",62,1,16.0771444247015
"63",63,1,16.493438949375
"64",64,1,16.0264209519632
"65",65,1,17.4117709071347
"66",66,1,15.6844026067553
"67",67,1,15.3220840004427
"68",68,1,15.6058946675663
"69",69,1,14.9293487377066
"70",70,1,14.6763187387046
"71",71,1,16.144002629598
"72",72,1,14.7740783655897
"73",73,1,15.226577792701
"74",74,1,15.0272780310513
"75",75,1,14.9319422378362
"76",76,1,14.861372149464
"77",77,1,14.6751148212033
"78",78,1,14.6412513278094
"79",79,1,15.9995846975654
"80",80,1,15.3107374188378
"81",81,1,15.1682638459871
"82",82,1,16.1347509654147
"83",83,1,15.9519440859682
"84",84,1,15.1403894907077
"85",85,1,15.7136655446892
"86",86,1,16.2473848590434
"87",87,1,15.5281999989715
"88",88,1,14.8471618334628
"89",89,1,15.1660313338234
"90",90,1,15.6326670411426
"91",91,1,16.47579071358
"92",92,1,14.8127070655452
"93",93,1,15.7921212969062
"94",94,1,15.2882999270288
"95",95,1,15.0194683193303
"96",96,1,15.1245736043367
"97",97,1,16.1831020182254
"98",98,1,16.5581276385535
"99",99,1,14.7616616493712
"100",100,1,15.3545339548233
"101",1,2,8.54509092124498
"102",2,2,0
"103",3,2,9.21123042410827
"104",4,2,9.62716201008006
"105",5,2,9.30949090019985
"106",6,2,9.49847778242193
"107",7,2,8.90825489506822
"108",8,2,9.18355150970825
"109",9,2,9.2342742071307
"110",10,2,9.01516587464112
"111",11,2,8.90971967092616
"112",12,2,9.33010817622134
"113",13,2,8.93391996138027
"114",14,2,9.35650797173246
"115",15,2,8.63631298911074
"116",16,2,8.85468700139168
"117",17,2,9.55048686932833
"118",18,2,9.0912627180778
"119",19,2,8.95243802680996
"120",20,2,9.05264952355487
"121",21,2,9.38152915226393
"122",22,2,9.20313184378645
"123",23,2,9.03518316955591
"124",24,2,9.24543694162041
"125",25,2,9.39021931717313
"126",26,2,8.9752899048269
"127",27,2,9.94902251165451
"128",28,2,9.0192013238769
"129",29,2,9.71857649998065
"130",30,2,9.37800726514657
"131",31,2,9.13538170546571
"132",32,2,9.04296606998356
"133",33,2,9.15816991689587
"134",34,2,9.16382379744537
"135",35,2,9.01407858056254
"136",36,2,8.97056882997088
"137",37,2,8.94125591760919
"138",38,2,8.89783721647686
"139",39,2,9.46726822038447
"140",40,2,9.16971511842818
"141",41,2,9.87572362538507
"142",42,2,8.70126794665285
"143",43,2,10.402095411715
"144",44,2,9.48237204615748
"145",45,2,9.63106251680841
"146",46,2,9.33305071417996
"147",47,2,9.2927977474669
"148",48,2,8.83473134938
"149",49,2,9.29498188624336
"150",50,2,9.18462360383704
"151",51,2,16.1041071062616
"152",52,2,16.4947144653341
"153",53,2,16.210929549975
"154",54,2,16.7551235889448
"155",55,2,16.4759654408459
"156",56,2,16.494679943453
"157",57,2,15.79054574083
"158",58,2,15.8465593941319
"159",59,2,15.8448530251047
"160",60,2,15.4505053098846
"161",61,2,15.8617197411688
"162",62,2,16.4073785318712
"163",63,2,17.1040762434716
"164",64,2,16.2875909134271
"165",65,2,18.058177723333
"166",66,2,16.1023093038849
"167",67,2,15.9838597898856
"168",68,2,16.2380705858366
"169",69,2,15.7709250461653
"170",70,2,15.456346142619
"171",71,2,16.2355608348045
"172",72,2,15.561423083427
"173",73,2,15.9366264403791
"174",74,2,15.7004751368401
"175",75,2,15.4762487677195
"176",76,2,15.3914150774795
"177",77,2,15.2864888969304
"178",78,2,15.3477263547006
"179",79,2,16.4195152229868
"180",80,2,15.5879213151989
"181",81,2,15.7187798812183
"182",82,2,16.5677965971401
"183",83,2,16.4248846850421
"184",84,2,15.8247235904867
"185",85,2,15.8385424607478
"186",86,2,16.6616384700508
"187",87,2,16.1467149120549
"188",88,2,15.5374253749477
"189",89,2,15.7953325437968
"190",90,2,16.1296402765712
"191",91,2,16.7734726458662
"192",92,2,15.4655236588424
"193",93,2,16.2943841570289
"194",94,2,15.7833719456312
"195",95,2,15.3104398480581
"196",96,2,15.7201954211814
"197",97,2,16.7435286123702
"198",98,2,16.8371681973768
"199",99,2,15.3480622647699
"200",100,2,15.9256913943441
"201",1,3,9.39490894405145
"202",2,3,9.21123042410827
"203",3,3,0
"204",4,3,9.99769444718237
"205",5,3,9.7184663879082
"206",6,3,9.39578772979774
"207",7,3,9.35124636591803
"208",8,3,9.59477723515838
"209",9,3,9.65767814565957
"210",10,3,9.19404853240059
"211",11,3,9.58304517983078
"212",12,3,9.65466432063339
"213",13,3,9.37042905276972
"214",14,3,9.5845582116915
"215",15,3,9.32303013182952
"216",16,3,9.37511007783461
"217",17,3,9.64270718449619
"218",18,3,9.84653721792943
"219",19,3,9.67738873129758
"220",20,3,9.90129313119902
"221",21,3,10.2301568711877
"222",22,3,9.4686077974525
"223",23,3,9.51864923547
"224",24,3,9.42173256376585
"225",25,3,9.51937091342031
"226",26,3,9.21045740018807
"227",27,3,9.92945482690162
"228",28,3,9.38074491709803
"229",29,3,9.98749913139812
"230",30,3,9.99249681892796
"231",31,3,9.31041412726706
"232",32,3,9.56617068330233
"233",33,3,9.35213694498956
"234",34,3,9.49711449656725
"235",35,3,9.52549091557203
"236",36,3,9.70243523073971
"237",37,3,9.67810368482336
"238",38,3,9.3469571285534
"239",39,3,9.36456264612242
"240",40,3,9.97832493370699
"241",41,3,9.94553841743651
"242",42,3,9.53377943350631
"243",43,3,10.3469418175069
"244",44,3,9.56288397923926
"245",45,3,9.93464682182247
"246",46,3,9.72815392499547
"247",47,3,9.57828663896833
"248",48,3,9.64737710344879
"249",49,3,9.47184817413825
"250",50,3,9.5394707015941
"251",51,3,17.0234079530887
"252",52,3,17.5217228266967
"253",53,3,16.9387053018322
"254",54,3,17.2342699076384
"255",55,3,17.3013760177083
"256",56,3,17.2408640941973
"257",57,3,16.921922947319
"258",58,3,17.0229600338199
"259",59,3,16.7901473800784
"260",60,3,16.1718445451738
"261",61,3,16.7231959049895
"262",62,3,17.2905104848741
"263",63,3,17.5511329207031
"264",64,3,16.7593455030839
"265",65,3,18.6399543368356
"266",66,3,17.1034648449433
"267",67,3,17.1270157422157
"268",68,3,16.9418171436137
"269",69,3,16.7689505236395
"270",70,3,16.5096039194511
"271",71,3,17.3385901278256
"272",72,3,16.8647788996775
"273",73,3,17.2091719591556
"274",74,3,16.8203997265366
"275",75,3,16.3270185327438
"276",76,3,16.6433045105189
"277",77,3,16.475767334564
"278",78,3,16.4478379430992
"279",79,3,17.2647259984991
"280",80,3,16.4992338860182
"281",81,3,16.9004206939406
"282",82,3,17.5303376956926
"283",83,3,17.2421614066214
"284",84,3,16.6129965270554
"285",85,3,16.9025223909205
"286",86,3,17.4179997083365
"287",87,3,17.2732175496617
"288",88,3,16.7582314602257
"289",89,3,16.9385800040157
"290",90,3,17.1173765169898
"291",91,3,17.5060481729145
"292",92,3,16.1686495259837
"293",93,3,17.1305261870032
"294",94,3,17.0477764844925
"295",95,3,16.6154744354738
"296",96,3,16.9043071725363
"297",97,3,17.5257588002472
"298",98,3,17.4760213297857
"299",99,3,16.5553959981509
"300",100,3,17.0009610799599
"301",1,4,9.77524541534482
"302",2,4,9.62716201008006
"303",3,4,9.99769444718237
"304",4,4,0
"305",5,4,9.87223773299157
"306",6,4,9.98776646995505
"307",7,4,9.6575585435606
"308",8,4,9.9907801823589
"309",9,4,9.61652880618762
"310",10,4,9.10139416740101
"311",11,4,10.1549836203998
"312",12,4,10.095147374521
"313",13,4,9.56772624859193
"314",14,4,9.35445423363549
"315",15,4,9.58251523396321
"316",16,4,9.38960713448984
"317",17,4,9.67063205615245
"318",18,4,9.89779852499162
"319",19,4,9.85110831545836
"320",20,4,10.0053211576727
"321",21,4,10.4082945430762
"322",22,4,10.2817023320264
"323",23,4,10.169554180461
"324",24,4,9.52818175599959
"325",25,4,9.73982254964393
"326",26,4,9.63526456167993
"327",27,4,10.1582162493587
"328",28,4,9.94576729360785
"329",29,4,9.97152223605789
"330",30,4,10.611305520023
"331",31,4,9.80913400684407
"332",32,4,9.98751997204144
"333",33,4,9.94344648368942
"334",34,4,9.62074648137561
"335",35,4,9.564360551061
"336",36,4,9.85804335461536
"337",37,4,9.94499999608327
"338",38,4,10.1750434553133
"339",39,4,10.2131297741488
"340",40,4,9.98225043279913
"341",41,4,10.1759931614745
"342",42,4,9.71912899237845
"343",43,4,10.2749180703802
"344",44,4,9.78978512377261
"345",45,4,10.3025568002817
"346",46,4,9.50363926023505
"347",47,4,9.95826660276053
"348",48,4,9.92135962196366
"349",49,4,9.65108278149225
"350",50,4,9.74632854136292
"351",51,4,16.330964581117
"352",52,4,16.9873713016349
"353",53,4,16.3632998662433
"354",54,4,16.8105522486405
"355",55,4,17.1505461348393
"356",56,4,16.6857506318031
"357",57,4,16.8251605346196
"358",58,4,16.6029188928637
"359",59,4,16.5008968598097
"360",60,4,16.0434243116255
"361",61,4,16.192558440554
"362",62,4,16.7475959228297
"363",63,4,17.0360281745288
"364",64,4,16.3854255414562
"365",65,4,17.6233744614987
"366",66,4,16.5277562360436
"367",67,4,16.7812841160727
"368",68,4,16.5096581444574
"369",69,4,16.5798610370775
"370",70,4,16.333672184298
"371",71,4,16.5287092334056
"372",72,4,16.7155221723877
"373",73,4,16.7596592257351
"374",74,4,16.721995163305
"375",75,4,15.8637313164378
"376",76,4,16.3959257973573
"377",77,4,16.2038336713413
"378",78,4,15.8259153655652
"379",79,4,16.3751835719444
"380",80,4,16.0111400413367
"381",81,4,16.5119108898066
"382",82,4,17.0002328395724
"383",83,4,16.6655330903953
"384",84,4,16.3113393560509
"385",85,4,16.6270001760592
"386",86,4,16.9614280704437
"387",87,4,17.1277636131235
"388",88,4,16.2758955420526
"389",89,4,16.6705688005696
"390",90,4,16.7096744891514
"391",91,4,16.990102243148
"392",92,4,15.759040899803
"393",93,4,16.5764769256696
"394",94,4,16.9448166009287
"395",95,4,16.0546269246441
"396",96,4,16.7912010260334
"397",97,4,16.7549496139233
"398",98,4,16.5608125835619
"399",99,4,16.0980617214442
"400",100,4,16.3923146231001
"401",1,5,9.00498415682201
"402",2,5,9.30949090019985
"403",3,5,9.7184663879082
"404",4,5,9.87223773299157
"405",5,5,0
"406",6,5,9.32783724670789
"407",7,5,9.33150615835279
"408",8,5,9.16127728879628
"409",9,5,9.52260576169351
"410",10,5,9.23456183201237
"411",11,5,9.3360131892312
"412",12,5,9.44817024035345
"413",13,5,9.19873357421083
"414",14,5,9.61214292243186
"415",15,5,8.98266750751688
"416",16,5,8.93163419226057
"417",17,5,9.57460645135751
"418",18,5,9.43928777350821
"419",19,5,9.27453237353797
"420",20,5,9.16853083792641
"421",21,5,9.74302362713757
"422",22,5,9.7417640792902
"423",23,5,9.66756784977186
"424",24,5,9.25222694600768
"425",25,5,9.53443212313272
"426",26,5,9.49127134920081
"427",27,5,9.6548183348093
"428",28,5,9.52380603650845
"429",29,5,9.7093446399762
"430",30,5,9.9529607766864
"431",31,5,9.50184764719686
"432",32,5,9.21722439057447
"433",33,5,9.28639521005369
"434",34,5,9.17617406881583
"435",35,5,8.94015365761113
"436",36,5,9.22215556441389
"437",37,5,9.41909733975257
"438",38,5,9.34467157918584
"439",39,5,9.31473702542858
"440",40,5,9.39085233759509
"441",41,5,9.69414681485773
"442",42,5,9.20907873604741
"443",43,5,10.421799396309
"444",44,5,9.6275877470739
"445",45,5,9.91764526031963
"446",46,5,9.27698829488777
"447",47,5,9.04120704337558
"448",48,5,9.25013733136077
"449",49,5,9.26833714994273
"450",50,5,9.39368328380743
"451",51,5,16.2559651029361
"452",52,5,16.9208244795568
"453",53,5,16.4688523092354
"454",54,5,16.8314810991527
"455",55,5,16.8886342520222
"456",56,5,16.8494001378683
"457",57,5,16.1912216226035
"458",58,5,16.5642518889932
"459",59,5,16.1032356199816
"460",60,5,15.7086856229139
"461",61,5,16.0252187298943
"462",62,5,16.7959338697855
"463",63,5,17.2786661668468
"464",64,5,16.4598812908735
"465",65,5,18.1785364443967
"466",66,5,16.3025092876951
"467",67,5,16.4678056094444
"468",68,5,16.4635752075095
"469",69,5,15.9917771291283
"470",70,5,16.1735303637082
"471",71,5,16.6826679427368
"472",72,5,16.1814406136755
"473",73,5,16.4660197995404
"474",74,5,16.1470251122243
"475",75,5,15.7716815171018
"476",76,5,15.8547171677227
"477",77,5,15.704555939572
"478",78,5,15.7709280911262
"479",79,5,16.6384977009158
"480",80,5,15.9064997713701
"481",81,5,16.2814900003646
"482",82,5,16.8882988714608
"483",83,5,16.5930845909468
"484",84,5,16.1928643886625
"485",85,5,16.292066434905
"486",86,5,16.776701087806
"487",87,5,16.4805247776333
"488",88,5,16.0252125875552
"489",89,5,16.1917061257513
"490",90,5,16.352668273013
"491",91,5,17.103388983258
"492",92,5,15.6727451245756
"493",93,5,16.6998574746249
"494",94,5,16.4782414938948
"495",95,5,15.8147088461246
"496",96,5,16.3354127526557
"497",97,5,16.855230286557
"498",98,5,17.0794458167204
"499",99,5,15.8499382518398
"500",100,5,16.3881417500099
"501",1,6,9.05163769487448
"502",2,6,9.49847778242193
"503",3,6,9.39578772979774
"504",4,6,9.98776646995505
"505",5,6,9.32783724670789
"506",6,6,0
"507",7,6,9.47148534461377
"508",8,6,9.49323589861364
"509",9,6,9.43063388294535
"510",10,6,9.26168676686469
"511",11,6,9.59963567430469
"512",12,6,9.48031128878516
"513",13,6,9.48454496582547
"514",14,6,9.68092555367109
"515",15,6,9.17458253029119
"516",16,6,9.29862894032731
"517",17,6,9.77514736999139
"518",18,6,9.5161336425659
"519",19,6,9.26219298940925
"520",20,6,9.82792749994399
"521",21,6,10.1252319255464
"522",22,6,9.84878649997705
"523",23,6,9.82683467864781
"524",24,6,9.34007961577984
"525",25,6,9.58228772884636
"526",26,6,9.30358376962052
"527",27,6,9.60626368041349
"528",28,6,9.48117420100914
"529",29,6,9.72726900362294
"530",30,6,9.6435590053702
"531",31,6,9.52128726246582
"532",32,6,9.35846966807154
"533",33,6,9.45122081853804
"534",34,6,9.35092825192591
"535",35,6,8.99308574769087
"536",36,6,9.56438233989041
"537",37,6,9.50147327395219
"538",38,6,9.52410539942623
"539",39,6,9.2947726272614
"540",40,6,9.51707695921919
"541",41,6,9.79934658291346
"542",42,6,9.41134173909069
"543",43,6,10.4446844464344
"544",44,6,9.69248016549547
"545",45,6,9.87347513013045
"546",46,6,9.61425447505626
"547",47,6,9.37476954764398
"548",48,6,9.28109066077783
"549",49,6,9.76038764278893
"550",50,6,9.53014571015192
"551",51,6,16.161698171589
"552",52,6,16.5730210272431
"553",53,6,16.1302578600691
"554",54,6,16.0688482930613
"555",55,6,16.4086152129383
"556",56,6,16.4158096395501
"557",57,6,16.1047345415793
"558",58,6,16.1181973027448
"559",59,6,15.7901069579595
"560",60,6,15.3859108071505
"561",61,6,15.4869113742689
"562",62,6,16.0134618705869
"563",63,6,16.9314228597849
"564",64,6,15.8071408347842
"565",65,6,17.9182417159038
"566",66,6,15.9454839920311
"567",67,6,15.9953534143473
"568",68,6,15.8744024044207
"569",69,6,15.9789837535388
"570",70,6,15.4038973573255
"571",71,6,16.2511650771993
"572",72,6,15.8274641790288
"573",73,6,16.0461648685683
"574",74,6,15.6346828033422
"575",75,6,15.2838792848043
"576",76,6,15.8213289103204
"577",77,6,15.4833805095925
"578",78,6,15.4732007908794
"579",79,6,16.1369342787042
"580",80,6,15.3519110946269
"581",81,6,15.9347997111225
"582",82,6,16.481514195844
"583",83,6,16.282969044496
"584",84,6,15.2156108051027
"585",85,6,15.8683029598682
"586",86,6,16.3059801760332
"587",87,6,16.2624706490398
"588",88,6,15.7553273697189
"589",89,6,15.518617384917
"590",90,6,16.0079463567869
"591",91,6,16.449169513145
"592",92,6,15.1001126418943
"593",93,6,15.9497623305498
"594",94,6,16.1875117630305
"595",95,6,15.3127630536508
"596",96,6,16.07546517841
"597",97,6,16.023653990639
"598",98,6,16.2784398874192
"599",99,6,15.4424932298489
"600",100,6,15.8016646320574
"601",1,7,8.37870841114336
"602",2,7,8.90825489506822
"603",3,7,9.35124636591803
"604",4,7,9.6575585435606
"605",5,7,9.33150615835279
"606",6,7,9.47148534461377
"607",7,7,0
"608",8,7,9.24716107073087
"609",9,7,9.49370874588303
"610",10,7,8.68352489042125
"611",11,7,9.19472739496139
"612",12,7,9.36064315591648
"613",13,7,9.36758467126495
"614",14,7,9.66742631208464
"615",15,7,9.15147074081557
"616",16,7,8.86143594509857
"617",17,7,9.95301723924467
"618",18,7,9.09973911980125
"619",19,7,9.44579374833434
"620",20,7,9.14185062043825
"621",21,7,9.26008813618417
"622",22,7,9.29546868384366
"623",23,7,9.22816030328774
"624",24,7,9.33681799849784
"625",25,7,9.39166625130047
"626",26,7,8.87938785905529
"627",27,7,10.2214224188318
"628",28,7,9.69778867653605
"629",29,7,9.51775986797607
"630",30,7,9.27339539606111
"631",31,7,9.52737960029276
"632",32,7,9.14401708832965
"633",33,7,9.09690398231064
"634",34,7,9.17838479648856
"635",35,7,8.91538374670942
"636",36,7,9.08485404356405
"637",37,7,8.98181599043163
"638",38,7,8.75570925065743
"639",39,7,9.28037633411829
"640",40,7,9.38775275592641
"641",41,7,10.0728482437386
"642",42,7,8.90811776226898
"643",43,7,10.4348938414757
"644",44,7,9.46759868452216
"645",45,7,9.45501797579725
"646",46,7,9.19393314229694
"647",47,7,9.15494654872406
"648",48,7,8.49684075873262
"649",49,7,9.22443849100532
"650",50,7,9.19487866159525
"651",51,7,16.155034546529
"652",52,7,16.496695210211
"653",53,7,16.3431816191902
"654",54,7,16.7035292914577
"655",55,7,16.3476774352515
"656",56,7,16.5318117422335
"657",57,7,15.7745492697665
"658",58,7,15.8501513140702
"659",59,7,15.6528380196325
"660",60,7,15.5618260303215
"661",61,7,15.9626093214193
"662",62,7,16.6859337226145
"663",63,7,17.1446475962059
"664",64,7,16.5134867699301
"665",65,7,18.2879702868952
"666",66,7,16.5151094287114
"667",67,7,15.9797948550402
"668",68,7,16.3133130995638
"669",69,7,15.7074929308877
"670",70,7,15.402040529095
"671",71,7,16.5800565152007
"672",72,7,15.5418189680275
"673",73,7,15.8028825857295
"674",74,7,15.6166624559715
"675",75,7,15.6263679227044
"676",76,7,15.7141363541076
"677",77,7,15.263832262298
"678",78,7,15.4507011383178
"679",79,7,16.4488959131765
"680",80,7,15.6919757941106
"681",81,7,15.8674881958208
"682",82,7,16.5960550055193
"683",83,7,16.6650746561337
"684",84,7,15.7064083270149
"685",85,7,15.964344814348
"686",86,7,16.6047899898923
"687",87,7,16.0033330257239
"688",88,7,15.4690498721115
"689",89,7,15.798679730271
"690",90,7,16.1944603847877
"691",91,7,16.8282075262344
"692",92,7,15.3721189958909
"693",93,7,16.3893693680904
"694",94,7,15.9684236031437
"695",95,7,15.4451840942712
"696",96,7,15.6714623198508
"697",97,7,16.5366240956915
"698",98,7,16.9438270920778
"699",99,7,15.348396910253
"700",100,7,16.0095519784641
"701",1,8,8.8901165243397
"702",2,8,9.18355150970825
"703",3,8,9.59477723515838
"704",4,8,9.9907801823589
"705",5,8,9.16127728879628
"706",6,8,9.49323589861364
"707",7,8,9.24716107073087
"708",8,8,0
"709",9,8,9.54828128246676
"710",10,8,8.92411174503557
"711",11,8,9.26960542612852
"712",12,8,9.41995071916894
"713",13,8,9.48329254142896
"714",14,8,9.29550383026828
"715",15,8,8.7976644602532
"716",16,8,8.95187327678354
"717",17,8,9.65652670989909
"718",18,8,9.37642563136647
"719",19,8,9.56852807755
"720",20,8,8.85366743611543
"721",21,8,9.59325974685327
"722",22,8,9.25225920801507
"723",23,8,9.41075064012261
"724",24,8,9.21485043519672
"725",25,8,9.30461252846284
"726",26,8,9.2498719145931
"727",27,8,9.69817969850646
"728",28,8,9.48529684457242
"729",29,8,9.69585847569246
"730",30,8,9.50268490202251
"731",31,8,9.54380715272654
"732",32,8,9.2762380758166
"733",33,8,8.94619978743366
"734",34,8,9.11976195530535
"735",35,8,8.76734802081472
"736",36,8,8.73188790296988
"737",37,8,9.12475207298875
"738",38,8,9.18813221167391
"739",39,8,8.85480138525544
"740",40,8,9.22889173469062
"741",41,8,9.66124312934456
"742",42,8,9.00953329600475
"743",43,8,10.4926722263342
"744",44,8,9.59162000237278
"745",45,8,9.59560507057127
"746",46,8,9.11337466793614
"747",47,8,9.27871215005288
"748",48,8,9.0758724795284
"749",49,8,9.59872980753817
"750",50,8,9.17459237475913
"751",51,8,15.852242381723
"752",52,8,16.2337881029049
"753",53,8,15.8881054597384
"754",54,8,16.3165904767708
"755",55,8,16.024458238623
"756",56,8,16.0767496894843
"757",57,8,15.5416206904692
"758",58,8,15.6541007411931
"759",59,8,15.5448917918737
"760",60,8,15.1274428150835
"761",61,8,15.4919388764324
"762",62,8,16.2838055276767
"763",63,8,16.678402163413
"764",64,8,15.8069004616468
"765",65,8,17.8484596227225
"766",66,8,15.8289566855629
"767",67,8,15.9255803013283
"768",68,8,15.900821321497
"769",69,8,15.6184174270175
"770",70,8,15.4023449044061
"771",71,8,15.9671205230036
"772",72,8,15.5538385412685
"773",73,8,15.9158989278729
"774",74,8,15.3905652216714
"775",75,8,15.2456297711864
"776",76,8,15.6074519713272
"777",77,8,15.0625758112344
"778",78,8,15.4644914326697
"779",79,8,16.2009734973023
"780",80,8,15.3767873634402
"781",81,8,15.6025101788511
"782",82,8,16.418061038424
"783",83,8,15.9739237808275
"784",84,8,15.3671192124583
"785",85,8,15.7396093155882
"786",86,8,16.3753692210168
"787",87,8,15.9921265490684
"788",88,8,15.3431616694253
"789",89,8,15.5181345645114
"790",90,8,15.8936513665255
"791",91,8,16.4975846253593
"792",92,8,15.2316453188066
"793",93,8,16.0221421744976
"794",94,8,15.759070236214
"795",95,8,15.3152494701053
"796",96,8,15.450572424575
"797",97,8,16.2866147141314
"798",98,8,16.5339860482095
"799",99,8,15.1882310158784
"800",100,8,15.7866289266471
"801",1,9,9.08927710270797
"802",2,9,9.2342742071307
"803",3,9,9.65767814565957
"804",4,9,9.61652880618762
"805",5,9,9.52260576169351
"806",6,9,9.43063388294535
"807",7,9,9.49370874588303
"808",8,9,9.54828128246676
"809",9,9,0
"810",10,9,8.91972929627534
"811",11,9,9.70479593346817
"812",12,9,9.77048143644249
"813",13,9,9.32697295192496
"814",14,9,9.20375527534787
"815",15,9,8.78499093003589
"816",16,9,9.26517225369784
"817",17,9,9.70432303423399
"818",18,9,9.91698063709877
"819",19,9,9.41669385936033
"820",20,9,9.67843438585077
"821",21,9,9.87235498731803
"822",22,9,9.8699289395371
"823",23,9,9.74805345337622
"824",24,9,9.38871244039467
"825",25,9,9.7519488468143
"826",26,9,9.30438504331969
"827",27,9,9.72608830876007
"828",28,9,9.18422813833683
"829",29,9,9.63925836974517
"830",30,9,9.93795895575307
"831",31,9,9.33249767296266
"832",32,9,9.50248668936979
"833",33,9,9.13424732102665
"834",34,9,9.63294055049431
"835",35,9,8.86086179833561
"836",36,9,9.3388047518318
"837",37,9,9.65239783826403
"838",38,9,9.51436669789653
"839",39,9,10.0502220711666
"840",40,9,9.79806325539325
"841",41,9,9.64916055721936
"842",42,9,8.90385826942481
"843",43,9,10.5742122889351
"844",44,9,9.4686401382305
"845",45,9,10.0802811022066
"846",46,9,9.30640495173855
"847",47,9,9.34095471062183
"848",48,9,9.45414476816364
"849",49,9,9.47267462022877
"850",50,9,9.52628014649412
"851",51,9,15.7665961353018
"852",52,9,16.6726711806318
"853",53,9,16.0113855498124
"854",54,9,16.5250645941563
"855",55,9,16.8076242150604
"856",56,9,16.2018670372595
"857",57,9,16.0750302944841
"858",58,9,15.9104761256317
"859",59,9,15.8487863941873
"860",60,9,15.3282622264358
"861",61,9,15.7708891885617
"862",62,9,16.1643899770094
"863",63,9,16.6381487366049
"864",64,9,15.8171321019493
"865",65,9,17.4434553956984
"866",66,9,15.8754291819983
"867",67,9,16.1305598938325
"868",68,9,15.9174138435639
"869",69,9,15.7470049070959
"870",70,9,15.7490719053812
"871",71,9,16.4150956761843
"872",72,9,15.9605392619972
"873",73,9,16.3051646185604
"874",74,9,15.8422133036873
"875",75,9,15.1638546657645
"876",76,9,15.7446451712619
"877",77,9,15.3874751543474
"878",78,9,15.4558380041504
"879",79,9,16.0993937080313
"880",80,9,15.5425954349845
"881",81,9,16.0089436492871
"882",82,9,16.6271474135251
"883",83,9,16.1753874982618
"884",84,9,15.8916629146198
"885",85,9,16.3882076404579
"886",86,9,16.7029840822557
"887",87,9,16.3289700422322
"888",88,9,15.7212148541059
"889",89,9,16.2530533446654
"890",90,9,16.3425309592935
"891",91,9,16.6184296518848
"892",92,9,15.2260823803155
"893",93,9,15.960671881686
"894",94,9,16.2153688691681
"895",95,9,15.6646495417862
"896",96,9,15.9782659861126
"897",97,9,16.59304039236
"898",98,9,16.0484734783669
"899",99,9,15.6017367045072
"900",100,9,15.9939551462638
"901",1,10,8.66180638349255
"902",2,10,9.01516587464112
"903",3,10,9.19404853240059
"904",4,10,9.10139416740101
"905",5,10,9.23456183201237
"906",6,10,9.26168676686469
"907",7,10,8.68352489042125
"908",8,10,8.92411174503557
"909",9,10,8.91972929627534
"910",10,10,0
"911",11,10,9.27912008538825
"912",12,10,8.85303102830597
"913",13,10,8.96900541300298
"914",14,10,9.04160211246031
"915",15,10,8.57913277564489
"916",16,10,8.65366836363016
"917",17,10,9.60180867228627
"918",18,10,9.03105608020595
"919",19,10,9.08686270591484
"920",20,10,9.01205065400337
"921",21,10,9.4433521861722
"922",22,10,9.1974273532393
"923",23,10,9.27190347117205
"924",24,10,9.1156242077405
"925",25,10,8.93399380807454
"926",26,10,8.72196292779246
"927",27,10,9.49320084723886
"928",28,10,8.88897805933923
"929",29,10,9.43813340449033
"930",30,10,9.2046934795851
"931",31,10,9.11406979049825
"932",32,10,9.20223013178918
"933",33,10,8.95581969486125
"934",34,10,9.16263602565021
"935",35,10,8.8853090420646
"936",36,10,8.50790842208531
"937",37,10,9.11039952715848
"938",38,10,8.71049673557849
"939",39,10,9.53699960222773
"940",40,10,8.72736417395978
"941",41,10,9.79243230588433
"942",42,10,9.01792609732479
"943",43,10,10.1868707305641
"944",44,10,9.62625880733837
"945",45,10,9.61816735568474
"946",46,10,8.74406096842757
"947",47,10,9.02244779103116
"948",48,10,8.84713069260424
"949",49,10,9.08578477278425
"950",50,10,9.19003808750256
"951",51,10,15.8848131622991
"952",52,10,16.0109834317059
"953",53,10,15.9748093446964
"954",54,10,16.1959465280533
"955",55,10,16.3037988889598
"956",56,10,16.0807183732767
"957",57,10,15.5226602423954
"958",58,10,15.6186509106039
"959",59,10,15.3602828889601
"960",60,10,14.9674313539278
"961",61,10,15.3303384331476
"962",62,10,15.9705300482098
"963",63,10,16.586235393955
"964",64,10,15.7355589470548
"965",65,10,17.6456036323377
"966",66,10,15.867704828923
"967",67,10,15.7389356916376
"968",68,10,15.8563080324375
"969",69,10,15.6084217536001
"970",70,10,15.1541682968728
"971",71,10,16.188045271584
"972",72,10,15.2800782733425
"973",73,10,15.6365675688916
"974",74,10,15.4992744231582
"975",75,10,15.0828473740565
"976",76,10,15.4137204120964
"977",77,10,15.2934781030167
"978",78,10,14.9674310907325
"979",79,10,16.0552101193316
"980",80,10,15.0882047605276
"981",81,10,15.5502578371035
"982",82,10,16.1417206503533
"983",83,10,16.1129202338414
"984",84,10,15.4347247127246
"985",85,10,15.8029354500814
"986",86,10,16.4595066084071
"987",87,10,15.9390194562759
"988",88,10,15.1369921242941
"989",89,10,15.58793985084
"990",90,10,15.7384921005059
"991",91,10,16.3513433836646
"992",92,10,14.9043526151376
"993",93,10,15.9195566263019
"994",94,10,15.4555583899212
"995",95,10,15.1257241429791
"996",96,10,15.3965858182896
"997",97,10,16.1589598109589
"998",98,10,16.3709091080229
"999",99,10,15.2117862069466
"1000",100,10,15.570009193308
"1001",1,11,9.00147065286625
"1002",2,11,8.90971967092616
"1003",3,11,9.58304517983078
"1004",4,11,10.1549836203998
"1005",5,11,9.3360131892312
"1006",6,11,9.59963567430469
"1007",7,11,9.19472739496139
"1008",8,11,9.26960542612852
"1009",9,11,9.70479593346817
"1010",10,11,9.27912008538825
"1011",11,11,0
"1012",12,11,9.52246489449308
"1013",13,11,8.99926786799086
"1014",14,11,9.78420463723774
"1015",15,11,9.54760014432197
"1016",16,11,9.04109586947668
"1017",17,11,9.73139741916002
"1018",18,11,9.40576773232696
"1019",19,11,9.24304247141028
"1020",20,11,9.36347887239397
"1021",21,11,9.65146688758334
"1022",22,11,9.331137015674
"1023",23,11,9.19932498745078
"1024",24,11,9.77619966301905
"1025",25,11,9.58082073020637
"1026",26,11,9.44021098141165
"1027",27,11,10.2114451626802
"1028",28,11,9.78573036910452
"1029",29,11,9.85831252915488
"1030",30,11,9.52085292312646
"1031",31,11,9.33023978540632
"1032",32,11,9.58011944809317
"1033",33,11,9.48701734114674
"1034",34,11,9.18055709862897
"1035",35,11,9.25937557265804
"1036",36,11,9.23897551521817
"1037",37,11,8.95776489289628
"1038",38,11,9.14902913424841
"1039",39,11,9.47216269215233
"1040",40,11,9.54210640525239
"1041",41,11,9.7358049404334
"1042",42,11,9.04516186141816
"1043",43,11,10.1705201098989
"1044",44,11,9.30089409102331
"1045",45,11,9.59713714288351
"1046",46,11,9.38317459162084
"1047",47,11,9.42521042733626
"1048",48,11,9.24070668746888
"1049",49,11,9.45626774634774
"1050",50,11,9.12792406805488
"1051",51,11,16.8476387362984
"1052",52,11,17.0766165750537
"1053",53,11,16.6407720571285
"1054",54,11,17.0613128792816
"1055",55,11,17.0693514964426
"1056",56,11,17.0086918811756
"1057",57,11,16.4008700993398
"1058",58,11,16.5464121116753
"1059",59,11,16.4140394650251
"1060",60,11,15.729459661537
"1061",61,11,16.3562704371474
"1062",62,11,16.9501212190022
"1063",63,11,17.4449436059044
"1064",64,11,16.7478116638216
"1065",65,11,18.5984871052046
"1066",66,11,16.6650129606214
"1067",67,11,16.7061792106092
"1068",68,11,16.7210663815607
"1069",69,11,16.2080853965238
"1070",70,11,15.9907249554961
"1071",71,11,17.138463822431
"1072",72,11,16.1192346498081
"1073",73,11,16.6339802752032
"1074",74,11,16.2408535268791
"1075",75,11,16.0580474969607
"1076",76,11,16.2996641468952
"1077",77,11,15.9594789328905
"1078",78,11,16.0883513207405
"1079",79,11,17.009595317765
"1080",80,11,16.310288155921
"1081",81,11,16.5050907066065
"1082",82,11,17.2229889586297
"1083",83,11,16.9735939743389
"1084",84,11,16.2355948129391
"1085",85,11,16.4231520007089
"1086",86,11,16.976559571379
"1087",87,11,16.588614442018
"1088",88,11,16.0877769513644
"1089",89,11,16.4366438507312
"1090",90,11,16.857567926916
"1091",91,11,17.2478377312962
"1092",92,11,15.9175046907184
"1093",93,11,16.8008070895245
"1094",94,11,16.5261146928238
"1095",95,11,16.1164077124963
"1096",96,11,16.3076002774083
"1097",97,11,17.1608603617864
"1098",98,11,17.4038511673398
"1099",99,11,16.0391085297871
"1100",100,11,16.5293941812406
"1101",1,12,8.90311587610485
"1102",2,12,9.33010817622134
"1103",3,12,9.65466432063339
"1104",4,12,10.095147374521
"1105",5,12,9.44817024035345
"1106",6,12,9.48031128878516
"1107",7,12,9.36064315591648
"1108",8,12,9.41995071916894
"1109",9,12,9.77048143644249
"1110",10,12,8.85303102830597
"1111",11,12,9.52246489449308
"1112",12,12,0
"1113",13,12,9.71730319349842
"1114",14,12,10.0628657169328
"1115",15,12,9.24585441769913
"1116",16,12,9.24234220446654
"1117",17,12,10.0659332049651
"1118",18,12,9.60259193252902
"1119",19,12,9.68438907245541
"1120",20,12,9.66156320644723
"1121",21,12,9.82439214126052
"1122",22,12,10.0757185590355
"1123",23,12,9.6587473000389
"1124",24,12,9.36348999712601
"1125",25,12,9.5314653083966
"1126",26,12,9.52103420890501
"1127",27,12,9.87511565574027
"1128",28,12,9.68304919007969
"1129",29,12,9.8650106693842
"1130",30,12,9.74488275928655
"1131",31,12,9.47488353661805
"1132",32,12,9.66147650657977
"1133",33,12,9.30779749761784
"1134",34,12,9.76919537085625
"1135",35,12,9.28186534835978
"1136",36,12,9.95593867889867
"1137",37,12,9.3158332822807
"1138",38,12,9.37089970787843
"1139",39,12,9.59551295628758
"1140",40,12,9.82765900511223
"1141",41,12,9.89587292070814
"1142",42,12,9.68979909169337
"1143",43,12,10.3846194098494
"1144",44,12,9.98480828725485
"1145",45,12,10.334030356418
"1146",46,12,9.65323015652502
"1147",47,12,9.70732452387901
"1148",48,12,9.50117751343431
"1149",49,12,9.63982034169482
"1150",50,12,9.22987672785205
"1151",51,12,16.6584103034106
"1152",52,12,16.9841769045466
"1153",53,12,16.8835375954812
"1154",54,12,16.8665610458582
"1155",55,12,17.039530106322
"1156",56,12,17.0755788687086
"1157",57,12,16.5038317722205
"1158",58,12,16.3972960193728
"1159",59,12,16.3198112789301
"1160",60,12,15.8176280189651
"1161",61,12,16.3006952844242
"1162",62,12,16.9562059260416
"1163",63,12,17.4006214451884
"1164",64,12,16.5532691628175
"1165",65,12,18.6079308117136
"1166",66,12,16.5149560182258
"1167",67,12,16.5339148382601
"1168",68,12,16.6848075705761
"1169",69,12,16.4881135123281
"1170",70,12,15.9877676059583
"1171",71,12,17.1873188091775
"1172",72,12,16.3022360230359
"1173",73,12,16.3671224415877
"1174",74,12,16.2325278212967
"1175",75,12,16.1644582292174
"1176",76,12,16.2467946161051
"1177",77,12,15.9930419352993
"1178",78,12,15.9797568556881
"1179",79,12,16.9370846802546
"1180",80,12,16.2253887538695
"1181",81,12,16.5104649809322
"1182",82,12,17.0266114598327
"1183",83,12,16.9698809335142
"1184",84,12,16.0976372787001
"1185",85,12,16.5732526257492
"1186",86,12,17.3422504593059
"1187",87,12,16.5910965883048
"1188",88,12,16.0887688686995
"1189",89,12,16.3604912958192
"1190",90,12,16.7146548934124
"1191",91,12,17.318311858643
"1192",92,12,15.8483007489901
"1193",93,12,16.812373561091
"1194",94,12,16.5034005034996
"1195",95,12,15.8754790820688
"1196",96,12,16.5322972002597
"1197",97,12,17.0474334238307
"1198",98,12,17.2242883586704
"1199",99,12,16.0923140544388
"1200",100,12,16.5532364861255
"1201",1,13,9.07494446935963
"1202",2,13,8.93391996138027
"1203",3,13,9.37042905276972
"1204",4,13,9.56772624859193
"1205",5,13,9.19873357421083
"1206",6,13,9.48454496582547
"1207",7,13,9.36758467126495
"1208",8,13,9.48329254142896
"1209",9,13,9.32697295192496
"1210",10,13,8.96900541300298
"1211",11,13,8.99926786799086
"1212",12,13,9.71730319349842
"1213",13,13,0
"1214",14,13,9.10198391303171
"1215",15,13,8.94275828448762
"1216",16,13,8.79607732423183
"1217",17,13,9.36909674288286
"1218",18,13,9.46112278276043
"1219",19,13,9.24088849568246
"1220",20,13,9.35412159067549
"1221",21,13,9.690475724028
"1222",22,13,9.65705117843394
"1223",23,13,9.45476546895092
"1224",24,13,9.57992944097232
"1225",25,13,9.38812004315658
"1226",26,13,9.48404670599399
"1227",27,13,9.79730735046414
"1228",28,13,9.29537436178737
"1229",29,13,9.42033027103788
"1230",30,13,9.61371976139307
"1231",31,13,8.98912250913854
"1232",32,13,9.36170640889253
"1233",33,13,9.37935120349633
"1234",34,13,9.05094556419065
"1235",35,13,8.95620686713005
"1236",36,13,9.35978945060768
"1237",37,13,9.36640332169871
"1238",38,13,9.15840253706014
"1239",39,13,9.47730610219685
"1240",40,13,9.4170487278086
"1241",41,13,9.59815823438443
"1242",42,13,9.10467769688765
"1243",43,13,9.96708029919364
"1244",44,13,9.63515414249335
"1245",45,13,9.85913878357296
"1246",46,13,9.14533725771223
"1247",47,13,9.26832342842025
"1248",48,13,9.1477058423553
"1249",49,13,9.08213811587118
"1250",50,13,9.27102892269547
"1251",51,13,16.5454706172828
"1252",52,13,17.0810346423452
"1253",53,13,16.6240698703362
"1254",54,13,16.77859722253
"1255",55,13,17.1779588477282
"1256",56,13,16.8316605115191
"1257",57,13,16.5111655081569
"1258",58,13,16.3828175568711
"1259",59,13,16.3384494522701
"1260",60,13,15.8343122416278
"1261",61,13,16.3495325024037
"1262",62,13,16.7749944027953
"1263",63,13,17.1039426688684
"1264",64,13,16.3526045800147
"1265",65,13,18.2383292518448
"1266",66,13,16.5106653731177
"1267",67,13,16.5679782143951
"1268",68,13,16.3384843350607
"1269",69,13,16.4889689843714
"1270",70,13,15.9847281852544
"1271",71,13,16.8791359456264
"1272",72,13,16.2449690749749
"1273",73,13,16.5495970925387
"1274",74,13,16.3737269276801
"1275",75,13,15.8695490136873
"1276",76,13,16.0339787393814
"1277",77,13,16.0160996890517
"1278",78,13,15.751501558361
"1279",79,13,16.7574082783244
"1280",80,13,16.1737351933137
"1281",81,13,16.3973349491986
"1282",82,13,17.0379663616338
"1283",83,13,16.7658492476137
"1284",84,13,16.0919389796456
"1285",85,13,16.4047211135661
"1286",86,13,16.8096461577645
"1287",87,13,16.7634718947411
"1288",88,13,16.109869661679
"1289",89,13,16.3793249998374
"1290",90,13,16.6151651648987
"1291",91,13,17.0411500677636
"1292",92,13,15.7618120732319
"1293",93,13,16.5551736699726
"1294",94,13,16.6282000140915
"1295",95,13,15.9183279980846
"1296",96,13,16.4318042129696
"1297",97,13,16.6458096395517
"1298",98,13,17.1533462675943
"1299",99,13,15.9698387644579
"1300",100,13,16.4863453061459
"1301",1,14,9.0831569255518
"1302",2,14,9.35650797173246
"1303",3,14,9.5845582116915
"1304",4,14,9.35445423363549
"1305",5,14,9.61214292243186
"1306",6,14,9.68092555367109
"1307",7,14,9.66742631208464
"1308",8,14,9.29550383026828
"1309",9,14,9.20375527534787
"1310",10,14,9.04160211246031
"1311",11,14,9.78420463723774
"1312",12,14,10.0628657169328
"1313",13,14,9.10198391303171
"1314",14,14,0
"1315",15,14,8.98775011141446
"1316",16,14,9.20975731044856
"1317",17,14,9.63126662940288
"1318",18,14,9.81665648893222
"1319",19,14,9.37706223770752
"1320",20,14,9.3000321965385
"1321",21,14,9.39737505953763
"1322",22,14,9.74735455353224
"1323",23,14,9.83499782965568
"1324",24,14,9.62801486102856
"1325",25,14,9.66568993147012
"1326",26,14,9.29163344791997
"1327",27,14,10.1773512986757
"1328",28,14,9.28992676269791
"1329",29,14,9.65447874861319
"1330",30,14,10.3104030317225
"1331",31,14,9.11974590010628
"1332",32,14,9.48408466292137
"1333",33,14,9.57832165840098
"1334",34,14,9.41488960145468
"1335",35,14,9.27029758375854
"1336",36,14,9.22263272761951
"1337",37,14,9.44277880142851
"1338",38,14,9.4920391416579
"1339",39,14,9.48559089146157
"1340",40,14,9.64766250624618
"1341",41,14,9.9816181151177
"1342",42,14,8.93005880821486
"1343",43,14,10.4915520044049
"1344",44,14,9.22909322019737
"1345",45,14,9.58053452861169
"1346",46,14,8.97799022872683
"1347",47,14,9.41674828516576
"1348",48,14,9.24915155271029
"1349",49,14,9.3711740256303
"1350",50,14,9.36839696983354
"1351",51,14,15.8184543081192
"1352",52,14,16.6728417417369
"1353",53,14,16.1493996305999
"1354",54,14,16.6369268913275
"1355",55,14,16.9958354315586
"1356",56,14,16.4774546988898
"1357",57,14,16.2403089001967
"1358",58,14,16.1668906440491
"1359",59,14,16.0118093212185
"1360",60,14,15.4893527176445
"1361",61,14,16.0128736682499
"1362",62,14,16.5367822902407
"1363",63,14,16.7755937722967
"1364",64,14,16.1625037672241
"1365",65,14,17.4776401946995
"1366",66,14,16.3056079295136
"1367",67,14,16.5155078125016
"1368",68,14,16.0255039356086
"1369",69,14,16.0063025822554
"1370",70,14,16.056904172431
"1371",71,14,16.5640123194584
"1372",72,14,15.9614091947613
"1373",73,14,16.3395378607
"1374",74,14,16.0950192010622
"1375",75,14,15.4188702210145
"1376",76,14,16.111057344274
"1377",77,14,15.6181590403544
"1378",78,14,15.5202053774727
"1379",79,14,16.4188846721942
"1380",80,14,15.7569301922118
"1381",81,14,16.1078945315235
"1382",82,14,16.6808365124976
"1383",83,14,16.244571152181
"1384",84,14,15.9488412828224
"1385",85,14,16.3053728163112
"1386",86,14,16.6087318152157
"1387",87,14,16.6739920387905
"1388",88,14,16.0005661768041
"1389",89,14,16.1926614997755
"1390",90,14,16.476723582929
"1391",91,14,16.8502125058725
"1392",92,14,15.4574937293671
"1393",93,14,16.3067749023567
"1394",94,14,16.2816715482406
"1395",95,14,15.8694792664784
"1396",96,14,16.0254470072398
"1397",97,14,16.5255843778721
"1398",98,14,16.6837707409513
"1399",99,14,15.6043831166973
"1400",100,14,16.3078980454917
"1401",1,15,8.49002819562806
"1402",2,15,8.63631298911074
"1403",3,15,9.32303013182952
"1404",4,15,9.58251523396321
"1405",5,15,8.98266750751688
"1406",6,15,9.17458253029119
"1407",7,15,9.15147074081557
"1408",8,15,8.7976644602532
"1409",9,15,8.78499093003589
"1410",10,15,8.57913277564489
"1411",11,15,9.54760014432197
"1412",12,15,9.24585441769913
"1413",13,15,8.94275828448762
"1414",14,15,8.98775011141446
"1415",15,15,0
"1416",16,15,8.57319189479605
