"","row","col","value"
"1",1,1,0
"2",2,1,9.31874722698629
"3",3,1,9.63133114958929
"4",4,1,9.47337236240184
"5",5,1,9.77148056070383
"6",6,1,9.0724193515053
"7",7,1,9.43636167813075
"8",8,1,9.69589508131039
"9",9,1,9.97103668224126
"10",10,1,10.9238366286827
"11",11,1,9.97458640182465
"12",12,1,9.89819938483921
"13",13,1,9.38514673876977
"14",14,1,9.4107603418587
"15",15,1,9.90031111100637
"16",16,1,9.5717691410802
"17",17,1,9.79854544896752
"18",18,1,9.41401252339678
"19",19,1,9.99771434367286
"20",20,1,9.24779608919708
"21",21,1,10.0083336532377
"22",22,1,9.57842747799675
"23",23,1,10.0155561848337
"24",24,1,9.3773684657372
"25",25,1,10.6888667844243
"26",26,1,9.61654536957322
"27",27,1,9.78238525590072
"28",28,1,9.79084642930233
"29",29,1,9.89601016856571
"30",30,1,9.51227168754448
"31",31,1,8.90924986382875
"32",32,1,9.44872939115111
"33",33,1,11.4431259395347
"34",34,1,9.61782478606818
"35",35,1,9.34516927964727
"36",36,1,9.02164538192667
"37",37,1,11.0954353733311
"38",38,1,9.13203043881702
"39",39,1,9.71699282895654
"40",40,1,9.65602521306363
"41",41,1,9.90862593652014
"42",42,1,9.48873643219554
"43",43,1,10.2491294253568
"44",44,1,10.1682564644054
"45",45,1,9.53563247343988
"46",46,1,9.25083447135566
"47",47,1,9.93848507702259
"48",48,1,10.6710489318902
"49",49,1,9.7869281350457
"50",50,1,9.85682874930388
"51",51,1,15.5235713788834
"52",52,1,15.6620350903099
"53",53,1,16.6904727449104
"54",54,1,16.558335028273
"55",55,1,16.3389061613951
"56",56,1,16.6351307542311
"57",57,1,15.7372663686542
"58",58,1,16.0903296961968
"59",59,1,16.5688382509811
"60",60,1,16.0903699273155
"61",61,1,16.2372700059132
"62",62,1,16.6778979584671
"63",63,1,16.5242552612313
"64",64,1,16.024128758839
"65",65,1,16.0137404560378
"66",66,1,15.4800062303937
"67",67,1,16.6151134782077
"68",68,1,16.2908646730055
"69",69,1,16.0799199066759
"70",70,1,15.7437289840416
"71",71,1,16.3471442142911
"72",72,1,16.4511271353245
"73",73,1,16.3981543898825
"74",74,1,16.4208784584497
"75",75,1,16.4367398131831
"76",76,1,16.2758330854355
"77",77,1,17.2705763551997
"78",78,1,16.0262054092099
"79",79,1,16.8843031998633
"80",80,1,16.5655277403334
"81",81,1,16.4203705683793
"82",82,1,16.343730844105
"83",83,1,16.1818536739633
"84",84,1,16.2827634150731
"85",85,1,16.7833636964719
"86",86,1,16.3040554192038
"87",87,1,16.5267100602157
"88",88,1,16.1240316691886
"89",89,1,16.5132582551076
"90",90,1,16.043878323911
"91",91,1,16.9523306299267
"92",92,1,15.8246444651143
"93",93,1,17.4907147023091
"94",94,1,16.3629873833936
"95",95,1,16.2910890612243
"96",96,1,15.617139749552
"97",97,1,16.0822993958093
"98",98,1,15.8770679340021
"99",99,1,16.4633151544191
"100",100,1,16.2482396823442
"101",1,2,9.31874722698629
"102",2,2,0
"103",3,2,9.60195980020015
"104",4,2,9.42278181565122
"105",5,2,9.29420684398091
"106",6,2,8.56090661666242
"107",7,2,9.45709276434335
"108",8,2,9.57639538979145
"109",9,2,9.4966458632737
"110",10,2,10.2685713153615
"111",11,2,9.9385812044269
"112",12,2,9.56471918062462
"113",13,2,9.29778508009551
"114",14,2,9.62846507768639
"115",15,2,9.61781763351755
"116",16,2,9.17981095837754
"117",17,2,9.32197819019909
"118",18,2,9.2429123484205
"119",19,2,9.99119480736923
"120",20,2,9.26595760640498
"121",21,2,10.2956292743314
"122",22,2,9.02448114923509
"123",23,2,9.72405347191226
"124",24,2,9.29972143110218
"125",25,2,10.5229213810413
"126",26,2,9.8696813027974
"127",27,2,9.32621672183529
"128",28,2,9.36793098014413
"129",29,2,10.2736265330608
"130",30,2,9.4596623716467
"131",31,2,8.97446467658189
"132",32,2,9.23524755179638
"133",33,2,10.781620932671
"134",34,2,9.36440579077274
"135",35,2,9.38669913849019
"136",36,2,9.24480140121954
"137",37,2,11.1268323906396
"138",38,2,9.1846411451339
"139",39,2,9.29600593588118
"140",40,2,9.16451291368217
"141",41,2,9.3697233198688
"142",42,2,8.98779747409954
"143",43,2,10.1108121571808
"144",44,2,10.4705034671418
"145",45,2,9.42525248743845
"146",46,2,9.70172088560437
"147",47,2,9.6554738561094
"148",48,2,10.1362992564959
"149",49,2,9.4170934342185
"150",50,2,9.61521129531383
"151",51,2,15.6561541178196
"152",52,2,15.7783185743948
"153",53,2,16.8502518251169
"154",54,2,16.7071923975682
"155",55,2,16.2910513906887
"156",56,2,16.719684496222
"157",57,2,15.8730581496377
"158",58,2,16.0627795622526
"159",59,2,16.6112777750334
"160",60,2,16.235374355436
"161",61,2,16.2742493348151
"162",62,2,16.6843740089402
"163",63,2,16.5523361200105
"164",64,2,16.2481513605523
"165",65,2,15.9478917013849
"166",66,2,15.5732683659853
"167",67,2,16.7376229614054
"168",68,2,16.3864112681868
"169",69,2,16.147027321641
"170",70,2,15.7311184743735
"171",71,2,16.2732522479252
"172",72,2,16.4744039273238
"173",73,2,16.3036943093185
"174",74,2,16.5010107151327
"175",75,2,16.5660007189133
"176",76,2,16.1598375665871
"177",77,2,17.3901937898324
"178",78,2,16.0247084848083
"179",79,2,16.9561677357128
"180",80,2,16.3998346810904
"181",81,2,16.4860992484948
"182",82,2,16.3691524825138
"183",83,2,16.1997840684722
"184",84,2,16.3667384659347
"185",85,2,16.7723687535981
"186",86,2,16.2743239283909
"187",87,2,16.5169839635437
"188",88,2,16.156400444398
"189",89,2,16.4808841852649
"190",90,2,15.9808558090043
"191",91,2,16.980845726046
"192",92,2,16.0018994437865
"193",93,2,17.2202125670664
"194",94,2,16.2178221074626
"195",95,2,16.32818433225
"196",96,2,15.9443350525913
"197",97,2,16.231878613967
"198",98,2,15.9758523142776
"199",99,2,16.5005141339925
"200",100,2,16.2385785560658
"201",1,3,9.63133114958929
"202",2,3,9.60195980020015
"203",3,3,0
"204",4,3,9.6373004596404
"205",5,3,9.56303127495935
"206",6,3,9.22462555002451
"207",7,3,9.58785402584369
"208",8,3,9.78548092785949
"209",9,3,9.87907383695816
"210",10,3,10.7341113912518
"211",11,3,10.2161860780579
"212",12,3,10.4183322078721
"213",13,3,9.62903562443936
"214",14,3,9.61264295460969
"215",15,3,9.67255517369577
"216",16,3,9.43267893856988
"217",17,3,9.92273947061289
"218",18,3,9.40138556863208
"219",19,3,10.1345084465762
"220",20,3,9.1943308511164
"221",21,3,10.3911157522635
"222",22,3,9.53177076959148
"223",23,3,9.85586680386792
"224",24,3,9.41516998641753
"225",25,3,10.3232368231782
"226",26,3,9.7147064797543
"227",27,3,9.46411792068363
"228",28,3,9.9830326697904
"229",29,3,9.98167978400172
"230",30,3,9.68815740357269
"231",31,3,9.10464992492511
"232",32,3,9.70051697082653
"233",33,3,11.887933296791
"234",34,3,9.3239944159468
"235",35,3,9.42598918553526
"236",36,3,9.1145585347996
"237",37,3,11.416307563933
"238",38,3,9.55313639482317
"239",39,3,9.77608543056005
"240",40,3,9.70635513133531
"241",41,3,9.57750721471619
"242",42,3,9.48311237395674
"243",43,3,10.2411122150824
"244",44,3,10.3853009762069
"245",45,3,9.48732056042308
"246",46,3,9.57656440414039
"247",47,3,9.95709414511878
"248",48,3,10.2914421581105
"249",49,3,9.8859242370115
"250",50,3,9.98515472636187
"251",51,3,15.7998089004103
"252",52,3,15.7896890984711
"253",53,3,16.7571665936807
"254",54,3,16.6976657394442
"255",55,3,16.4657689320855
"256",56,3,16.8631992863486
"257",57,3,15.746007661615
"258",58,3,16.2346465569049
"259",59,3,16.7774115031397
"260",60,3,16.2792362749445
"261",61,3,16.6081400978735
"262",62,3,16.674244921051
"263",63,3,16.8098531424138
"264",64,3,16.3144969200812
"265",65,3,16.2945194288885
"266",66,3,15.6477508444288
"267",67,3,16.8066136397674
"268",68,3,16.469664671358
"269",69,3,16.139768511939
"270",70,3,15.9794145105785
"271",71,3,16.428695270546
"272",72,3,16.7812603394115
"273",73,3,16.4861541369252
"274",74,3,16.45561081336
"275",75,3,16.4116971235326
"276",76,3,16.4265354294068
"277",77,3,17.4537887466537
"278",78,3,16.3156233958226
"279",79,3,17.1509922262337
"280",80,3,16.6798606665864
"281",81,3,16.4921621152542
"282",82,3,16.4290697170028
"283",83,3,16.2123139701297
"284",84,3,16.4908736354965
"285",85,3,16.8776429930127
"286",86,3,16.4923825001895
"287",87,3,16.6832002387039
"288",88,3,16.3422628040998
"289",89,3,16.6629167036639
"290",90,3,16.2841452721465
"291",91,3,17.1982520585689
"292",92,3,16.0593529726449
"293",93,3,17.3635458671716
"294",94,3,16.3206390570208
"295",95,3,16.5645982806726
"296",96,3,15.9641394624963
"297",97,3,16.3111991534326
"298",98,3,15.9042663471386
"299",99,3,16.4646612280365
"300",100,3,16.4814264579514
"301",1,4,9.47337236240184
"302",2,4,9.42278181565122
"303",3,4,9.6373004596404
"304",4,4,0
"305",5,4,9.92063024697999
"306",6,4,9.23577395654133
"307",7,4,9.27988787147457
"308",8,4,9.23763887734899
"309",9,4,9.79783280449106
"310",10,4,10.0553150780781
"311",11,4,9.82691567782831
"312",12,4,9.70097781583626
"313",13,4,9.55396828970992
"314",14,4,9.49081267664305
"315",15,4,9.7138151883448
"316",16,4,9.58448170952492
"317",17,4,9.56554733844076
"318",18,4,9.39617744854118
"319",19,4,10.1157326773683
"320",20,4,9.297493174164
"321",21,4,9.8201379954302
"322",22,4,9.49772803680493
"323",23,4,9.6365537143562
"324",24,4,9.56211403667828
"325",25,4,10.2972804058671
"326",26,4,9.9253444915107
"327",27,4,9.94899246871304
"328",28,4,9.49998065441987
"329",29,4,10.3891444764008
"330",30,4,10.0298378393297
"331",31,4,9.01260355857785
"332",32,4,9.69095507832117
"333",33,4,11.674558287351
"334",34,4,9.3832247364294
"335",35,4,9.30224366727697
"336",36,4,9.35041718975623
"337",37,4,11.4786150648766
"338",38,4,9.64808908680292
"339",39,4,9.17409356448852
"340",40,4,9.61524467303184
"341",41,4,9.75007366339245
"342",42,4,9.54353559295212
"343",43,4,9.6573552133693
"344",44,4,10.7796683541103
"345",45,4,9.35515800476655
"346",46,4,9.31628192115428
"347",47,4,9.96335899031795
"348",48,4,10.2865248957853
"349",49,4,9.72703965275869
"350",50,4,9.80874412881851
"351",51,4,16.0700434029497
"352",52,4,16.1918513785328
"353",53,4,17.0467815713733
"354",54,4,17.3099808887444
"355",55,4,16.8593790250453
"356",56,4,17.1465799263607
"357",57,4,16.2425754109792
"358",58,4,16.7376482619855
"359",59,4,17.1094734722941
"360",60,4,16.7968941427333
"361",61,4,16.8399974784991
"362",62,4,17.191740018213
"363",63,4,16.9878548416351
"364",64,4,16.7156745220561
"365",65,4,16.6523329694372
"366",66,4,15.8818843025081
"367",67,4,17.2463013517673
"368",68,4,17.0555650964791
"369",69,4,16.7024833897564
"370",70,4,16.5906721573944
"371",71,4,16.8818934456022
"372",72,4,16.9196709457232
"373",73,4,17.0529015253277
"374",74,4,16.951782781797
"375",75,4,16.8669729384736
"376",76,4,16.8425666689397
"377",77,4,17.9066188119185
"378",78,4,16.6877816236543
"379",79,4,17.6233109220455
"380",80,4,17.1672975749687
"381",81,4,17.0821074371966
"382",82,4,16.8564710626698
"383",83,4,16.6782580262035
"384",84,4,17.0679074405069
"385",85,4,17.4670602577777
"386",86,4,17.0323354728266
"387",87,4,17.1904048403342
"388",88,4,16.6915081048131
"389",89,4,17.1734927511784
"390",90,4,16.6694383558784
"391",91,4,17.6045468833135
"392",92,4,16.4325214701071
"393",93,4,18.0341644301149
"394",94,4,16.6608769221557
"395",95,4,16.8696786059742
"396",96,4,16.3382336924481
"397",97,4,16.679370462306
"398",98,4,16.4603745639302
"399",99,4,16.8327566504353
"400",100,4,16.7997830607903
"401",1,5,9.77148056070383
"402",2,5,9.29420684398091
"403",3,5,9.56303127495935
"404",4,5,9.92063024697999
"405",5,5,0
"406",6,5,9.40543335111813
"407",7,5,9.77869243186511
"408",8,5,9.84862436136062
"409",9,5,9.88761220588547
"410",10,5,10.7758231059498
"411",11,5,10.391259019243
"412",12,5,10.2033955056957
"413",13,5,9.39720017490569
"414",14,5,9.5915765357771
"415",15,5,10.439832287245
"416",16,5,9.7151173235854
"417",17,5,9.87300340890049
"418",18,5,9.59101032811326
"419",19,5,10.5524160972073
"420",20,5,9.71335248483609
"421",21,5,11.0082766412641
"422",22,5,9.42658286873504
"423",23,5,10.4886888003206
"424",24,5,9.73756769082732
"425",25,5,11.1484865726038
"426",26,5,9.9321532099488
"427",27,5,9.37103342576009
"428",28,5,10.1499395097033
"429",29,5,10.4806882883619
"430",30,5,9.93822542802361
"431",31,5,9.09935082742572
"432",32,5,9.34092731723253
"433",33,5,11.5555577276654
"434",34,5,9.60192995638945
"435",35,5,9.52949738389911
"436",36,5,9.1234037283527
"437",37,5,10.3962093625755
"438",38,5,10.0035549769272
"439",39,5,9.97599696739015
"440",40,5,10.298263778998
"441",41,5,10.4110473876154
"442",42,5,9.55425717491605
"443",43,5,11.0323700869151
"444",44,5,10.3240737238051
"445",45,5,9.79981918057795
"446",46,5,9.5937876933498
"447",47,5,10.3638087554888
"448",48,5,10.8721966729683
"449",49,5,10.2184312682204
"450",50,5,10.0453284897965
"451",51,5,15.7253002999372
"452",52,5,15.8472276400209
"453",53,5,16.8421954974291
"454",54,5,16.6965071175587
"455",55,5,16.4162443744366
"456",56,5,16.7984093671622
"457",57,5,16.0078621949402
"458",58,5,16.1565213884568
"459",59,5,16.8390350980295
"460",60,5,16.2912630538137
"461",61,5,16.5693324608864
"462",62,5,16.6654374571042
"463",63,5,16.7173079992785
"464",64,5,16.4366907828863
"465",65,5,16.0699852099662
"466",66,5,15.6208668419146
"467",67,5,16.9127351981691
"468",68,5,16.4832482004853
"469",69,5,16.2757331573671
"470",70,5,16.0817529362162
"471",71,5,16.6169793279032
"472",72,5,16.6279958620396
"473",73,5,16.6535310705625
"474",74,5,16.6417084697862
"475",75,5,16.5447710149273
"476",76,5,16.3815868276121
"477",77,5,17.3268608575549
"478",78,5,16.2399970781576
"479",79,5,17.1873752560561
"480",80,5,16.8694312415115
"481",81,5,16.559343517172
"482",82,5,16.5535327300503
"483",83,5,16.3566104637541
"484",84,5,16.5360042064644
"485",85,5,16.8165590021545
"486",86,5,16.5383859723615
"487",87,5,16.7020756622165
"488",88,5,16.4849951199536
"489",89,5,16.7204583753307
"490",90,5,16.1810676823783
"491",91,5,17.2377459455236
"492",92,5,15.9799858807486
"493",93,5,17.4411310922221
"494",94,5,16.5202883067579
"495",95,5,16.4936868299523
"496",96,5,16.0411597542786
"497",97,5,16.3798834057948
"498",98,5,16.1074481722282
"499",99,5,16.6173812827286
"500",100,5,16.4466486058562
"501",1,6,9.0724193515053
"502",2,6,8.56090661666242
"503",3,6,9.22462555002451
"504",4,6,9.23577395654133
"505",5,6,9.40543335111813
"506",6,6,0
"507",7,6,9.03602127617106
"508",8,6,9.42756863802024
"509",9,6,9.15577759450369
"510",10,6,10.3446701484041
"511",11,6,9.43206280014549
"512",12,6,9.39088583236834
"513",13,6,9.44354181066645
"514",14,6,9.17495301434512
"515",15,6,9.09707339369281
"516",16,6,8.85517901963461
"517",17,6,8.72136578386351
"518",18,6,8.7693982682797
"519",19,6,9.52901285431772
"520",20,6,8.96523244687312
"521",21,6,9.69064312367547
"522",22,6,9.12556417769327
"523",23,6,9.22145200765983
"524",24,6,9.11039453797907
"525",25,6,10.0257376420427
"526",26,6,9.2231485967071
"527",27,6,9.51342230365655
"528",28,6,9.12501962653467
"529",29,6,9.93326895879413
"530",30,6,9.49230585051193
"531",31,6,8.33254519928605
"532",32,6,8.90029085228696
"533",33,6,10.5665469391106
"534",34,6,8.8966675908669
"535",35,6,9.26748024422447
"536",36,6,8.90978174873034
"537",37,6,11.1292985519905
"538",38,6,8.84926500492942
"539",39,6,9.08105377397502
"540",40,6,8.59194232081773
"541",41,6,9.02256545759216
"542",42,6,9.08228718048292
"543",43,6,9.89253085325917
"544",44,6,10.1705260389544
"545",45,6,9.26991248927569
"546",46,6,8.72718564051626
"547",47,6,9.58258729612045
"548",48,6,9.60967130736638
"549",49,6,9.12874912459336
"550",50,6,9.29534717127939
"551",51,6,15.4263565799949
"552",52,6,15.7701545801963
"553",53,6,16.8454658391079
"554",54,6,16.5856584275794
"555",55,6,16.27957068361
"556",56,6,16.6315855379021
"557",57,6,15.768270979208
"558",58,6,16.0350761533863
"559",59,6,16.6248362488557
"560",60,6,16.1737130945506
"561",61,6,16.1991285729188
"562",62,6,16.6325411830295
"563",63,6,16.4974375507868
"564",64,6,16.1031972866362
"565",65,6,15.8308281567425
"566",66,6,15.5563230406256
"567",67,6,16.5815699598873
"568",68,6,16.3000861922442
"569",69,6,16.0301042343519
"570",70,6,15.8144729181607
"571",71,6,16.271540745382
"572",72,6,16.3908650085529
"573",73,6,16.3729617850248
"574",74,6,16.4165146190087
"575",75,6,16.3121917996308
"576",76,6,16.3297625009428
"577",77,6,17.0997014041306
"578",78,6,15.972222252024
"579",79,6,16.9691378968324
"580",80,6,16.5167825340433
"581",81,6,16.4356013552252
"582",82,6,16.1259845298434
"583",83,6,16.1800611966089
"584",84,6,16.2447866491194
"585",85,6,16.7808630265495
"586",86,6,16.2472255442004
"587",87,6,16.4937836075355
"588",88,6,16.1167435700091
"589",89,6,16.4392273633482
"590",90,6,16.0550994018079
"591",91,6,16.9497285809811
"592",92,6,15.7863598299105
"593",93,6,17.1686915617371
"594",94,6,16.1238234624973
"595",95,6,16.2695154377346
"596",96,6,15.6939327965322
"597",97,6,16.2976458068356
"598",98,6,15.837355680507
"599",99,6,16.2838424615406
"600",100,6,16.097212449971
"601",1,7,9.43636167813075
"602",2,7,9.45709276434335
"603",3,7,9.58785402584369
"604",4,7,9.27988787147457
"605",5,7,9.77869243186511
"606",6,7,9.03602127617106
"607",7,7,0
"608",8,7,9.18890313507074
"609",9,7,9.68841711129207
"610",10,7,10.0676119401315
"611",11,7,9.61956834321865
"612",12,7,9.73085092183433
"613",13,7,9.36234815425596
"614",14,7,9.23256990135922
"615",15,7,9.64900424821336
"616",16,7,9.2565462079048
"617",17,7,9.3490183252955
"618",18,7,9.25786044733718
"619",19,7,9.78109962058554
"620",20,7,8.97870467635772
"621",21,7,9.67386824192124
"622",22,7,9.50606351700726
"623",23,7,9.64213260834634
"624",24,7,8.76942984657518
"625",25,7,9.93997194169009
"626",26,7,9.68395015669993
"627",27,7,9.84200597901816
"628",28,7,9.77412443256021
"629",29,7,9.85376803730192
"630",30,7,9.21975979941322
"631",31,7,8.74080431695898
"632",32,7,9.85452510583341
"633",33,7,11.3947572903737
"634",34,7,9.3052709471969
"635",35,7,9.50672134871856
"636",36,7,8.99634697408352
"637",37,7,10.8616150866719
"638",38,7,9.3960381379803
"639",39,7,9.53909130196767
"640",40,7,9.41821857823845
"641",41,7,9.48872830192055
"642",42,7,9.32111013058705
"643",43,7,9.83859969163674
"644",44,7,10.3551131188577
"645",45,7,9.50136667300899
"646",46,7,9.40452456144592
"647",47,7,9.7456500531344
"648",48,7,10.1903502318053
"649",49,7,9.18597075810042
"650",50,7,9.78499770935292
"651",51,7,15.6426416598412
"652",52,7,15.6658948265708
"653",53,7,16.4674132513854
"654",54,7,16.4863975271476
"655",55,7,16.2864538902198
"656",56,7,16.6060295579663
"657",57,7,15.9536591238688
"658",58,7,16.2216530368973
"659",59,7,16.7202458307468
"660",60,7,16.2045492220102
"661",61,7,16.1585540857721
"662",62,7,16.7873715184694
"663",63,7,16.5207475711968
"664",64,7,16.2070178517704
"665",65,7,15.9914225408113
"666",66,7,15.6271515341216
"667",67,7,16.5694558745524
"668",68,7,16.4291863882032
"669",69,7,16.1343426654391
"670",70,7,15.7554254834684
"671",71,7,16.5041018801343
"672",72,7,16.3151858979862
"673",73,7,16.3296911483872
"674",74,7,16.4105643557968
"675",75,7,16.334269644058
"676",76,7,16.3070019547956
"677",77,7,17.1749918732996
"678",78,7,16.0878022661704
"679",79,7,17.231679429732
"680",80,7,16.8002784679847
"681",81,7,16.3639583830336
"682",82,7,16.0720317809071
"683",83,7,16.2643857312265
"684",84,7,16.1930251555293
"685",85,7,16.9233945020892
"686",86,7,16.4064240558575
"687",87,7,16.5246381350801
"688",88,7,16.2965688847419
"689",89,7,16.4293238297313
"690",90,7,16.0168406427474
"691",91,7,17.0750987811454
"692",92,7,16.0641414060212
"693",93,7,17.0517765359739
"694",94,7,16.1428147868562
"695",95,7,16.1675159233537
"696",96,7,15.7581499701505
"697",97,7,16.0515035070123
"698",98,7,16.0370596678869
"699",99,7,16.3533576338343
"700",100,7,16.1446872388819
"701",1,8,9.69589508131039
"702",2,8,9.57639538979145
"703",3,8,9.78548092785949
"704",4,8,9.23763887734899
"705",5,8,9.84862436136062
"706",6,8,9.42756863802024
"707",7,8,9.18890313507074
"708",8,8,0
"709",9,8,9.52464054162688
"710",10,8,10.1246410174134
"711",11,8,9.68818366708883
"712",12,8,10.0097865020497
"713",13,8,9.56698225242481
"714",14,8,9.60718966560122
"715",15,8,9.8976104781052
"716",16,8,9.36705101554364
"717",17,8,9.64918654786312
"718",18,8,9.41572913388345
"719",19,8,10.0797529568489
"720",20,8,8.86724412370793
"721",21,8,9.95689364793045
"722",22,8,9.61366242663751
"723",23,8,10.0206203715624
"724",24,8,9.67264772491569
"725",25,8,10.0924187524012
"726",26,8,9.88857692462838
"727",27,8,9.71604835710383
"728",28,8,9.82703757428491
"729",29,8,10.2356164962526
"730",30,8,9.64261134567931
"731",31,8,9.17969600252467
"732",32,8,9.91488407781126
"733",33,8,10.860163941302
"734",34,8,9.47704495327992
"735",35,8,9.40794625738291
"736",36,8,9.45532196852153
"737",37,8,11.0175603183757
"738",38,8,9.55072610777366
"739",39,8,9.82586933814352
"740",40,8,9.31043376214363
"741",41,8,10.0784127885345
"742",42,8,9.69487766305262
"743",43,8,10.4721090111181
"744",44,8,10.7056329104473
"745",45,8,9.46296042738167
"746",46,8,9.4833403014657
"747",47,8,9.96202927660083
"748",48,8,10.3027690536783
"749",49,8,9.68423230928886
"750",50,8,9.95790922727302
"751",51,8,15.53545715757
"752",52,8,15.5946204924846
"753",53,8,16.526013959983
"754",54,8,16.4664128992248
"755",55,8,16.2063214211607
"756",56,8,16.7065638277778
"757",57,8,15.6602426098094
"758",58,8,16.1203690933048
"759",59,8,16.5871304151748
"760",60,8,15.9875336820658
"761",61,8,16.2647992338417
"762",62,8,16.7118644806456
"763",63,8,16.4345543384236
"764",64,8,16.0979618316825
"765",65,8,15.9736144678583
"766",66,8,15.4350268145914
"767",67,8,16.3912432576676
"768",68,8,16.2893299031946
"769",69,8,15.8388570723517
"770",70,8,15.7990375816029
"771",71,8,16.2800287786575
"772",72,8,16.5011563351909
"773",73,8,16.1110104932803
"774",74,8,16.3473931458315
"775",75,8,16.4428608222385
"776",76,8,16.2299734504543
"777",77,8,17.0448279261329
"778",78,8,16.1478340463766
"779",79,8,17.040333085557
"780",80,8,16.6197540486804
"781",81,8,16.3535213240355
"782",82,8,16.1324734883414
"783",83,8,16.1043027191879
"784",84,8,16.3065513916712
"785",85,8,16.7546708457738
"786",86,8,16.3098463094406
"787",87,8,16.7038755370174
"788",88,8,16.08434521933
"789",89,8,16.455998941767
"790",90,8,15.8442783694494
"791",91,8,17.0208689303258
"792",92,8,15.9727407898866
"793",93,8,17.0872094331248
"794",94,8,16.0365366117188
"795",95,8,16.2383846047919
"796",96,8,15.9772695730894
"797",97,8,16.1523762440097
"798",98,8,15.7782305011589
"799",99,8,16.2071334848372
"800",100,8,16.0467472777297
"801",1,9,9.97103668224126
"802",2,9,9.4966458632737
"803",3,9,9.87907383695816
"804",4,9,9.79783280449106
"805",5,9,9.88761220588547
"806",6,9,9.15577759450369
"807",7,9,9.68841711129207
"808",8,9,9.52464054162688
"809",9,9,0
"810",10,9,9.98417643724688
"811",11,9,9.70545220943425
"812",12,9,9.45938984471469
"813",13,9,9.27398423520343
"814",14,9,9.64033553076868
"815",15,9,9.46248762901127
"816",16,9,9.03535086260726
"817",17,9,9.5526114799293
"818",18,9,9.11626047044448
"819",19,9,10.5248634828007
"820",20,9,9.38395199396356
"821",21,9,9.96441513452991
"822",22,9,9.53906776214871
"823",23,9,10.1787656531101
"824",24,9,9.25520501291351
"825",25,9,10.1703601227269
"826",26,9,10.1381642165015
"827",27,9,10.0721864148064
"828",28,9,9.41685857644312
"829",29,9,10.3683220981254
"830",30,9,9.73208937514441
"831",31,9,9.07859665995239
"832",32,9,9.63092894969735
"833",33,9,10.3601266911897
"834",34,9,9.34085220847806
"835",35,9,9.49251318215786
"836",36,9,9.5773028063242
"837",37,9,11.5746358202356
"838",38,9,9.46706087147333
"839",39,9,9.7318443012437
"840",40,9,9.50360234148022
"841",41,9,9.94287099495765
"842",42,9,9.09718967952752
"843",43,9,9.96966376177599
"844",44,9,10.4061724570122
"845",45,9,9.24691762445371
"846",46,9,9.57366992602365
"847",47,9,10.3233490973001
"848",48,9,10.4105869639233
"849",49,9,9.86791745109385
"850",50,9,9.75703299277046
"851",51,9,16.1841540325323
"852",52,9,16.3734854045548
"853",53,9,17.4549626604444
"854",54,9,17.1307530440677
"855",55,9,16.8940251236853
"856",56,9,17.3164036548637
"857",57,9,16.3832931015044
"858",58,9,16.638238350156
"859",59,9,17.4200272851397
"860",60,9,16.7503804585516
"861",61,9,16.9323714554945
"862",62,9,17.1999942735589
"863",63,9,17.2516996336612
"864",64,9,16.8034900669448
"865",65,9,16.6563260435383
"866",66,9,16.0910866223084
"867",67,9,17.3049595873997
"868",68,9,16.9094686106805
"869",69,9,16.7332031734481
"870",70,9,16.5325517955451
"871",71,9,17.0368148498169
"872",72,9,16.9491195006306
"873",73,9,17.0258842814559
"874",74,9,17.0220816517254
"875",75,9,16.9583909190369
"876",76,9,16.8964470350504
"877",77,9,17.8020625154068
"878",78,9,16.8227662879845
"879",79,9,17.6564950882397
"880",80,9,16.9744284792835
"881",81,9,17.2673630864803
"882",82,9,16.8887792938085
"883",83,9,16.761503045677
"884",84,9,16.9722344563781
"885",85,9,17.4943264915366
"886",86,9,16.9216041227007
"887",87,9,17.2485098924115
"888",88,9,16.7912668011893
"889",89,9,17.0865434107998
"890",90,9,16.5930446332835
"891",91,9,17.7027132677368
"892",92,9,16.5815355850501
"893",93,9,17.9370506864769
"894",94,9,16.9280960555684
"895",95,9,16.7791718484931
"896",96,9,16.5481554276214
"897",97,9,16.8906001561905
"898",98,9,16.5036545162493
"899",99,9,16.9224473973259
"900",100,9,16.9370197140499
"901",1,10,10.9238366286827
"902",2,10,10.2685713153615
"903",3,10,10.7341113912518
"904",4,10,10.0553150780781
"905",5,10,10.7758231059498
"906",6,10,10.3446701484041
"907",7,10,10.0676119401315
"908",8,10,10.1246410174134
"909",9,10,9.98417643724688
"910",10,10,0
"911",11,10,10.4051807157468
"912",12,10,10.0071286979788
"913",13,10,10.570829460908
"914",14,10,9.96988398833188
"915",15,10,10.1481613533788
"916",16,10,10.1129123605187
"917",17,10,9.97818970887129
"918",18,10,9.94405403786698
"919",19,10,10.1656519747534
"920",20,10,9.76186969489333
"921",21,10,10.761342553365
"922",22,10,10.3497132092233
"923",23,10,10.6159821031406
"924",24,10,9.98445867471289
"925",25,10,10.2653381462497
"926",26,10,10.0551561176295
"927",27,10,10.2363854757212
"928",28,10,10.3856699812912
"929",29,10,10.4645322430985
"930",30,10,9.98806226744634
"931",31,10,9.68028577874259
"932",32,10,10.6259454826411
"933",33,10,11.7793452228123
"934",34,10,10.0376678777112
"935",35,10,10.6240975646614
"936",36,10,10.5183197381667
"937",37,10,11.9900185357708
"938",38,10,10.2959325316943
"939",39,10,10.2084320518489
"940",40,10,9.98043656809262
"941",41,10,10.3080906611485
"942",42,10,10.3204473348371
"943",43,10,10.2457897552611
"944",44,10,11.4161505545781
"945",45,10,10.1914352516623
"946",46,10,10.1792391810342
"947",47,10,10.2865435947622
"948",48,10,9.77272562615026
"949",49,10,9.9731875541137
"950",50,10,10.3437071114755
"951",51,10,17.4105803590598
"952",52,10,17.3030790119382
"953",53,10,18.2481873087651
"954",54,10,18.0247702154253
"955",55,10,18.0315958064672
"956",56,10,18.3251844302176
"957",57,10,17.3949354205315
"958",58,10,17.7748318125315
"959",59,10,18.4287704919908
"960",60,10,17.8562431876246
"961",61,10,17.9204778150841
"962",62,10,18.548460293742
"963",63,10,18.1116514610835
"964",64,10,17.6122412731895
"965",65,10,17.8160094315761
"966",66,10,17.2611769250639
"967",67,10,18.377389304748
"968",68,10,18.0997758625384
"969",69,10,17.6913555175293
"970",70,10,17.6459151919181
"971",71,10,18.045623462981
"972",72,10,18.0488019891886
"973",73,10,17.892636485503
"974",74,10,18.0968905209992
"975",75,10,17.9205510773692
"976",76,10,17.9280107570234
"977",77,10,19.1524096064016
"978",78,10,17.8741552341443
"979",79,10,18.9093513947406
"980",80,10,18.2741997099284
"981",81,10,18.2281989366938
"982",82,10,17.8819313985674
"983",83,10,17.9410904473332
"984",84,10,18.0583240878166
"985",85,10,18.6024094179421
"986",86,10,18.110320577781
"987",87,10,18.4421291339834
"988",88,10,17.9838285105994
"989",89,10,18.293984006196
"990",90,10,17.7595286343686
"991",91,10,18.7155373135734
"992",92,10,17.6440431246645
"993",93,10,18.9001139212157
"994",94,10,17.991085503012
"995",95,10,17.8132299163199
"996",96,10,17.6156173459877
"997",97,10,17.7974632635994
"998",98,10,17.6431013068189
"999",99,10,18.0341502121276
"1000",100,10,17.8351506046495
"1001",1,11,9.97458640182465
"1002",2,11,9.9385812044269
"1003",3,11,10.2161860780579
"1004",4,11,9.82691567782831
"1005",5,11,10.391259019243
"1006",6,11,9.43206280014549
"1007",7,11,9.61956834321865
"1008",8,11,9.68818366708883
"1009",9,11,9.70545220943425
"1010",10,11,10.4051807157468
"1011",11,11,0
"1012",12,11,9.45982105825829
"1013",13,11,10.1077784326488
"1014",14,11,9.87320730007707
"1015",15,11,9.72831368892679
"1016",16,11,9.3114511776871
"1017",17,11,9.78500146563404
"1018",18,11,9.92756876188947
"1019",19,11,10.647380118601
"1020",20,11,9.1689915635959
"1021",21,11,10.2050916208364
"1022",22,11,9.90060700710184
"1023",23,11,10.3442405665889
"1024",24,11,9.67735717444922
"1025",25,11,10.3233114633306
"1026",26,11,10.0619960135941
"1027",27,11,10.3875471585674
"1028",28,11,10.0819801936253
"1029",29,11,10.2757844122107
"1030",30,11,9.793711519996
"1031",31,11,9.52789693796911
"1032",32,11,9.92860339094367
"1033",33,11,11.7122090446646
"1034",34,11,9.61484341326553
"1035",35,11,10.1203101022771
"1036",36,11,9.95796376093914
"1037",37,11,11.2180468992517
"1038",38,11,9.81709149729959
"1039",39,11,10.0093460109951
"1040",40,11,9.85964788836386
"1041",41,11,10.2216899534763
"1042",42,11,9.91762426311791
"1043",43,11,10.1064374601481
"1044",44,11,10.4166138188635
"1045",45,11,9.99468839773954
"1046",46,11,9.49486536863878
"1047",47,11,9.77504548728888
"1048",48,11,10.0274234521517
"1049",49,11,9.93167958279396
"1050",50,11,9.95198914906698
"1051",51,11,16.6841916804473
"1052",52,11,16.7468218574668
"1053",53,11,17.5134299423292
"1054",54,11,17.5723681447158
"1055",55,11,17.2997350961429
"1056",56,11,17.5663959522368
"1057",57,11,16.8042231363419
"1058",58,11,17.1983491406683
"1059",59,11,17.6714713307766
"1060",60,11,17.1350885323054
"1061",61,11,17.1133922826328
"1062",62,11,17.738063213334
"1063",63,11,17.4661687057321
"1064",64,11,17.2127960459228
"1065",65,11,17.0820188776236
"1066",66,11,16.4928251826602
"1067",67,11,17.5098845067671
"1068",68,11,17.3412642965885
"1069",69,11,17.027842168572
"1070",70,11,16.789901808399
"1071",71,11,17.4237678778251
"1072",72,11,17.4560455496677
"1073",73,11,17.1438273419125
"1074",74,11,17.6081105727992
"1075",75,11,17.4604894622019
"1076",76,11,17.3672554928584
"1077",77,11,18.1027486877347
"1078",78,11,17.1439835236305
"1079",79,11,18.1833843361918
"1080",80,11,17.6479945363414
"1081",81,11,17.5014162556807
"1082",82,11,17.0198192725393
"1083",83,11,17.3166124653335
"1084",84,11,17.2686271624043
"1085",85,11,17.7809749763579
"1086",86,11,17.324258701597
"1087",87,11,17.6145472757087
"1088",88,11,17.0405594953412
"1089",89,11,17.570882017855
"1090",90,11,17.0272171172832
"1091",91,11,17.7864781022508
"1092",92,11,16.9400996293051
"1093",93,11,17.838660729453
"1094",94,11,17.1653218819869
"1095",95,11,17.0883011150417
"1096",96,11,16.8802372848495
"1097",97,11,17.2001287435224
"1098",98,11,17.0945418319672
"1099",99,11,17.3717593559221
"1100",100,11,17.2098923822154
"1101",1,12,9.89819938483921
"1102",2,12,9.56471918062462
"1103",3,12,10.4183322078721
"1104",4,12,9.70097781583626
"1105",5,12,10.2033955056957
"1106",6,12,9.39088583236834
"1107",7,12,9.73085092183433
"1108",8,12,10.0097865020497
"1109",9,12,9.45938984471469
"1110",10,12,10.0071286979788
"1111",11,12,9.45982105825829
"1112",12,12,0
"1113",13,12,9.5270593079584
"1114",14,12,9.74413206596893
"1115",15,12,9.46885808120847
"1116",16,12,9.53842566376093
"1117",17,12,9.91999373882228
"1118",18,12,9.77007672698936
"1119",19,12,10.2327102547611
"1120",20,12,9.51179121915352
"1121",21,12,10.0144094614537
"1122",22,12,9.61699879272255
"1123",23,12,10.2683745064567
"1124",24,12,9.46383587314524
"1125",25,12,10.6101945987891
"1126",26,12,10.0227898695065
"1127",27,12,9.98756407319695
"1128",28,12,9.58288379492229
"1129",29,12,10.2336705463913
"1130",30,12,10.117188367296
"1131",31,12,9.43411982773431
"1132",32,12,9.86928781234784
"1133",33,12,9.91619096798267
"1134",34,12,9.54458913822895
"1135",35,12,9.65095944237655
"1136",36,12,9.78371121208356
"1137",37,12,11.3837126508674
"1138",38,12,9.61233873647249
"1139",39,12,9.55670224315038
"1140",40,12,9.53545702459008
"1141",41,12,10.3065780395434
"1142",42,12,9.27254615926744
"1143",43,12,10.0202813920985
"1144",44,12,10.499510690473
"1145",45,12,9.83950518640241
"1146",46,12,9.15343609148491
"1147",47,12,10.2047134283459
"1148",48,12,10.4024039346362
"1149",49,12,9.96242681017007
"1150",50,12,10.4077423079393
"1151",51,12,16.4988673850626
"1152",52,12,16.7405365530358
"1153",53,12,17.5821225423982
"1154",54,12,17.5297251675902
"1155",55,12,17.4267771323044
"1156",56,12,17.5262231731254
"1157",57,12,16.7462146756914
"1158",58,12,17.1058470124312
"1159",59,12,17.4718556866105
"1160",60,12,17.0922728045862
"1161",61,12,17.2387862739709
"1162",62,12,17.6397738460942
"1163",63,12,17.4751347991674
"1164",64,12,16.8668880003001
"1165",65,12,16.9737033686246
"1166",66,12,16.6053463183953
"1167",67,12,17.4417869370429
"1168",68,12,17.2636587580984
"1169",69,12,16.975716584541
"1170",70,12,16.9918676434441
"1171",71,12,17.1662503226529
"1172",72,12,17.3480376435998
"1173",73,12,17.176844962605
"1174",74,12,17.3983485099379
"1175",75,12,17.2629630124937
"1176",76,12,17.1447216827622
"1177",77,12,18.1843581922685
"1178",78,12,17.0105985027267
"1179",79,12,18.0355550402568
"1180",80,12,17.539026208101
"1181",81,12,17.4631212088234
"1182",82,12,16.9726853494589
"1183",83,12,17.2198984818576
"1184",84,12,17.2849264861697
"1185",85,12,17.8860680083218
"1186",86,12,17.238218885277
"1187",87,12,17.4527396851668
"1188",88,12,17.1621418531512
"1189",89,12,17.431843271862
"1190",90,12,16.9940987011226
"1191",91,12,17.8995341767318
"1192",92,12,16.9009576722064
"1193",93,12,18.002096084521
"1194",94,12,17.1065747545088
"1195",95,12,17.118378636233
"1196",96,12,16.8266373338993
"1197",97,12,17.2535262605969
"1198",98,12,16.8829949045827
"1199",99,12,17.2406707464088
"1200",100,12,17.1556091549063
"1201",1,13,9.38514673876977
"1202",2,13,9.29778508009551
"1203",3,13,9.62903562443936
"1204",4,13,9.55396828970992
"1205",5,13,9.39720017490569
"1206",6,13,9.44354181066645
"1207",7,13,9.36234815425596
"1208",8,13,9.56698225242481
"1209",9,13,9.27398423520343
"1210",10,13,10.570829460908
"1211",11,13,10.1077784326488
"1212",12,13,9.5270593079584
"1213",13,13,0
"1214",14,13,9.59471628997859
"1215",15,13,9.78545026654673
"1216",16,13,9.19354818567045
"1217",17,13,9.72073332976757
"1218",18,13,9.31797227655479
"1219",19,13,10.3103483239806
"1220",20,13,9.33627981219268
"1221",21,13,10.3876759166599
"1222",22,13,9.58208937293924
"1223",23,13,9.83707527945627
"1224",24,13,9.38378404509513
"1225",25,13,10.6377745665636
"1226",26,13,10.2286627526622
"1227",27,13,9.71080748964942
"1228",28,13,9.56537428254669
"1229",29,13,9.86498750359686
"1230",30,13,9.87813318313308
"1231",31,13,9.03285469490742
"1232",32,13,9.41269265881991
"1233",33,13,10.5784175880939
"1234",34,13,9.31408252466661
"1235",35,13,9.48122478174715
"1236",36,13,9.09723195700839
"1237",37,13,10.8218036221552
"1238",38,13,9.438406988182
"1239",39,13,9.63012040462822
"1240",40,13,9.9726783878401
"1241",41,13,9.71064728441795
"1242",42,13,9.14876484857801
"1243",43,13,10.3046564455249
"1244",44,13,10.149792437664
"1245",45,13,9.21828312887166
"1246",46,13,9.26574407949591
"1247",47,13,10.0260184837393
"1248",48,13,10.9798763146137
"1249",49,13,10.047792327173
"1250",50,13,9.69337606840304
"1251",51,13,15.9598452498618
"1252",52,13,15.9572800248742
"1253",53,13,17.1578557421304
"1254",54,13,17.0003359704434
"1255",55,13,16.6647349644088
"1256",56,13,17.0811166920039
"1257",57,13,15.9808549433431
"1258",58,13,16.3202936102307
"1259",59,13,17.0011453896732
"1260",60,13,16.4511850913927
"1261",61,13,16.6665565234811
"1262",62,13,16.9167422528801
"1263",63,13,16.8031797015863
"1264",64,13,16.2540612133004
"1265",65,13,16.3365398810655
"1266",66,13,15.808853005524
"1267",67,13,16.9944515537161
"1268",68,13,16.6163980314891
"1269",69,13,16.3628841436424
"1270",70,13,16.0695141004433
"1271",71,13,16.5642305231923
"1272",72,13,16.7838347515327
"1273",73,13,16.6317425236204
"1274",74,13,16.6338069160889
"1275",75,13,16.7687602167004
"1276",76,13,16.5361482598403
"1277",77,13,17.5834061764873
"1278",78,13,16.445943429478
"1279",79,13,17.3043930106699
"1280",80,13,16.668699121484
"1281",81,13,16.8413044038766
"1282",82,13,16.6276759000481
"1283",83,13,16.5226588455214
"1284",84,13,16.7292055783716
"1285",85,13,17.1469665570828
"1286",86,13,16.7289072299588
"1287",87,13,16.7347084275831
"1288",88,13,16.3815405933151
"1289",89,13,16.8193937153239
"1290",90,13,16.403734166903
"1291",91,13,17.1674898580761
"1292",92,13,16.2032630802911
"1293",93,13,17.5623554513364
"1294",94,13,16.6802201890317
"1295",95,13,16.5231474467783
"1296",96,13,16.0609229564019
"1297",97,13,16.5595907427569
"1298",98,13,16.0294032059606
"1299",99,13,16.6415502850419
"1300",100,13,16.5226355839525
"1301",1,14,9.4107603418587
"1302",2,14,9.62846507768639
"1303",3,14,9.61264295460969
"1304",4,14,9.49081267664305
"1305",5,14,9.5915765357771
"1306",6,14,9.17495301434512
"1307",7,14,9.23256990135922
"1308",8,14,9.60718966560122
"1309",9,14,9.64033553076868
"1310",10,14,9.96988398833188
"1311",11,14,9.87320730007707
"1312",12,14,9.74413206596893
"1313",13,14,9.59471628997859
"1314",14,14,0
"1315",15,14,9.90187261122748
"1316",16,14,9.13412929350447
"1317",17,14,9.56047784372771
"1318",18,14,9.35833947214515
"1319",19,14,9.58489861086891
"1320",20,14,9.61092627253375
"1321",21,14,9.92872565276094
"1322",22,14,9.42928063536966
"1323",23,14,9.74014508962835
"1324",24,14,9.45217129241944
"1325",25,14,10.1980401843027
"1326",26,14,9.40918763218253
"1327",27,14,9.57646280769173
"1328",28,14,9.53942744623784
"1329",29,14,9.94246353382832
"1330",30,14,9.44266092564694
"1331",31,14,8.80409545416109
"1332",32,14,9.49830952145127
"1333",33,14,11.1423511929148
"1334",34,14,9.36410162852201
"1335",35,14,9.58362592334471
"1336",36,14,8.9971909548836
"1337",37,14,10.6178685565483
"1338",38,14,9.46611872565372
"1339",39,14,9.42025565985266
"1340",40,14,9.36652485025867
"1341",41,14,9.70481387460024
"1342",42,14,9.3908952840295
"1343",43,14,10.2670701327896
"1344",44,14,10.1286336890975
"1345",45,14,9.33294183401542
"1346",46,14,9.13171633894415
"1347",47,14,9.58617062147436
"1348",48,14,10.3365495079464
"1349",49,14,9.49014065528105
"1350",50,14,9.86884299164774
"1351",51,14,15.8062455988362
"1352",52,14,15.9815275878907
"1353",53,14,16.7945094610408
"1354",54,14,16.7927349217354
"1355",55,14,16.5615675987913
"1356",56,14,16.8708852447069
"1357",57,14,16.1414907120361
"1358",58,14,16.3610718390176
"1359",59,14,16.8257891733429
"1360",60,14,16.3535672498346
"1361",61,14,16.6257987627848
"1362",62,14,17.0119580518926
"1363",63,14,16.7679475760138
"1364",64,14,16.4074504947583
"1365",65,14,16.2177824386026
"1366",66,14,15.6760664773238
"1367",67,14,16.950920905503
"1368",68,14,16.5800475057933
"1369",69,14,16.3777294646682
"1370",70,14,16.1741511108036
"1371",71,14,16.5832990029888
"1372",72,14,16.6452828139657
"1373",73,14,16.8562458286827
"1374",74,14,16.6065554045458
"1375",75,14,16.8442481517193
"1376",76,14,16.571592348756
"1377",77,14,17.4856578732385
"1378",78,14,16.2306676974907
"1379",79,14,17.263932831998
"1380",80,14,16.8367591514972
"1381",81,14,16.6862976269868
"1382",82,14,16.5252514687579
"1383",83,14,16.4444752681512
"1384",84,14,16.6375761843634
"1385",85,14,17.0936876843735
"1386",86,14,16.6962950444142
"1387",87,14,16.909782564331
"1388",88,14,16.4398169378341
"1389",89,14,16.8929514571018
"1390",90,14,16.4428282793059
"1391",91,14,17.3584163098998
"1392",92,14,16.2336247195818
"1393",93,14,17.5290433887037
"1394",94,14,16.4459324286366
"1395",95,14,16.5784132893001
"1396",96,14,16.0793112590249
"1397",97,14,16.3858982311337
"1398",98,14,16.1604868690208
"1399",99,14,16.7833602314815
"1400",100,14,16.5003858367448
"1401",1,15,9.90031111100637
"1402",2,15,9.61781763351755
"1403",3,15,9.67255517369577
"1404",4,15,9.7138151883448
"1405",5,15,10.439832287245
"1406",6,15,9.09707339369281
"1407",7,15,9.64900424821336
"1408",8,15,9.8976104781052
"1409",9,15,9.46248762901127
"1410",10,15,10.1481613533788
"1411",11,15,9.72831368892679
"1412",12,15,9.46885808120847
"1413",13,15,9.78545026654673
"1414",14,15,9.90187261122748
"1415",15,15,0
"1416",16,15,9.73406954003058
