"","row","col","value"
"1",1,1,0
"2",2,1,9.31874722698629
"3",3,1,9.63133114958929
"4",4,1,9.47337236240184
"5",5,1,9.77148056070383
"6",6,1,9.0724193515053
"7",7,1,9.43636167813075
"8",8,1,9.69589508131039
"9",9,1,9.97103668224126
"10",10,1,10.9238366286827
"11",11,1,9.97458640182465
"12",12,1,9.89819938483921
"13",13,1,9.38514673876977
"14",14,1,9.4107603418587
"15",15,1,9.90031111100637
"16",16,1,9.5717691410802
"17",17,1,9.79854544896752
"18",18,1,9.41401252339678
"19",19,1,9.99771434367286
"20",20,1,9.24779608919708
"21",21,1,10.0083336532377
"22",22,1,9.57842747799675
"23",23,1,10.0155561848337
"24",24,1,9.3773684657372
"25",25,1,10.6888667844243
"26",26,1,9.61654536957322
"27",27,1,9.78238525590072
"28",28,1,9.79084642930233
"29",29,1,9.89601016856571
"30",30,1,9.51227168754448
"31",31,1,8.90924986382875
"32",32,1,9.44872939115111
"33",33,1,11.4431259395347
"34",34,1,9.61782478606818
"35",35,1,9.34516927964727
"36",36,1,9.02164538192667
"37",37,1,11.0954353733311
"38",38,1,9.13203043881702
"39",39,1,9.71699282895654
"40",40,1,9.65602521306363
"41",41,1,9.90862593652014
"42",42,1,9.48873643219554
"43",43,1,10.2491294253568
"44",44,1,10.1682564644054
"45",45,1,9.53563247343988
"46",46,1,9.25083447135566
"47",47,1,9.93848507702259
"48",48,1,10.6710489318902
"49",49,1,9.7869281350457
"50",50,1,9.85682874930388
"51",51,1,17.0414813787354
"52",52,1,16.0018336419363
"53",53,1,16.9764742810494
"54",54,1,16.9202171491229
"55",55,1,17.2716350884285
"56",56,1,17.7110126591769
"57",57,1,17.487952776274
"58",58,1,17.1966412075628
"59",59,1,17.8315290388957
"60",60,1,16.4509022138009
"61",61,1,17.5237491534287
"62",62,1,16.8166622502007
"63",63,1,16.6782709448903
"64",64,1,16.9502945618095
"65",65,1,17.791343179407
"66",66,1,16.3636759116397
"67",67,1,18.0887051337708
"68",68,1,16.4245746985027
"69",69,1,16.3592123922312
"70",70,1,19.1289522391631
"71",71,1,18.2969368887279
"72",72,1,16.6495922680866
"73",73,1,17.0571193774138
"74",74,1,16.3180748811934
"75",75,1,17.9883033677767
"76",76,1,16.6361561726852
"77",77,1,18.036994751632
"78",78,1,17.4988600214091
"79",79,1,17.1601844488203
"80",80,1,16.7596407391566
"81",81,1,16.4121805641863
"82",82,1,17.2962423358199
"83",83,1,17.3250481167393
"84",84,1,16.3516926846712
"85",85,1,17.2989439980228
"86",86,1,16.494107834241
"87",87,1,17.1358652335927
"88",88,1,16.7350282974549
"89",89,1,16.5230451889053
"90",90,1,17.0539887876952
"91",91,1,16.7628894626346
"92",92,1,19.5908160527365
"93",93,1,17.4433655809092
"94",94,1,16.4568514624151
"95",95,1,18.2763753588261
"96",96,1,17.0355465404604
"97",97,1,16.3627295614327
"98",98,1,16.9582669773613
"99",99,1,16.6066499706362
"100",100,1,17.6975947545294
"101",1,2,9.31874722698629
"102",2,2,0
"103",3,2,9.60195980020015
"104",4,2,9.42278181565122
"105",5,2,9.29420684398091
"106",6,2,8.56090661666242
"107",7,2,9.45709276434335
"108",8,2,9.57639538979145
"109",9,2,9.4966458632737
"110",10,2,10.2685713153615
"111",11,2,9.9385812044269
"112",12,2,9.56471918062462
"113",13,2,9.29778508009551
"114",14,2,9.62846507768639
"115",15,2,9.61781763351755
"116",16,2,9.17981095837754
"117",17,2,9.32197819019909
"118",18,2,9.2429123484205
"119",19,2,9.99119480736923
"120",20,2,9.26595760640498
"121",21,2,10.2956292743314
"122",22,2,9.02448114923509
"123",23,2,9.72405347191226
"124",24,2,9.29972143110218
"125",25,2,10.5229213810413
"126",26,2,9.8696813027974
"127",27,2,9.32621672183529
"128",28,2,9.36793098014413
"129",29,2,10.2736265330608
"130",30,2,9.4596623716467
"131",31,2,8.97446467658189
"132",32,2,9.23524755179638
"133",33,2,10.781620932671
"134",34,2,9.36440579077274
"135",35,2,9.38669913849019
"136",36,2,9.24480140121954
"137",37,2,11.1268323906396
"138",38,2,9.1846411451339
"139",39,2,9.29600593588118
"140",40,2,9.16451291368217
"141",41,2,9.3697233198688
"142",42,2,8.98779747409954
"143",43,2,10.1108121571808
"144",44,2,10.4705034671418
"145",45,2,9.42525248743845
"146",46,2,9.70172088560437
"147",47,2,9.6554738561094
"148",48,2,10.1362992564959
"149",49,2,9.4170934342185
"150",50,2,9.61521129531383
"151",51,2,17.1435974148872
"152",52,2,16.2125668226883
"153",53,2,17.3187510720152
"154",54,2,17.0212436354396
"155",55,2,17.5549193667275
"156",56,2,17.6833957760101
"157",57,2,17.8553285742348
"158",58,2,17.3419576118486
"159",59,2,17.9123339626451
"160",60,2,16.6145880140892
"161",61,2,17.6611359081433
"162",62,2,16.8337335137547
"163",63,2,16.8286876643588
"164",64,2,17.0736524986859
"165",65,2,17.591058405078
"166",66,2,16.3683037897193
"167",67,2,18.2064094663061
"168",68,2,16.4283217525384
"169",69,2,16.5212760638158
"170",70,2,19.384984103423
"171",71,2,18.3263379661458
"172",72,2,16.8339441541612
"173",73,2,17.0825371031042
"174",74,2,16.5487038191071
"175",75,2,18.3477998332978
"176",76,2,16.6461852741351
"177",77,2,17.8726937192045
"178",78,2,17.6323427218789
"179",79,2,17.2733902182876
"180",80,2,16.9513666610208
"181",81,2,16.5020756857094
"182",82,2,17.3376931835106
"183",83,2,17.3563028981542
"184",84,2,16.4556279318303
"185",85,2,17.4874263797772
"186",86,2,16.9002178897056
"187",87,2,17.3015372296298
"188",88,2,16.7916679259691
"189",89,2,16.6294900748374
"190",90,2,17.0750255228025
"191",91,2,16.9445296110109
"192",92,2,19.6150535638754
"193",93,2,17.5805200155751
"194",94,2,16.5716518081915
"195",95,2,18.2257684592637
"196",96,2,17.2020948288062
"197",97,2,16.2227564257785
"198",98,2,16.9621341930032
"199",99,2,16.7600888917493
"200",100,2,17.9065545725456
"201",1,3,9.63133114958929
"202",2,3,9.60195980020015
"203",3,3,0
"204",4,3,9.6373004596404
"205",5,3,9.56303127495935
"206",6,3,9.22462555002451
"207",7,3,9.58785402584369
"208",8,3,9.78548092785949
"209",9,3,9.87907383695816
"210",10,3,10.7341113912518
"211",11,3,10.2161860780579
"212",12,3,10.4183322078721
"213",13,3,9.62903562443936
"214",14,3,9.61264295460969
"215",15,3,9.67255517369577
"216",16,3,9.43267893856988
"217",17,3,9.92273947061289
"218",18,3,9.40138556863208
"219",19,3,10.1345084465762
"220",20,3,9.1943308511164
"221",21,3,10.3911157522635
"222",22,3,9.53177076959148
"223",23,3,9.85586680386792
"224",24,3,9.41516998641753
"225",25,3,10.3232368231782
"226",26,3,9.7147064797543
"227",27,3,9.46411792068363
"228",28,3,9.9830326697904
"229",29,3,9.98167978400172
"230",30,3,9.68815740357269
"231",31,3,9.10464992492511
"232",32,3,9.70051697082653
"233",33,3,11.887933296791
"234",34,3,9.3239944159468
"235",35,3,9.42598918553526
"236",36,3,9.1145585347996
"237",37,3,11.416307563933
"238",38,3,9.55313639482317
"239",39,3,9.77608543056005
"240",40,3,9.70635513133531
"241",41,3,9.57750721471619
"242",42,3,9.48311237395674
"243",43,3,10.2411122150824
"244",44,3,10.3853009762069
"245",45,3,9.48732056042308
"246",46,3,9.57656440414039
"247",47,3,9.95709414511878
"248",48,3,10.2914421581105
"249",49,3,9.8859242370115
"250",50,3,9.98515472636187
"251",51,3,17.4440448675618
"252",52,3,16.1475857423985
"253",53,3,17.2104568283748
"254",54,3,17.0422707411429
"255",55,3,17.4793345498429
"256",56,3,17.8628929456692
"257",57,3,17.7148156425321
"258",58,3,17.2124341099735
"259",59,3,17.902575002838
"260",60,3,16.7268442380479
"261",61,3,17.6474644713473
"262",62,3,16.8761614545341
"263",63,3,16.8244527338922
"264",64,3,17.0280267901428
"265",65,3,17.7922000307722
"266",66,3,16.6708713710591
"267",67,3,18.2962418300249
"268",68,3,16.6574098694189
"269",69,3,16.4860379453048
"270",70,3,19.2104803146323
"271",71,3,18.5616849551284
"272",72,3,16.9875892876859
"273",73,3,17.3532812050283
"274",74,3,16.5068993341672
"275",75,3,18.3388372964918
"276",76,3,16.7849309910687
"277",77,3,18.1220638881182
"278",78,3,17.5237217578908
"279",79,3,17.3823752386619
"280",80,3,16.792781562981
"281",81,3,16.5150417882348
"282",82,3,17.4432307924554
"283",83,3,17.5397044604482
"284",84,3,16.4626389458042
"285",85,3,17.5680073999423
"286",86,3,16.8102101937783
"287",87,3,17.2647620543166
"288",88,3,16.7580340725119
"289",89,3,16.7432186400974
"290",90,3,17.3348620718473
"291",91,3,16.9827330892076
"292",92,3,20.0078480155084
"293",93,3,17.5940433428908
"294",94,3,16.7851116431215
"295",95,3,18.2646950309902
"296",96,3,17.2303827533541
"297",97,3,16.6152730854897
"298",98,3,17.0361420788976
"299",99,3,17.0726983781766
"300",100,3,17.7777751690195
"301",1,4,9.47337236240184
"302",2,4,9.42278181565122
"303",3,4,9.6373004596404
"304",4,4,0
"305",5,4,9.92063024697999
"306",6,4,9.23577395654133
"307",7,4,9.27988787147457
"308",8,4,9.23763887734899
"309",9,4,9.79783280449106
"310",10,4,10.0553150780781
"311",11,4,9.82691567782831
"312",12,4,9.70097781583626
"313",13,4,9.55396828970992
"314",14,4,9.49081267664305
"315",15,4,9.7138151883448
"316",16,4,9.58448170952492
"317",17,4,9.56554733844076
"318",18,4,9.39617744854118
"319",19,4,10.1157326773683
"320",20,4,9.297493174164
"321",21,4,9.8201379954302
"322",22,4,9.49772803680493
"323",23,4,9.6365537143562
"324",24,4,9.56211403667828
"325",25,4,10.2972804058671
"326",26,4,9.9253444915107
"327",27,4,9.94899246871304
"328",28,4,9.49998065441987
"329",29,4,10.3891444764008
"330",30,4,10.0298378393297
"331",31,4,9.01260355857785
"332",32,4,9.69095507832117
"333",33,4,11.674558287351
"334",34,4,9.3832247364294
"335",35,4,9.30224366727697
"336",36,4,9.35041718975623
"337",37,4,11.4786150648766
"338",38,4,9.64808908680292
"339",39,4,9.17409356448852
"340",40,4,9.61524467303184
"341",41,4,9.75007366339245
"342",42,4,9.54353559295212
"343",43,4,9.6573552133693
"344",44,4,10.7796683541103
"345",45,4,9.35515800476655
"346",46,4,9.31628192115428
"347",47,4,9.96335899031795
"348",48,4,10.2865248957853
"349",49,4,9.72703965275869
"350",50,4,9.80874412881851
"351",51,4,17.6261196770802
"352",52,4,16.4504108235428
"353",53,4,17.45039380993
"354",54,4,17.3498868603896
"355",55,4,17.8440098776607
"356",56,4,18.1673311251778
"357",57,4,17.9259183067822
"358",58,4,17.6807075868297
"359",59,4,18.4146013191842
"360",60,4,16.9742754891847
"361",61,4,17.9238294232752
"362",62,4,17.1654927244191
"363",63,4,17.1282824723179
"364",64,4,17.3930181715619
"365",65,4,18.0244892125731
"366",66,4,16.8922785528686
"367",67,4,18.4204146067808
"368",68,4,17.0576143627736
"369",69,4,16.7444903590037
"370",70,4,19.6822775018294
"371",71,4,18.7633473546529
"372",72,4,17.2012269750972
"373",73,4,17.6592475304068
"374",74,4,16.6408015086192
"375",75,4,18.545685544244
"376",76,4,16.9198070645311
"377",77,4,18.3822181190406
"378",78,4,17.9656706753074
"379",79,4,17.5279717579905
"380",80,4,17.3041865992116
"381",81,4,16.9366190251495
"382",82,4,17.741043016025
"383",83,4,17.7674446036273
"384",84,4,16.8364903616998
"385",85,4,17.7490987171613
"386",86,4,17.1085964022939
"387",87,4,17.7552191871779
"388",88,4,17.0276326082661
"389",89,4,16.9808096238575
"390",90,4,17.4458935674722
"391",91,4,17.2102391622765
"392",92,4,20.255861173466
"393",93,4,18.0071497554182
"394",94,4,16.9858695444171
"395",95,4,18.4766493609328
"396",96,4,17.5674110169633
"397",97,4,16.8608072313386
"398",98,4,17.3976001255285
"399",99,4,17.3192578575778
"400",100,4,18.3078622029703
"401",1,5,9.77148056070383
"402",2,5,9.29420684398091
"403",3,5,9.56303127495935
"404",4,5,9.92063024697999
"405",5,5,0
"406",6,5,9.40543335111813
"407",7,5,9.77869243186511
"408",8,5,9.84862436136062
"409",9,5,9.88761220588547
"410",10,5,10.7758231059498
"411",11,5,10.391259019243
"412",12,5,10.2033955056957
"413",13,5,9.39720017490569
"414",14,5,9.5915765357771
"415",15,5,10.439832287245
"416",16,5,9.7151173235854
"417",17,5,9.87300340890049
"418",18,5,9.59101032811326
"419",19,5,10.5524160972073
"420",20,5,9.71335248483609
"421",21,5,11.0082766412641
"422",22,5,9.42658286873504
"423",23,5,10.4886888003206
"424",24,5,9.73756769082732
"425",25,5,11.1484865726038
"426",26,5,9.9321532099488
"427",27,5,9.37103342576009
"428",28,5,10.1499395097033
"429",29,5,10.4806882883619
"430",30,5,9.93822542802361
"431",31,5,9.09935082742572
"432",32,5,9.34092731723253
"433",33,5,11.5555577276654
"434",34,5,9.60192995638945
"435",35,5,9.52949738389911
"436",36,5,9.1234037283527
"437",37,5,10.3962093625755
"438",38,5,10.0035549769272
"439",39,5,9.97599696739015
"440",40,5,10.298263778998
"441",41,5,10.4110473876154
"442",42,5,9.55425717491605
"443",43,5,11.0323700869151
"444",44,5,10.3240737238051
"445",45,5,9.79981918057795
"446",46,5,9.5937876933498
"447",47,5,10.3638087554888
"448",48,5,10.8721966729683
"449",49,5,10.2184312682204
"450",50,5,10.0453284897965
"451",51,5,17.1809681143593
"452",52,5,16.0012695504492
"453",53,5,17.0607780141713
"454",54,5,16.9396547827643
"455",55,5,17.1630772471661
"456",56,5,17.4088275852043
"457",57,5,17.5801457669997
"458",58,5,17.1169255815246
"459",59,5,17.6159486615609
"460",60,5,16.5057269323224
"461",61,5,17.4935350760075
"462",62,5,16.6548138148911
"463",63,5,16.7701408698972
"464",64,5,16.8417101694488
"465",65,5,17.7041291390926
"466",66,5,16.3492008893118
"467",67,5,18.0212053283926
"468",68,5,16.4069569900746
"469",69,5,16.3722658537478
"470",70,5,19.0337343468097
"471",71,5,18.3252849515447
"472",72,5,16.7567000230021
"473",73,5,17.2130960786088
"474",74,5,16.3366905338473
"475",75,5,17.9269186810311
"476",76,5,16.6831640570084
"477",77,5,17.8964706801534
"478",78,5,17.3625031368967
"479",79,5,17.1843894128191
"480",80,5,16.9382408680644
"481",81,5,16.5252949786544
"482",82,5,17.3568331667905
"483",83,5,17.2184271039571
"484",84,5,16.2424475054404
"485",85,5,17.2194875595912
"486",86,5,16.7378511438991
"487",87,5,17.1519844710097
"488",88,5,16.6782734857354
"489",89,5,16.407156639547
"490",90,5,17.2322865293342
"491",91,5,16.8990320399876
"492",92,5,19.5836401514828
"493",93,5,17.3600464399811
"494",94,5,16.6415436130861
"495",95,5,18.0748939216313
"496",96,5,17.1728247569847
"497",97,5,16.3903181389302
"498",98,5,16.9259228896068
"499",99,5,16.6894603528102
"500",100,5,17.7034392130358
"501",1,6,9.0724193515053
"502",2,6,8.56090661666242
"503",3,6,9.22462555002451
"504",4,6,9.23577395654133
"505",5,6,9.40543335111813
"506",6,6,0
"507",7,6,9.03602127617106
"508",8,6,9.42756863802024
"509",9,6,9.15577759450369
"510",10,6,10.3446701484041
"511",11,6,9.43206280014549
"512",12,6,9.39088583236834
"513",13,6,9.44354181066645
"514",14,6,9.17495301434512
"515",15,6,9.09707339369281
"516",16,6,8.85517901963461
"517",17,6,8.72136578386351
"518",18,6,8.7693982682797
"519",19,6,9.52901285431772
"520",20,6,8.96523244687312
"521",21,6,9.69064312367547
"522",22,6,9.12556417769327
"523",23,6,9.22145200765983
"524",24,6,9.11039453797907
"525",25,6,10.0257376420427
"526",26,6,9.2231485967071
"527",27,6,9.51342230365655
"528",28,6,9.12501962653467
"529",29,6,9.93326895879413
"530",30,6,9.49230585051193
"531",31,6,8.33254519928605
"532",32,6,8.90029085228696
"533",33,6,10.5665469391106
"534",34,6,8.8966675908669
"535",35,6,9.26748024422447
"536",36,6,8.90978174873034
"537",37,6,11.1292985519905
"538",38,6,8.84926500492942
"539",39,6,9.08105377397502
"540",40,6,8.59194232081773
"541",41,6,9.02256545759216
"542",42,6,9.08228718048292
"543",43,6,9.89253085325917
"544",44,6,10.1705260389544
"545",45,6,9.26991248927569
"546",46,6,8.72718564051626
"547",47,6,9.58258729612045
"548",48,6,9.60967130736638
"549",49,6,9.12874912459336
"550",50,6,9.29534717127939
"551",51,6,17.2078353382203
"552",52,6,15.9687599690416
"553",53,6,17.0255514431381
"554",54,6,16.7437110097005
"555",55,6,17.2457271586798
"556",56,6,17.650703526616
"557",57,6,17.5495767529849
"558",58,6,17.2005976831599
"559",59,6,17.6207272201912
"560",60,6,16.3841032159139
"561",61,6,17.4781501807352
"562",62,6,16.6376472265502
"563",63,6,16.6050756303531
"564",64,6,16.9310378847562
"565",65,6,17.549839765529
"566",66,6,16.3348006003678
"567",67,6,18.094389295953
"568",68,6,16.3693822160891
"569",69,6,16.1815520691031
"570",70,6,19.2464034331649
"571",71,6,18.2903911639005
"572",72,6,16.7696031526195
"573",73,6,16.9652743691535
"574",74,6,16.16682017349
"575",75,6,18.0426201603501
"576",76,6,16.5272870604649
"577",77,6,17.7080122567939
"578",78,6,17.426541878068
"579",79,6,17.1573924645524
"580",80,6,16.7416867228497
"581",81,6,16.4157341245286
"582",82,6,17.1206747605008
"583",83,6,17.1174073125564
"584",84,6,16.3325574465272
"585",85,6,17.2229782720443
"586",86,6,16.5113595912049
"587",87,6,16.9992048594473
"588",88,6,16.5253442226534
"589",89,6,16.5464353697339
"590",90,6,16.8800242753251
"591",91,6,16.6648137562215
"592",92,6,19.4781349354399
"593",93,6,17.4228348133296
"594",94,6,16.2362168633675
"595",95,6,18.1152740553851
"596",96,6,17.0554307241482
"597",97,6,16.1750566950734
"598",98,6,16.9280264299945
"599",99,6,16.740422172604
"600",100,6,17.6009975668609
"601",1,7,9.43636167813075
"602",2,7,9.45709276434335
"603",3,7,9.58785402584369
"604",4,7,9.27988787147457
"605",5,7,9.77869243186511
"606",6,7,9.03602127617106
"607",7,7,0
"608",8,7,9.18890313507074
"609",9,7,9.68841711129207
"610",10,7,10.0676119401315
"611",11,7,9.61956834321865
"612",12,7,9.73085092183433
"613",13,7,9.36234815425596
"614",14,7,9.23256990135922
"615",15,7,9.64900424821336
"616",16,7,9.2565462079048
"617",17,7,9.3490183252955
"618",18,7,9.25786044733718
"619",19,7,9.78109962058554
"620",20,7,8.97870467635772
"621",21,7,9.67386824192124
"622",22,7,9.50606351700726
"623",23,7,9.64213260834634
"624",24,7,8.76942984657518
"625",25,7,9.93997194169009
"626",26,7,9.68395015669993
"627",27,7,9.84200597901816
"628",28,7,9.77412443256021
"629",29,7,9.85376803730192
"630",30,7,9.21975979941322
"631",31,7,8.74080431695898
"632",32,7,9.85452510583341
"633",33,7,11.3947572903737
"634",34,7,9.3052709471969
"635",35,7,9.50672134871856
"636",36,7,8.99634697408352
"637",37,7,10.8616150866719
"638",38,7,9.3960381379803
"639",39,7,9.53909130196767
"640",40,7,9.41821857823845
"641",41,7,9.48872830192055
"642",42,7,9.32111013058705
"643",43,7,9.83859969163674
"644",44,7,10.3551131188577
"645",45,7,9.50136667300899
"646",46,7,9.40452456144592
"647",47,7,9.7456500531344
"648",48,7,10.1903502318053
"649",49,7,9.18597075810042
"650",50,7,9.78499770935292
"651",51,7,17.421295133177
"652",52,7,16.3198304757602
"653",53,7,17.3717984224458
"654",54,7,17.0690693328707
"655",55,7,17.5363793590647
"656",56,7,17.9239515845204
"657",57,7,17.7724913495968
"658",58,7,17.3691567302258
"659",59,7,18.0214055978263
"660",60,7,16.7957850591999
"661",61,7,17.7415794171295
"662",62,7,17.068686258551
"663",63,7,16.9890351416772
"664",64,7,17.1062658051089
"665",65,7,17.9873870735448
"666",66,7,16.8520132433088
"667",67,7,18.0758738548988
"668",68,7,16.8411353844705
"669",69,7,16.6416038606685
"670",70,7,19.4823377995532
"671",71,7,18.670903223667
"672",72,7,16.9899529833842
"673",73,7,17.3974252464828
"674",74,7,16.54818472332
"675",75,7,18.2247135978409
"676",76,7,16.9014101654792
"677",77,7,18.0507702937942
"678",78,7,17.5857934897385
"679",79,7,17.478877636267
"680",80,7,16.9719840193591
"681",81,7,16.6947829873781
"682",82,7,17.4956384611085
"683",83,7,17.7643031580728
"684",84,7,16.7299208245467
"685",85,7,17.6457015590999
"686",86,7,16.971833863292
"687",87,7,17.4894631812698
"688",88,7,16.9529532252643
"689",89,7,16.9952500102975
"690",90,7,17.411045914311
"691",91,7,17.1663734796096
"692",92,7,19.8539768174734
"693",93,7,17.7623679280815
"694",94,7,16.9183227488217
"695",95,7,18.1810396719442
"696",96,7,17.4765645511113
"697",97,7,16.8136749594358
"698",98,7,17.143835737273
"699",99,7,17.0205152534753
"700",100,7,17.9487086406262
"701",1,8,9.69589508131039
"702",2,8,9.57639538979145
"703",3,8,9.78548092785949
"704",4,8,9.23763887734899
"705",5,8,9.84862436136062
"706",6,8,9.42756863802024
"707",7,8,9.18890313507074
"708",8,8,0
"709",9,8,9.52464054162688
"710",10,8,10.1246410174134
"711",11,8,9.68818366708883
"712",12,8,10.0097865020497
"713",13,8,9.56698225242481
"714",14,8,9.60718966560122
"715",15,8,9.8976104781052
"716",16,8,9.36705101554364
"717",17,8,9.64918654786312
"718",18,8,9.41572913388345
"719",19,8,10.0797529568489
"720",20,8,8.86724412370793
"721",21,8,9.95689364793045
"722",22,8,9.61366242663751
"723",23,8,10.0206203715624
"724",24,8,9.67264772491569
"725",25,8,10.0924187524012
"726",26,8,9.88857692462838
"727",27,8,9.71604835710383
"728",28,8,9.82703757428491
"729",29,8,10.2356164962526
"730",30,8,9.64261134567931
"731",31,8,9.17969600252467
"732",32,8,9.91488407781126
"733",33,8,10.860163941302
"734",34,8,9.47704495327992
"735",35,8,9.40794625738291
"736",36,8,9.45532196852153
"737",37,8,11.0175603183757
"738",38,8,9.55072610777366
"739",39,8,9.82586933814352
"740",40,8,9.31043376214363
"741",41,8,10.0784127885345
"742",42,8,9.69487766305262
"743",43,8,10.4721090111181
"744",44,8,10.7056329104473
"745",45,8,9.46296042738167
"746",46,8,9.4833403014657
"747",47,8,9.96202927660083
"748",48,8,10.3027690536783
"749",49,8,9.68423230928886
"750",50,8,9.95790922727302
"751",51,8,17.4979962094179
"752",52,8,16.2435364566784
"753",53,8,17.2711190882525
"754",54,8,16.9952913819128
"755",55,8,17.6198644099906
"756",56,8,17.8315320199056
"757",57,8,17.873446330095
"758",58,8,17.4397749537822
"759",59,8,18.0901035261297
"760",60,8,16.7412672163542
"761",61,8,17.8272330297434
"762",62,8,16.8557072719912
"763",63,8,16.9320710889149
"764",64,8,17.1348747414841
"765",65,8,17.8804518955192
"766",66,8,16.7658742383652
"767",67,8,18.2232654426792
"768",68,8,16.611988910708
"769",69,8,16.5167123233812
"770",70,8,19.5004390100064
"771",71,8,18.5954259182227
"772",72,8,16.9172637455181
"773",73,8,17.2943099584163
"774",74,8,16.4856077040606
"775",75,8,18.1731221362282
"776",76,8,16.8441724433075
"777",77,8,18.1377630650875
"778",78,8,17.6233030784606
"779",79,8,17.4747170652959
"780",80,8,17.0120563271856
"781",81,8,16.7274101758214
"782",82,8,17.5090523685724
"783",83,8,17.4318869113697
"784",84,8,16.3545167185197
"785",85,8,17.7230775906765
"786",86,8,16.8782325129619
"787",87,8,17.4314722362422
"788",88,8,16.8199314747188
"789",89,8,16.8859718346189
"790",90,8,17.1490825054659
"791",91,8,17.1014267117959
"792",92,8,19.7276046269245
"793",93,8,17.5818786719512
"794",94,8,16.7470699064801
"795",95,8,18.2852990866446
"796",96,8,17.3986585775784
"797",97,8,16.3766413436595
"798",98,8,17.1910889517865
"799",99,8,16.8871915094276
"800",100,8,17.9760010272237
"801",1,9,9.97103668224126
"802",2,9,9.4966458632737
"803",3,9,9.87907383695816
"804",4,9,9.79783280449106
"805",5,9,9.88761220588547
"806",6,9,9.15577759450369
"807",7,9,9.68841711129207
"808",8,9,9.52464054162688
"809",9,9,0
"810",10,9,9.98417643724688
"811",11,9,9.70545220943425
"812",12,9,9.45938984471469
"813",13,9,9.27398423520343
"814",14,9,9.64033553076868
"815",15,9,9.46248762901127
"816",16,9,9.03535086260726
"817",17,9,9.5526114799293
"818",18,9,9.11626047044448
"819",19,9,10.5248634828007
"820",20,9,9.38395199396356
"821",21,9,9.96441513452991
"822",22,9,9.53906776214871
"823",23,9,10.1787656531101
"824",24,9,9.25520501291351
"825",25,9,10.1703601227269
"826",26,9,10.1381642165015
"827",27,9,10.0721864148064
"828",28,9,9.41685857644312
"829",29,9,10.3683220981254
"830",30,9,9.73208937514441
"831",31,9,9.07859665995239
"832",32,9,9.63092894969735
"833",33,9,10.3601266911897
"834",34,9,9.34085220847806
"835",35,9,9.49251318215786
"836",36,9,9.5773028063242
"837",37,9,11.5746358202356
"838",38,9,9.46706087147333
"839",39,9,9.7318443012437
"840",40,9,9.50360234148022
"841",41,9,9.94287099495765
"842",42,9,9.09718967952752
"843",43,9,9.96966376177599
"844",44,9,10.4061724570122
"845",45,9,9.24691762445371
"846",46,9,9.57366992602365
"847",47,9,10.3233490973001
"848",48,9,10.4105869639233
"849",49,9,9.86791745109385
"850",50,9,9.75703299277046
"851",51,9,17.773058198829
"852",52,9,16.793709648218
"853",53,9,17.9304279546421
"854",54,9,17.7254064693579
"855",55,9,18.0805221162611
"856",56,9,18.3650728585018
"857",57,9,18.4583439036225
"858",58,9,17.9197824552879
"859",59,9,18.4797652702124
"860",60,9,17.1312483246693
"861",61,9,18.0482540896554
"862",62,9,17.5566463925666
"863",63,9,17.328899339044
"864",64,9,17.5818910841968
"865",65,9,18.4150872898178
"866",66,9,17.0632658690481
"867",67,9,18.7795501906968
"868",68,9,16.9944330181262
"869",69,9,17.0731076992425
"870",70,9,19.647017031384
"871",71,9,18.9644025592043
"872",72,9,17.6617198977701
"873",73,9,17.6538569027729
"874",74,9,17.0364177044228
"875",75,9,18.8726848884181
"876",76,9,17.3078990494743
"877",77,9,18.4555329025138
"878",78,9,18.1457322077112
"879",79,9,18.0046901326071
"880",80,9,17.4386182945893
"881",81,9,17.0766165596171
"882",82,9,17.8204716094511
"883",83,9,17.9861434356517
"884",84,9,16.9473451474747
"885",85,9,18.0139002269962
"886",86,9,17.5614263036629
"887",87,9,17.9254220723905
"888",88,9,17.3470829094559
"889",89,9,17.3815814559247
"890",90,9,17.5383216878505
"891",91,9,17.7439924401297
"892",92,9,20.1080895175486
"893",93,9,18.1563950275595
"894",94,9,17.1541212117137
"895",95,9,18.7093196415256
"896",96,9,17.9031479315312
"897",97,9,16.6953228565431
"898",98,9,17.691871688928
"899",99,9,17.3045896980049
"900",100,9,18.4463989283425
"901",1,10,10.9238366286827
"902",2,10,10.2685713153615
"903",3,10,10.7341113912518
"904",4,10,10.0553150780781
"905",5,10,10.7758231059498
"906",6,10,10.3446701484041
"907",7,10,10.0676119401315
"908",8,10,10.1246410174134
"909",9,10,9.98417643724688
"910",10,10,0
"911",11,10,10.4051807157468
"912",12,10,10.0071286979788
"913",13,10,10.570829460908
"914",14,10,9.96988398833188
"915",15,10,10.1481613533788
"916",16,10,10.1129123605187
"917",17,10,9.97818970887129
"918",18,10,9.94405403786698
"919",19,10,10.1656519747534
"920",20,10,9.76186969489333
"921",21,10,10.761342553365
"922",22,10,10.3497132092233
"923",23,10,10.6159821031406
"924",24,10,9.98445867471289
"925",25,10,10.2653381462497
"926",26,10,10.0551561176295
"927",27,10,10.2363854757212
"928",28,10,10.3856699812912
"929",29,10,10.4645322430985
"930",30,10,9.98806226744634
"931",31,10,9.68028577874259
"932",32,10,10.6259454826411
"933",33,10,11.7793452228123
"934",34,10,10.0376678777112
"935",35,10,10.6240975646614
"936",36,10,10.5183197381667
"937",37,10,11.9900185357708
"938",38,10,10.2959325316943
"939",39,10,10.2084320518489
"940",40,10,9.98043656809262
"941",41,10,10.3080906611485
"942",42,10,10.3204473348371
"943",43,10,10.2457897552611
"944",44,10,11.4161505545781
"945",45,10,10.1914352516623
"946",46,10,10.1792391810342
"947",47,10,10.2865435947622
"948",48,10,9.77272562615026
"949",49,10,9.9731875541137
"950",50,10,10.3437071114755
"951",51,10,18.6794258188889
"952",52,10,17.7452446982378
"953",53,10,18.7522965903415
"954",54,10,18.5053130625924
"955",55,10,18.8074478496809
"956",56,10,19.2974162152478
"957",57,10,19.4144005378639
"958",58,10,18.7431105887016
"959",59,10,19.3486291996024
"960",60,10,18.1625919749212
"961",61,10,19.051619906938
"962",62,10,18.2248322623902
"963",63,10,18.2097144711202
"964",64,10,18.2801287295024
"965",65,10,19.2765987880395
"966",66,10,18.1712530078261
"967",67,10,19.4544031233823
"968",68,10,17.9503370903027
"969",69,10,17.7819374865515
"970",70,10,21.0258828021181
"971",71,10,20.1338441344759
"972",72,10,18.3113186686117
"973",73,10,18.6240501005744
"974",74,10,17.8588743871533
"975",75,10,19.5638797191134
"976",76,10,18.1281781274623
"977",77,10,19.3654040198
"978",78,10,18.9724815802297
"979",79,10,18.8131697596608
"980",80,10,18.2824383027511
"981",81,10,17.8969556022977
"982",82,10,18.8886533093938
"983",83,10,18.7834703778128
"984",84,10,17.942476447592
"985",85,10,19.0359861389689
"986",86,10,18.2985014243105
"987",87,10,18.7047853215674
"988",88,10,18.1917831427367
"989",89,10,18.2542217753349
"990",90,10,18.6693251922337
"991",91,10,18.4154649696194
"992",92,10,21.1864099885063
"993",93,10,19.196539496089
"994",94,10,18.3125647624985
"995",95,10,19.5314753653378
"996",96,10,18.802687318743
"997",97,10,17.8875515600041
"998",98,10,18.5738225157174
"999",99,10,18.1228441919035
"1000",100,10,19.3135695871287
"1001",1,11,9.97458640182465
"1002",2,11,9.9385812044269
"1003",3,11,10.2161860780579
"1004",4,11,9.82691567782831
"1005",5,11,10.391259019243
"1006",6,11,9.43206280014549
"1007",7,11,9.61956834321865
"1008",8,11,9.68818366708883
"1009",9,11,9.70545220943425
"1010",10,11,10.4051807157468
"1011",11,11,0
"1012",12,11,9.45982105825829
"1013",13,11,10.1077784326488
"1014",14,11,9.87320730007707
"1015",15,11,9.72831368892679
"1016",16,11,9.3114511776871
"1017",17,11,9.78500146563404
"1018",18,11,9.92756876188947
"1019",19,11,10.647380118601
"1020",20,11,9.1689915635959
"1021",21,11,10.2050916208364
"1022",22,11,9.90060700710184
"1023",23,11,10.3442405665889
"1024",24,11,9.67735717444922
"1025",25,11,10.3233114633306
"1026",26,11,10.0619960135941
"1027",27,11,10.3875471585674
"1028",28,11,10.0819801936253
"1029",29,11,10.2757844122107
"1030",30,11,9.793711519996
"1031",31,11,9.52789693796911
"1032",32,11,9.92860339094367
"1033",33,11,11.7122090446646
"1034",34,11,9.61484341326553
"1035",35,11,10.1203101022771
"1036",36,11,9.95796376093914
"1037",37,11,11.2180468992517
"1038",38,11,9.81709149729959
"1039",39,11,10.0093460109951
"1040",40,11,9.85964788836386
"1041",41,11,10.2216899534763
"1042",42,11,9.91762426311791
"1043",43,11,10.1064374601481
"1044",44,11,10.4166138188635
"1045",45,11,9.99468839773954
"1046",46,11,9.49486536863878
"1047",47,11,9.77504548728888
"1048",48,11,10.0274234521517
"1049",49,11,9.93167958279396
"1050",50,11,9.95198914906698
"1051",51,11,18.481825122437
"1052",52,11,17.2941233610326
"1053",53,11,18.4265489128831
"1054",54,11,18.0281421010923
"1055",55,11,18.4341394031636
"1056",56,11,18.7943942165198
"1057",57,11,18.8272630147293
"1058",58,11,18.3639205326004
"1059",59,11,18.9511835152404
"1060",60,11,17.8890404382435
"1061",61,11,18.6207733026996
"1062",62,11,18.0447856553443
"1063",63,11,17.786910577955
"1064",64,11,18.153583678439
"1065",65,11,18.7822133663766
"1066",66,11,17.8062998146099
"1067",67,11,19.1418534007939
"1068",68,11,17.9512103948131
"1069",69,11,17.4874244950492
"1070",70,11,20.2658297037102
"1071",71,11,19.6339543926207
"1072",72,11,18.0005732280311
"1073",73,11,18.3429112820272
"1074",74,11,17.4622280306427
"1075",75,11,19.069764899631
"1076",76,11,17.8344263572836
"1077",77,11,18.9223326001609
"1078",78,11,18.6755150204995
"1079",79,11,18.476402477058
"1080",80,11,18.0662541386003
"1081",81,11,17.686339385156
"1082",82,11,18.4523068789007
"1083",83,11,18.6289329415465
"1084",84,11,17.6755712817151
"1085",85,11,18.5747305080027
"1086",86,11,18.0956902631185
"1087",87,11,18.2896288375234
"1088",88,11,17.9353701436937
"1089",89,11,18.0680930635305
"1090",90,11,18.2030165395236
"1091",91,11,18.121837954603
"1092",92,11,20.6509816846572
"1093",93,11,18.7657990641036
"1094",94,11,17.7960164672235
"1095",95,11,19.22465120653
"1096",96,11,18.553838488154
"1097",97,11,17.562924771928
"1098",98,11,18.2679338932178
"1099",99,11,17.7758322312242
"1100",100,11,18.7429969482562
"1101",1,12,9.89819938483921
"1102",2,12,9.56471918062462
"1103",3,12,10.4183322078721
"1104",4,12,9.70097781583626
"1105",5,12,10.2033955056957
"1106",6,12,9.39088583236834
"1107",7,12,9.73085092183433
"1108",8,12,10.0097865020497
"1109",9,12,9.45938984471469
"1110",10,12,10.0071286979788
"1111",11,12,9.45982105825829
"1112",12,12,0
"1113",13,12,9.5270593079584
"1114",14,12,9.74413206596893
"1115",15,12,9.46885808120847
"1116",16,12,9.53842566376093
"1117",17,12,9.91999373882228
"1118",18,12,9.77007672698936
"1119",19,12,10.2327102547611
"1120",20,12,9.51179121915352
"1121",21,12,10.0144094614537
"1122",22,12,9.61699879272255
"1123",23,12,10.2683745064567
"1124",24,12,9.46383587314524
"1125",25,12,10.6101945987891
"1126",26,12,10.0227898695065
"1127",27,12,9.98756407319695
"1128",28,12,9.58288379492229
"1129",29,12,10.2336705463913
"1130",30,12,10.117188367296
"1131",31,12,9.43411982773431
"1132",32,12,9.86928781234784
"1133",33,12,9.91619096798267
"1134",34,12,9.54458913822895
"1135",35,12,9.65095944237655
"1136",36,12,9.78371121208356
"1137",37,12,11.3837126508674
"1138",38,12,9.61233873647249
"1139",39,12,9.55670224315038
"1140",40,12,9.53545702459008
"1141",41,12,10.3065780395434
"1142",42,12,9.27254615926744
"1143",43,12,10.0202813920985
"1144",44,12,10.499510690473
"1145",45,12,9.83950518640241
"1146",46,12,9.15343609148491
"1147",47,12,10.2047134283459
"1148",48,12,10.4024039346362
"1149",49,12,9.96242681017007
"1150",50,12,10.4077423079393
"1151",51,12,18.0451702071852
"1152",52,12,16.9759391934847
"1153",53,12,18.072233360955
"1154",54,12,17.7769541874608
"1155",55,12,18.2281113087717
"1156",56,12,18.5437879031347
"1157",57,12,18.6257604553425
"1158",58,12,18.3504614473584
"1159",59,12,18.5782586848342
"1160",60,12,17.4337091741974
"1161",61,12,18.2054222197281
"1162",62,12,17.8495424010542
"1163",63,12,17.600507004787
"1164",64,12,17.8980029400378
"1165",65,12,18.6222831679791
"1166",66,12,17.5039214666123
"1167",67,12,18.7648953491474
"1168",68,12,17.4314346200742
"1169",69,12,17.4539929010079
"1170",70,12,20.1964683020653
"1171",71,12,19.4553666872582
"1172",72,12,17.8083538782981
"1173",73,12,17.9943695809297
"1174",74,12,17.1731735278602
"1175",75,12,18.8604356720228
"1176",76,12,17.5925767977477
"1177",77,12,18.762055072537
"1178",78,12,18.2340153442637
"1179",79,12,18.4159367982737
"1180",80,12,17.8350780757822
"1181",81,12,17.3873897065619
"1182",82,12,18.2622059800537
"1183",83,12,18.2837869061991
"1184",84,12,17.4625150746342
"1185",85,12,18.285478543559
"1186",86,12,17.6389604015853
"1187",87,12,17.878612686902
"1188",88,12,17.7232329943909
"1189",89,12,17.7693245909461
"1190",90,12,17.8792863654564
"1191",91,12,17.9262424960684
"1192",92,12,20.0885553376252
"1193",93,12,18.4325853111143
"1194",94,12,17.4503310298695
"1195",95,12,19.034158935642
"1196",96,12,18.3040436565815
"1197",97,12,17.0285590415964
"1198",98,12,18.0122448023088
"1199",99,12,17.3797151258525
"1200",100,12,18.5639014438532
"1201",1,13,9.38514673876977
"1202",2,13,9.29778508009551
"1203",3,13,9.62903562443936
"1204",4,13,9.55396828970992
"1205",5,13,9.39720017490569
"1206",6,13,9.44354181066645
"1207",7,13,9.36234815425596
"1208",8,13,9.56698225242481
"1209",9,13,9.27398423520343
"1210",10,13,10.570829460908
"1211",11,13,10.1077784326488
"1212",12,13,9.5270593079584
"1213",13,13,0
"1214",14,13,9.59471628997859
"1215",15,13,9.78545026654673
"1216",16,13,9.19354818567045
"1217",17,13,9.72073332976757
"1218",18,13,9.31797227655479
"1219",19,13,10.3103483239806
"1220",20,13,9.33627981219268
"1221",21,13,10.3876759166599
"1222",22,13,9.58208937293924
"1223",23,13,9.83707527945627
"1224",24,13,9.38378404509513
"1225",25,13,10.6377745665636
"1226",26,13,10.2286627526622
"1227",27,13,9.71080748964942
"1228",28,13,9.56537428254669
"1229",29,13,9.86498750359686
"1230",30,13,9.87813318313308
"1231",31,13,9.03285469490742
"1232",32,13,9.41269265881991
"1233",33,13,10.5784175880939
"1234",34,13,9.31408252466661
"1235",35,13,9.48122478174715
"1236",36,13,9.09723195700839
"1237",37,13,10.8218036221552
"1238",38,13,9.438406988182
"1239",39,13,9.63012040462822
"1240",40,13,9.9726783878401
"1241",41,13,9.71064728441795
"1242",42,13,9.14876484857801
"1243",43,13,10.3046564455249
"1244",44,13,10.149792437664
"1245",45,13,9.21828312887166
"1246",46,13,9.26574407949591
"1247",47,13,10.0260184837393
"1248",48,13,10.9798763146137
"1249",49,13,10.047792327173
"1250",50,13,9.69337606840304
"1251",51,13,17.4702218722591
"1252",52,13,16.3752840211147
"1253",53,13,17.3225402858459
"1254",54,13,17.2079995057976
"1255",55,13,17.332972875739
"1256",56,13,17.7424048054174
"1257",57,13,17.7480121575411
"1258",58,13,17.2738144718055
"1259",59,13,18.1208344701675
"1260",60,13,16.5719104421309
"1261",61,13,17.6041094276278
"1262",62,13,17.0306260743192
"1263",63,13,16.7528872459858
"1264",64,13,17.2147946935643
"1265",65,13,17.9808398264966
"1266",66,13,16.5530190737406
"1267",67,13,18.084650072155
"1268",68,13,16.4249984621934
"1269",69,13,16.5596484328388
"1270",70,13,19.227837641173
"1271",71,13,18.5253099409793
"1272",72,13,17.0726618408955
"1273",73,13,17.225809063116
"1274",74,13,16.7226600000883
"1275",75,13,18.2942204828442
"1276",76,13,16.8908974184395
"1277",77,13,17.9915641641577
"1278",78,13,17.7330420885359
"1279",79,13,17.3120176992197
"1280",80,13,16.9908153324323
"1281",81,13,16.6960274761106
"1282",82,13,17.4257395369584
"1283",83,13,17.5218177991936
"1284",84,13,16.5725490856594
"1285",85,13,17.6716259538136
"1286",86,13,16.9710784309867
"1287",87,13,17.5677972715581
"1288",88,13,16.9208440053883
"1289",89,13,16.6714366815173
"1290",90,13,17.0951371020946
"1291",91,13,17.0657053481217
"1292",92,13,19.6168801429451
"1293",93,13,17.7216724005363
"1294",94,13,16.6926896657752
"1295",95,13,18.3602337700508
"1296",96,13,17.3273443677998
"1297",97,13,16.3773777941497
"1298",98,13,17.0466412688701
"1299",99,13,16.8890095951716
"1300",100,13,17.9350598049035
"1301",1,14,9.4107603418587
"1302",2,14,9.62846507768639
"1303",3,14,9.61264295460969
"1304",4,14,9.49081267664305
"1305",5,14,9.5915765357771
"1306",6,14,9.17495301434512
"1307",7,14,9.23256990135922
"1308",8,14,9.60718966560122
"1309",9,14,9.64033553076868
"1310",10,14,9.96988398833188
"1311",11,14,9.87320730007707
"1312",12,14,9.74413206596893
"1313",13,14,9.59471628997859
"1314",14,14,0
"1315",15,14,9.90187261122748
"1316",16,14,9.13412929350447
"1317",17,14,9.56047784372771
"1318",18,14,9.35833947214515
"1319",19,14,9.58489861086891
"1320",20,14,9.61092627253375
"1321",21,14,9.92872565276094
"1322",22,14,9.42928063536966
"1323",23,14,9.74014508962835
"1324",24,14,9.45217129241944
"1325",25,14,10.1980401843027
"1326",26,14,9.40918763218253
"1327",27,14,9.57646280769173
"1328",28,14,9.53942744623784
"1329",29,14,9.94246353382832
"1330",30,14,9.44266092564694
"1331",31,14,8.80409545416109
"1332",32,14,9.49830952145127
"1333",33,14,11.1423511929148
"1334",34,14,9.36410162852201
"1335",35,14,9.58362592334471
"1336",36,14,8.9971909548836
"1337",37,14,10.6178685565483
"1338",38,14,9.46611872565372
"1339",39,14,9.42025565985266
"1340",40,14,9.36652485025867
"1341",41,14,9.70481387460024
"1342",42,14,9.3908952840295
"1343",43,14,10.2670701327896
"1344",44,14,10.1286336890975
"1345",45,14,9.33294183401542
"1346",46,14,9.13171633894415
"1347",47,14,9.58617062147436
"1348",48,14,10.3365495079464
"1349",49,14,9.49014065528105
"1350",50,14,9.86884299164774
"1351",51,14,17.4197530249324
"1352",52,14,16.3605085763618
"1353",53,14,17.3724456166108
"1354",54,14,17.1311947313073
"1355",55,14,17.4613991822825
"1356",56,14,17.8443349779789
"1357",57,14,17.8363376170861
"1358",58,14,17.3670022163707
"1359",59,14,17.790675647062
"1360",60,14,16.6825748664504
"1361",61,14,17.7835171661508
"1362",62,14,16.9781111811034
"1363",63,14,16.9369811197857
"1364",64,14,17.1098083201137
"1365",65,14,17.8378200056739
"1366",66,14,16.6336084901728
"1367",67,14,18.0342195208351
"1368",68,14,16.626699197504
"1369",69,14,16.5473006860413
"1370",70,14,19.3770163487704
"1371",71,14,18.7735108771929
"1372",72,14,16.9388988760684
"1373",73,14,17.3269449955283
"1374",74,14,16.5089944910827
"1375",75,14,18.0371894183959
"1376",76,14,16.7240168999868
"1377",77,14,18.1543153073023
"1378",78,14,17.463092646377
"1379",79,14,17.3251943099619
"1380",80,14,16.9802660899068
"1381",81,14,16.6863882421971
"1382",82,14,17.5045260647723
"1383",83,14,17.526759964992
"1384",84,14,16.5395877515358
"1385",85,14,17.5625681468649
"1386",86,14,16.7648165580274
"1387",87,14,17.4397436223238
"1388",88,14,16.7457357070698
"1389",89,14,16.8169783900784
"1390",90,14,17.2817685766297
"1391",91,14,17.0065719554743
"1392",92,14,19.796440114669
"1393",93,14,17.7848383155937
"1394",94,14,16.7303142767497
"1395",95,14,18.2020268672615
"1396",96,14,17.2272843292605
"1397",97,14,16.5715505727583
"1398",98,14,17.2942718211724
"1399",99,14,16.9553938344229
"1400",100,14,17.88050399491
"1401",1,15,9.90031111100637
"1402",2,15,9.61781763351755
"1403",3,15,9.67255517369577
"1404",4,15,9.7138151883448
"1405",5,15,10.439832287245
"1406",6,15,9.09707339369281
"1407",7,15,9.64900424821336
"1408",8,15,9.8976104781052
"1409",9,15,9.46248762901127
"1410",10,15,10.1481613533788
"1411",11,15,9.72831368892679
"1412",12,15,9.46885808120847
"1413",13,15,9.78545026654673
"1414",14,15,9.90187261122748
"1415",15,15,0
"1416",16,15,9.73406954003058
