"","row","col","value"
"1",1,1,0
"2",2,1,9.31874722698629
"3",3,1,9.63133114958929
"4",4,1,9.47337236240184
"5",5,1,9.77148056070383
"6",6,1,9.0724193515053
"7",7,1,9.43636167813075
"8",8,1,9.69589508131039
"9",9,1,9.97103668224126
"10",10,1,10.9238366286827
"11",11,1,9.97458640182465
"12",12,1,9.89819938483921
"13",13,1,9.38514673876977
"14",14,1,9.4107603418587
"15",15,1,9.90031111100637
"16",16,1,9.5717691410802
"17",17,1,9.79854544896752
"18",18,1,9.41401252339678
"19",19,1,9.99771434367286
"20",20,1,9.24779608919708
"21",21,1,10.0083336532377
"22",22,1,9.57842747799675
"23",23,1,10.0155561848337
"24",24,1,9.3773684657372
"25",25,1,10.6888667844243
"26",26,1,9.61654536957322
"27",27,1,9.78238525590072
"28",28,1,9.79084642930233
"29",29,1,9.89601016856571
"30",30,1,9.51227168754448
"31",31,1,8.90924986382875
"32",32,1,9.44872939115111
"33",33,1,11.4431259395347
"34",34,1,9.61782478606818
"35",35,1,9.34516927964727
"36",36,1,9.02164538192667
"37",37,1,11.0954353733311
"38",38,1,9.13203043881702
"39",39,1,9.71699282895654
"40",40,1,9.65602521306363
"41",41,1,9.90862593652014
"42",42,1,9.48873643219554
"43",43,1,10.2491294253568
"44",44,1,10.1682564644054
"45",45,1,9.53563247343988
"46",46,1,9.25083447135566
"47",47,1,9.93848507702259
"48",48,1,10.6710489318902
"49",49,1,9.7869281350457
"50",50,1,9.85682874930388
"51",51,1,17.9907817350629
"52",52,1,18.2092013604263
"53",53,1,18.854015022104
"54",54,1,18.3135499231103
"55",55,1,17.2011394334029
"56",56,1,18.2332468241151
"57",57,1,18.2139764379458
"58",58,1,18.5089688235396
"59",59,1,19.0882702552011
"60",60,1,17.4056203970363
"61",61,1,17.2672179608251
"62",62,1,19.2658113814464
"63",63,1,18.0613566593852
"64",64,1,18.2493744824592
"65",65,1,16.9547842318276
"66",66,1,18.4325243752103
"67",67,1,18.5787756652985
"68",68,1,17.0840705103996
"69",69,1,17.6244714688911
"70",70,1,17.2111750183418
"71",71,1,17.3456254763163
"72",72,1,19.0782208009771
"73",73,1,17.5964373543021
"74",74,1,17.8958829365913
"75",75,1,19.1226106566834
"76",76,1,17.9843186500051
"77",77,1,17.5966633548655
"78",78,1,17.2535197291527
"79",79,1,19.3936985599303
"80",80,1,17.4617063644783
"81",81,1,17.8450611617129
"82",82,1,18.7049834788024
"83",83,1,17.6110343712478
"84",84,1,20.1519717717408
"85",85,1,17.8550906445014
"86",86,1,16.6975169580942
"87",87,1,18.4145636252432
"88",88,1,17.2202053061253
"89",89,1,18.2818899615342
"90",90,1,18.2138984574263
"91",91,1,17.3217298978755
"92",92,1,18.8338025924311
"93",93,1,17.4615572929896
"94",94,1,17.3612150541564
"95",95,1,18.0208715793818
"96",96,1,17.40499038366
"97",97,1,17.7597956808177
"98",98,1,18.0245643963353
"99",99,1,18.6068010515652
"100",100,1,18.8885573460701
"101",1,2,9.31874722698629
"102",2,2,0
"103",3,2,9.60195980020015
"104",4,2,9.42278181565122
"105",5,2,9.29420684398091
"106",6,2,8.56090661666242
"107",7,2,9.45709276434335
"108",8,2,9.57639538979145
"109",9,2,9.4966458632737
"110",10,2,10.2685713153615
"111",11,2,9.9385812044269
"112",12,2,9.56471918062462
"113",13,2,9.29778508009551
"114",14,2,9.62846507768639
"115",15,2,9.61781763351755
"116",16,2,9.17981095837754
"117",17,2,9.32197819019909
"118",18,2,9.2429123484205
"119",19,2,9.99119480736923
"120",20,2,9.26595760640498
"121",21,2,10.2956292743314
"122",22,2,9.02448114923509
"123",23,2,9.72405347191226
"124",24,2,9.29972143110218
"125",25,2,10.5229213810413
"126",26,2,9.8696813027974
"127",27,2,9.32621672183529
"128",28,2,9.36793098014413
"129",29,2,10.2736265330608
"130",30,2,9.4596623716467
"131",31,2,8.97446467658189
"132",32,2,9.23524755179638
"133",33,2,10.781620932671
"134",34,2,9.36440579077274
"135",35,2,9.38669913849019
"136",36,2,9.24480140121954
"137",37,2,11.1268323906396
"138",38,2,9.1846411451339
"139",39,2,9.29600593588118
"140",40,2,9.16451291368217
"141",41,2,9.3697233198688
"142",42,2,8.98779747409954
"143",43,2,10.1108121571808
"144",44,2,10.4705034671418
"145",45,2,9.42525248743845
"146",46,2,9.70172088560437
"147",47,2,9.6554738561094
"148",48,2,10.1362992564959
"149",49,2,9.4170934342185
"150",50,2,9.61521129531383
"151",51,2,18.1943970001227
"152",52,2,18.326698835406
"153",53,2,18.9640426330918
"154",54,2,18.5738156453485
"155",55,2,17.5107117976558
"156",56,2,18.7192096674366
"157",57,2,18.3468519419363
"158",58,2,18.8579255638593
"159",59,2,19.6201772946119
"160",60,2,17.7453260766705
"161",61,2,17.4753870463457
"162",62,2,19.305220477944
"163",63,2,18.503259619222
"164",64,2,18.5622382716963
"165",65,2,17.1597067149309
"166",66,2,18.65568304612
"167",67,2,19.0318000444599
"168",68,2,17.3937373251429
"169",69,2,17.7452085287873
"170",70,2,17.7132016814263
"171",71,2,17.5552787544854
"172",72,2,19.4466789199962
"173",73,2,17.9732205654835
"174",74,2,18.2302106186411
"175",75,2,19.1533925062531
"176",76,2,18.3955289545651
"177",77,2,18.0662294630068
"178",78,2,17.6189002202315
"179",79,2,19.5673561441908
"180",80,2,17.7279154199463
"181",81,2,18.0972514597475
"182",82,2,19.0802793097338
"183",83,2,17.8723617551309
"184",84,2,20.4724125552058
"185",85,2,18.0940947117838
"186",86,2,16.8987377972308
"187",87,2,18.6296131211625
"188",88,2,17.6139036653125
"189",89,2,18.6176325950508
"190",90,2,18.3518471871464
"191",91,2,17.4205143070628
"192",92,2,19.0011680104257
"193",93,2,17.7365353854819
"194",94,2,17.7102672108449
"195",95,2,18.2162594401377
"196",96,2,17.835653891163
"197",97,2,18.0758875526135
"198",98,2,18.3894388620369
"199",99,2,18.9198230609483
"200",100,2,19.2772405951936
"201",1,3,9.63133114958929
"202",2,3,9.60195980020015
"203",3,3,0
"204",4,3,9.6373004596404
"205",5,3,9.56303127495935
"206",6,3,9.22462555002451
"207",7,3,9.58785402584369
"208",8,3,9.78548092785949
"209",9,3,9.87907383695816
"210",10,3,10.7341113912518
"211",11,3,10.2161860780579
"212",12,3,10.4183322078721
"213",13,3,9.62903562443936
"214",14,3,9.61264295460969
"215",15,3,9.67255517369577
"216",16,3,9.43267893856988
"217",17,3,9.92273947061289
"218",18,3,9.40138556863208
"219",19,3,10.1345084465762
"220",20,3,9.1943308511164
"221",21,3,10.3911157522635
"222",22,3,9.53177076959148
"223",23,3,9.85586680386792
"224",24,3,9.41516998641753
"225",25,3,10.3232368231782
"226",26,3,9.7147064797543
"227",27,3,9.46411792068363
"228",28,3,9.9830326697904
"229",29,3,9.98167978400172
"230",30,3,9.68815740357269
"231",31,3,9.10464992492511
"232",32,3,9.70051697082653
"233",33,3,11.887933296791
"234",34,3,9.3239944159468
"235",35,3,9.42598918553526
"236",36,3,9.1145585347996
"237",37,3,11.416307563933
"238",38,3,9.55313639482317
"239",39,3,9.77608543056005
"240",40,3,9.70635513133531
"241",41,3,9.57750721471619
"242",42,3,9.48311237395674
"243",43,3,10.2411122150824
"244",44,3,10.3853009762069
"245",45,3,9.48732056042308
"246",46,3,9.57656440414039
"247",47,3,9.95709414511878
"248",48,3,10.2914421581105
"249",49,3,9.8859242370115
"250",50,3,9.98515472636187
"251",51,3,18.5398246608007
"252",52,3,18.5265189368844
"253",53,3,19.1329128778874
"254",54,3,18.7481223672457
"255",55,3,17.5467899913087
"256",56,3,18.8045044473925
"257",57,3,18.6686549993036
"258",58,3,18.950945360212
"259",59,3,19.646467207125
"260",60,3,18.070012105027
"261",61,3,17.793536320193
"262",62,3,19.7240902761642
"263",63,3,18.4231368879436
"264",64,3,18.815551985409
"265",65,3,17.2172218124462
"266",66,3,18.9625112985421
"267",67,3,19.0579944769169
"268",68,3,17.493999793076
"269",69,3,17.8629844481224
"270",70,3,17.7466218876386
"271",71,3,17.6478119988372
"272",72,3,19.6770285390725
"273",73,3,17.9706331336326
"274",74,3,18.4242799152851
"275",75,3,19.40311761964
"276",76,3,18.4341930474097
"277",77,3,18.1785050966109
"278",78,3,17.8437678093966
"279",79,3,19.6546149891114
"280",80,3,17.9137390525231
"281",81,3,18.2434771864974
"282",82,3,19.2495837795643
"283",83,3,18.0346421589554
"284",84,3,20.5385630140002
"285",85,3,18.1902633687351
"286",86,3,17.26535196803
"287",87,3,18.7883070385961
"288",88,3,17.529518997463
"289",89,3,18.5318516362379
"290",90,3,18.4091977013374
"291",91,3,17.6648785710133
"292",92,3,19.2014048293713
"293",93,3,17.8281444784473
"294",94,3,17.8800963440974
"295",95,3,18.4751770148408
"296",96,3,17.7204402344754
"297",97,3,18.1767586135106
"298",98,3,18.5367611921667
"299",99,3,19.1187950411887
"300",100,3,19.3082972752921
"301",1,4,9.47337236240184
"302",2,4,9.42278181565122
"303",3,4,9.6373004596404
"304",4,4,0
"305",5,4,9.92063024697999
"306",6,4,9.23577395654133
"307",7,4,9.27988787147457
"308",8,4,9.23763887734899
"309",9,4,9.79783280449106
"310",10,4,10.0553150780781
"311",11,4,9.82691567782831
"312",12,4,9.70097781583626
"313",13,4,9.55396828970992
"314",14,4,9.49081267664305
"315",15,4,9.7138151883448
"316",16,4,9.58448170952492
"317",17,4,9.56554733844076
"318",18,4,9.39617744854118
"319",19,4,10.1157326773683
"320",20,4,9.297493174164
"321",21,4,9.8201379954302
"322",22,4,9.49772803680493
"323",23,4,9.6365537143562
"324",24,4,9.56211403667828
"325",25,4,10.2972804058671
"326",26,4,9.9253444915107
"327",27,4,9.94899246871304
"328",28,4,9.49998065441987
"329",29,4,10.3891444764008
"330",30,4,10.0298378393297
"331",31,4,9.01260355857785
"332",32,4,9.69095507832117
"333",33,4,11.674558287351
"334",34,4,9.3832247364294
"335",35,4,9.30224366727697
"336",36,4,9.35041718975623
"337",37,4,11.4786150648766
"338",38,4,9.64808908680292
"339",39,4,9.17409356448852
"340",40,4,9.61524467303184
"341",41,4,9.75007366339245
"342",42,4,9.54353559295212
"343",43,4,9.6573552133693
"344",44,4,10.7796683541103
"345",45,4,9.35515800476655
"346",46,4,9.31628192115428
"347",47,4,9.96335899031795
"348",48,4,10.2865248957853
"349",49,4,9.72703965275869
"350",50,4,9.80874412881851
"351",51,4,19.145851005295
"352",52,4,19.0239010857941
"353",53,4,19.7993124846219
"354",54,4,19.2632911750315
"355",55,4,18.2670610259363
"356",56,4,19.2336917681421
"357",57,4,19.1064995633812
"358",58,4,19.3892595663706
"359",59,4,20.1321370486774
"360",60,4,18.639156247118
"361",61,4,18.2916864989554
"362",62,4,20.2145553515441
"363",63,4,18.9101644104896
"364",64,4,19.2690030223786
"365",65,4,17.9672386637608
"366",66,4,19.4418657618947
"367",67,4,19.5310468662748
"368",68,4,17.9476756060812
"369",69,4,18.4329401907884
"370",70,4,18.1649221422216
"371",71,4,18.2313525780461
"372",72,4,20.1869162939294
"373",73,4,18.7316053178679
"374",74,4,18.9871997080107
"375",75,4,20.0446379408044
"376",76,4,18.8995588993006
"377",77,4,18.7928107769069
"378",78,4,18.3680888159956
"379",79,4,20.3394993159143
"380",80,4,18.453378036384
"381",81,4,18.8744827057134
"382",82,4,19.5152240334817
"383",83,4,18.5761250326619
"384",84,4,21.052020535045
"385",85,4,18.7206100410481
"386",86,4,17.6709662110476
"387",87,4,19.1273158358348
"388",88,4,18.1570435580286
"389",89,4,19.2423457616078
"390",90,4,19.1718986379072
"391",91,4,18.1848724863461
"392",92,4,19.7780252427289
"393",93,4,18.4015141776973
"394",94,4,18.3859679420959
"395",95,4,18.964876119827
"396",96,4,18.2653500754039
"397",97,4,18.7927922174666
"398",98,4,18.9387714118008
"399",99,4,19.7160536274416
"400",100,4,19.900234429115
"401",1,5,9.77148056070383
"402",2,5,9.29420684398091
"403",3,5,9.56303127495935
"404",4,5,9.92063024697999
"405",5,5,0
"406",6,5,9.40543335111813
"407",7,5,9.77869243186511
"408",8,5,9.84862436136062
"409",9,5,9.88761220588547
"410",10,5,10.7758231059498
"411",11,5,10.391259019243
"412",12,5,10.2033955056957
"413",13,5,9.39720017490569
"414",14,5,9.5915765357771
"415",15,5,10.439832287245
"416",16,5,9.7151173235854
"417",17,5,9.87300340890049
"418",18,5,9.59101032811326
"419",19,5,10.5524160972073
"420",20,5,9.71335248483609
"421",21,5,11.0082766412641
"422",22,5,9.42658286873504
"423",23,5,10.4886888003206
"424",24,5,9.73756769082732
"425",25,5,11.1484865726038
"426",26,5,9.9321532099488
"427",27,5,9.37103342576009
"428",28,5,10.1499395097033
"429",29,5,10.4806882883619
"430",30,5,9.93822542802361
"431",31,5,9.09935082742572
"432",32,5,9.34092731723253
"433",33,5,11.5555577276654
"434",34,5,9.60192995638945
"435",35,5,9.52949738389911
"436",36,5,9.1234037283527
"437",37,5,10.3962093625755
"438",38,5,10.0035549769272
"439",39,5,9.97599696739015
"440",40,5,10.298263778998
"441",41,5,10.4110473876154
"442",42,5,9.55425717491605
"443",43,5,11.0323700869151
"444",44,5,10.3240737238051
"445",45,5,9.79981918057795
"446",46,5,9.5937876933498
"447",47,5,10.3638087554888
"448",48,5,10.8721966729683
"449",49,5,10.2184312682204
"450",50,5,10.0453284897965
"451",51,5,18.4830278484548
"452",52,5,18.7877956682176
"453",53,5,19.365204673225
"454",54,5,18.8894179893035
"455",55,5,17.8620654500658
"456",56,5,18.9513269672473
"457",57,5,18.7293487916777
"458",58,5,19.0933406994257
"459",59,5,19.7769556899484
"460",60,5,18.1224047635145
"461",61,5,17.9172046310945
"462",62,5,19.839031046793
"463",63,5,18.8596036499378
"464",64,5,18.9269839241508
"465",65,5,17.3502026643097
"466",66,5,19.035020025697
"467",67,5,19.3317293676429
"468",68,5,17.5999403262649
"469",69,5,18.0635983904123
"470",70,5,17.8439851088304
"471",71,5,17.8085726636693
"472",72,5,19.7406702475169
"473",73,5,18.226325816952
"474",74,5,18.4405412184711
"475",75,5,19.4546638724912
"476",76,5,18.5987732863757
"477",77,5,18.3472159971964
"478",78,5,17.8320264313645
"479",79,5,19.8284454793218
"480",80,5,18.0489556141293
"481",81,5,18.4133905658337
"482",82,5,19.3356740880773
"483",83,5,18.2663532834408
"484",84,5,20.5490656779102
"485",85,5,18.3176227969801
"486",86,5,17.2245765904833
"487",87,5,19.0254749070722
"488",88,5,17.7907482153713
"489",89,5,18.7595669859696
"490",90,5,18.6009300923407
"491",91,5,17.6923125165299
"492",92,5,19.2583767315062
"493",93,5,17.9844585153544
"494",94,5,17.9904699663016
"495",95,5,18.6874164429862
"496",96,5,18.0759701961349
"497",97,5,18.4025997994509
"498",98,5,18.7686547110357
"499",99,5,19.264558576795
"500",100,5,19.6413064588949
"501",1,6,9.0724193515053
"502",2,6,8.56090661666242
"503",3,6,9.22462555002451
"504",4,6,9.23577395654133
"505",5,6,9.40543335111813
"506",6,6,0
"507",7,6,9.03602127617106
"508",8,6,9.42756863802024
"509",9,6,9.15577759450369
"510",10,6,10.3446701484041
"511",11,6,9.43206280014549
"512",12,6,9.39088583236834
"513",13,6,9.44354181066645
"514",14,6,9.17495301434512
"515",15,6,9.09707339369281
"516",16,6,8.85517901963461
"517",17,6,8.72136578386351
"518",18,6,8.7693982682797
"519",19,6,9.52901285431772
"520",20,6,8.96523244687312
"521",21,6,9.69064312367547
"522",22,6,9.12556417769327
"523",23,6,9.22145200765983
"524",24,6,9.11039453797907
"525",25,6,10.0257376420427
"526",26,6,9.2231485967071
"527",27,6,9.51342230365655
"528",28,6,9.12501962653467
"529",29,6,9.93326895879413
"530",30,6,9.49230585051193
"531",31,6,8.33254519928605
"532",32,6,8.90029085228696
"533",33,6,10.5665469391106
"534",34,6,8.8966675908669
"535",35,6,9.26748024422447
"536",36,6,8.90978174873034
"537",37,6,11.1292985519905
"538",38,6,8.84926500492942
"539",39,6,9.08105377397502
"540",40,6,8.59194232081773
"541",41,6,9.02256545759216
"542",42,6,9.08228718048292
"543",43,6,9.89253085325917
"544",44,6,10.1705260389544
"545",45,6,9.26991248927569
"546",46,6,8.72718564051626
"547",47,6,9.58258729612045
"548",48,6,9.60967130736638
"549",49,6,9.12874912459336
"550",50,6,9.29534717127939
"551",51,6,18.0002878787503
"552",52,6,17.969065712074
"553",53,6,18.6769516615319
"554",54,6,18.2978234875801
"555",55,6,17.15852311945
"556",56,6,18.2536672912301
"557",57,6,18.1428086375369
"558",58,6,18.5588600769528
"559",59,6,19.1757943685361
"560",60,6,17.4402723678768
"561",61,6,17.2686529623437
"562",62,6,19.2367779266448
"563",63,6,18.088872415058
"564",64,6,18.2037646896494
"565",65,6,16.830958797475
"566",66,6,18.5005651787636
"567",67,6,18.5871066924744
"568",68,6,16.9566757682922
"569",69,6,17.4738132582947
"570",70,6,17.2802147801796
"571",71,6,17.1503021679684
"572",72,6,19.0924577258173
"573",73,6,17.6479359504256
"574",74,6,17.7738578781483
"575",75,6,18.9351084983541
"576",76,6,17.9360333952777
"577",77,6,17.7749634454795
"578",78,6,17.265724721885
"579",79,6,19.3167818960227
"580",80,6,17.3624078076868
"581",81,6,17.8741891558392
"582",82,6,18.7365865834761
"583",83,6,17.5347771330667
"584",84,6,20.1536015447743
"585",85,6,17.6817693334206
"586",86,6,16.8368385609392
"587",87,6,18.3859139998021
"588",88,6,17.3482882993706
"589",89,6,18.2229428500305
"590",90,6,18.0457214988884
"591",91,6,17.2498964933111
"592",92,6,18.7914593144427
"593",93,6,17.4125986628877
"594",94,6,17.4098876189474
"595",95,6,18.0537963691656
"596",96,6,17.4003542630963
"597",97,6,17.808850675733
"598",98,6,18.0886781634835
"599",99,6,18.836160603013
"600",100,6,18.7482419849873
"601",1,7,9.43636167813075
"602",2,7,9.45709276434335
"603",3,7,9.58785402584369
"604",4,7,9.27988787147457
"605",5,7,9.77869243186511
"606",6,7,9.03602127617106
"607",7,7,0
"608",8,7,9.18890313507074
"609",9,7,9.68841711129207
"610",10,7,10.0676119401315
"611",11,7,9.61956834321865
"612",12,7,9.73085092183433
"613",13,7,9.36234815425596
"614",14,7,9.23256990135922
"615",15,7,9.64900424821336
"616",16,7,9.2565462079048
"617",17,7,9.3490183252955
"618",18,7,9.25786044733718
"619",19,7,9.78109962058554
"620",20,7,8.97870467635772
"621",21,7,9.67386824192124
"622",22,7,9.50606351700726
"623",23,7,9.64213260834634
"624",24,7,8.76942984657518
"625",25,7,9.93997194169009
"626",26,7,9.68395015669993
"627",27,7,9.84200597901816
"628",28,7,9.77412443256021
"629",29,7,9.85376803730192
"630",30,7,9.21975979941322
"631",31,7,8.74080431695898
"632",32,7,9.85452510583341
"633",33,7,11.3947572903737
"634",34,7,9.3052709471969
"635",35,7,9.50672134871856
"636",36,7,8.99634697408352
"637",37,7,10.8616150866719
"638",38,7,9.3960381379803
"639",39,7,9.53909130196767
"640",40,7,9.41821857823845
"641",41,7,9.48872830192055
"642",42,7,9.32111013058705
"643",43,7,9.83859969163674
"644",44,7,10.3551131188577
"645",45,7,9.50136667300899
"646",46,7,9.40452456144592
"647",47,7,9.7456500531344
"648",48,7,10.1903502318053
"649",49,7,9.18597075810042
"650",50,7,9.78499770935292
"651",51,7,18.4539179352935
"652",52,7,18.3685750176783
"653",53,7,19.0485265357554
"654",54,7,18.609990326464
"655",55,7,17.6365222298101
"656",56,7,18.534820098236
"657",57,7,18.6023919457713
"658",58,7,18.7694267951617
"659",59,7,19.5341327213539
"660",60,7,17.9432556065987
"661",61,7,17.7643636572761
"662",62,7,19.6787551037982
"663",63,7,18.2307347692846
"664",64,7,18.6045068489204
"665",65,7,17.3612436167204
"666",66,7,18.9438648613997
"667",67,7,18.9366602385954
"668",68,7,17.4826596058059
"669",69,7,18.1020660092224
"670",70,7,17.6150519919313
"671",71,7,17.5958282111766
"672",72,7,19.4447355283475
"673",73,7,18.152098564836
"674",74,7,18.3023774845624
"675",75,7,19.2255677895032
"676",76,7,18.2771930551204
"677",77,7,18.1042222243291
"678",78,7,17.7391048114709
"679",79,7,19.7672398307959
"680",80,7,17.7902594420785
"681",81,7,18.1254873171567
"682",82,7,18.9971303191449
"683",83,7,17.9759796808579
"684",84,7,20.452783341073
"685",85,7,18.029349764801
"686",86,7,17.1826965817681
"687",87,7,18.6335954692151
"688",88,7,17.6654333663621
"689",89,7,18.5683458838729
"690",90,7,18.4041929232593
"691",91,7,17.6874805628842
"692",92,7,19.0356656937963
"693",93,7,17.7939142566186
"694",94,7,17.9022900431473
"695",95,7,18.4849055817662
"696",96,7,17.722284577806
"697",97,7,18.2228263702684
"698",98,7,18.2367675715906
"699",99,7,19.1148396420804
"700",100,7,19.0326608745888
"701",1,8,9.69589508131039
"702",2,8,9.57639538979145
"703",3,8,9.78548092785949
"704",4,8,9.23763887734899
"705",5,8,9.84862436136062
"706",6,8,9.42756863802024
"707",7,8,9.18890313507074
"708",8,8,0
"709",9,8,9.52464054162688
"710",10,8,10.1246410174134
"711",11,8,9.68818366708883
"712",12,8,10.0097865020497
"713",13,8,9.56698225242481
"714",14,8,9.60718966560122
"715",15,8,9.8976104781052
"716",16,8,9.36705101554364
"717",17,8,9.64918654786312
"718",18,8,9.41572913388345
"719",19,8,10.0797529568489
"720",20,8,8.86724412370793
"721",21,8,9.95689364793045
"722",22,8,9.61366242663751
"723",23,8,10.0206203715624
"724",24,8,9.67264772491569
"725",25,8,10.0924187524012
"726",26,8,9.88857692462838
"727",27,8,9.71604835710383
"728",28,8,9.82703757428491
"729",29,8,10.2356164962526
"730",30,8,9.64261134567931
"731",31,8,9.17969600252467
"732",32,8,9.91488407781126
"733",33,8,10.860163941302
"734",34,8,9.47704495327992
"735",35,8,9.40794625738291
"736",36,8,9.45532196852153
"737",37,8,11.0175603183757
"738",38,8,9.55072610777366
"739",39,8,9.82586933814352
"740",40,8,9.31043376214363
"741",41,8,10.0784127885345
"742",42,8,9.69487766305262
"743",43,8,10.4721090111181
"744",44,8,10.7056329104473
"745",45,8,9.46296042738167
"746",46,8,9.4833403014657
"747",47,8,9.96202927660083
"748",48,8,10.3027690536783
"749",49,8,9.68423230928886
"750",50,8,9.95790922727302
"751",51,8,18.3722993387015
"752",52,8,18.366930801555
"753",53,8,19.1056384835394
"754",54,8,18.5510593417454
"755",55,8,17.6138715205017
"756",56,8,18.7079099775574
"757",57,8,18.3982518339201
"758",58,8,18.8213681040818
"759",59,8,19.5497334950851
"760",60,8,17.702245084724
"761",61,8,17.8253295361609
"762",62,8,19.6227123741509
"763",63,8,18.4267067160218
"764",64,8,18.616946865905
"765",65,8,17.3385044564589
"766",66,8,18.7816733846828
"767",67,8,18.9993470273862
"768",68,8,17.4952062126586
"769",69,8,17.7568472132584
"770",70,8,17.6594476739524
"771",71,8,17.6069919990578
"772",72,8,19.2382157593988
"773",73,8,18.0758042148443
"774",74,8,18.197311969044
"775",75,8,19.1984526595805
"776",76,8,18.3034807857606
"777",77,8,17.9382157811105
"778",78,8,17.7291004436422
"779",79,8,19.6353794157524
"780",80,8,17.6503253967883
"781",81,8,18.2234553960872
"782",82,8,19.2341046700232
"783",83,8,17.9593605443928
"784",84,8,20.4484253386534
"785",85,8,18.0194273532804
"786",86,8,17.2066123976458
"787",87,8,18.694523866
"788",88,8,17.4959717499109
"789",89,8,18.4706393784315
"790",90,8,18.3592965254589
"791",91,8,17.6816932791132
"792",92,8,18.9394634910001
"793",93,8,17.851002188025
"794",94,8,17.7614256933227
"795",95,8,18.37061954878
"796",96,8,17.7623691335482
"797",97,8,18.1116853589376
"798",98,8,18.2149938255191
"799",99,8,18.9995661507206
"800",100,8,19.0991668344713
"801",1,9,9.97103668224126
"802",2,9,9.4966458632737
"803",3,9,9.87907383695816
"804",4,9,9.79783280449106
"805",5,9,9.88761220588547
"806",6,9,9.15577759450369
"807",7,9,9.68841711129207
"808",8,9,9.52464054162688
"809",9,9,0
"810",10,9,9.98417643724688
"811",11,9,9.70545220943425
"812",12,9,9.45938984471469
"813",13,9,9.27398423520343
"814",14,9,9.64033553076868
"815",15,9,9.46248762901127
"816",16,9,9.03535086260726
"817",17,9,9.5526114799293
"818",18,9,9.11626047044448
"819",19,9,10.5248634828007
"820",20,9,9.38395199396356
"821",21,9,9.96441513452991
"822",22,9,9.53906776214871
"823",23,9,10.1787656531101
"824",24,9,9.25520501291351
"825",25,9,10.1703601227269
"826",26,9,10.1381642165015
"827",27,9,10.0721864148064
"828",28,9,9.41685857644312
"829",29,9,10.3683220981254
"830",30,9,9.73208937514441
"831",31,9,9.07859665995239
"832",32,9,9.63092894969735
"833",33,9,10.3601266911897
"834",34,9,9.34085220847806
"835",35,9,9.49251318215786
"836",36,9,9.5773028063242
"837",37,9,11.5746358202356
"838",38,9,9.46706087147333
"839",39,9,9.7318443012437
"840",40,9,9.50360234148022
"841",41,9,9.94287099495765
"842",42,9,9.09718967952752
"843",43,9,9.96966376177599
"844",44,9,10.4061724570122
"845",45,9,9.24691762445371
"846",46,9,9.57366992602365
"847",47,9,10.3233490973001
"848",48,9,10.4105869639233
"849",49,9,9.86791745109385
"850",50,9,9.75703299277046
"851",51,9,18.8007318970088
"852",52,9,18.834074471359
"853",53,9,19.6448187427565
"854",54,9,19.1223655149449
"855",55,9,18.1601027266821
"856",56,9,19.3536274273004
"857",57,9,19.0304887562607
"858",58,9,19.3653763715804
"859",59,9,20.18499930788
"860",60,9,18.3251887514299
"861",61,9,18.3139858582087
"862",62,9,19.9984368995033
"863",63,9,18.9254181895237
"864",64,9,19.082577760005
"865",65,9,17.8537776297027
"866",66,9,19.2024294666564
"867",67,9,19.4139706133532
"868",68,9,18.072352532307
"869",69,9,18.5648382988899
"870",70,9,18.3602358018076
"871",71,9,18.0625986501101
"872",72,9,19.939874490555
"873",73,9,18.4643966148418
"874",74,9,18.7380608952706
"875",75,9,19.7889349276792
"876",76,9,18.9776828452479
"877",77,9,18.5615640126195
"878",78,9,18.2161957440684
"879",79,9,20.1819545932594
"880",80,9,18.4798099477785
"881",81,9,18.7818729061602
"882",82,9,19.7622683403574
"883",83,9,18.5095436017702
"884",84,9,20.9456199620127
"885",85,9,18.5128701771996
"886",86,9,17.6979332108658
"887",87,9,19.2347283266969
"888",88,9,18.0704391796577
"889",89,9,19.035596697434
"890",90,9,18.9687210364589
"891",91,9,18.0682601555501
"892",92,9,19.5913487864917
"893",93,9,18.4679733590658
"894",94,9,18.4343603501763
"895",95,9,18.8480543313079
"896",96,9,18.3915198449836
"897",97,9,18.5637692278637
"898",98,9,18.9006315950808
"899",99,9,19.6172603492234
"900",100,9,19.4831524712282
"901",1,10,10.9238366286827
"902",2,10,10.2685713153615
"903",3,10,10.7341113912518
"904",4,10,10.0553150780781
"905",5,10,10.7758231059498
"906",6,10,10.3446701484041
"907",7,10,10.0676119401315
"908",8,10,10.1246410174134
"909",9,10,9.98417643724688
"910",10,10,0
"911",11,10,10.4051807157468
"912",12,10,10.0071286979788
"913",13,10,10.570829460908
"914",14,10,9.96988398833188
"915",15,10,10.1481613533788
"916",16,10,10.1129123605187
"917",17,10,9.97818970887129
"918",18,10,9.94405403786698
"919",19,10,10.1656519747534
"920",20,10,9.76186969489333
"921",21,10,10.761342553365
"922",22,10,10.3497132092233
"923",23,10,10.6159821031406
"924",24,10,9.98445867471289
"925",25,10,10.2653381462497
"926",26,10,10.0551561176295
"927",27,10,10.2363854757212
"928",28,10,10.3856699812912
"929",29,10,10.4645322430985
"930",30,10,9.98806226744634
"931",31,10,9.68028577874259
"932",32,10,10.6259454826411
"933",33,10,11.7793452228123
"934",34,10,10.0376678777112
"935",35,10,10.6240975646614
"936",36,10,10.5183197381667
"937",37,10,11.9900185357708
"938",38,10,10.2959325316943
"939",39,10,10.2084320518489
"940",40,10,9.98043656809262
"941",41,10,10.3080906611485
"942",42,10,10.3204473348371
"943",43,10,10.2457897552611
"944",44,10,11.4161505545781
"945",45,10,10.1914352516623
"946",46,10,10.1792391810342
"947",47,10,10.2865435947622
"948",48,10,9.77272562615026
"949",49,10,9.9731875541137
"950",50,10,10.3437071114755
"951",51,10,19.8369435488054
"952",52,10,19.8808531216124
"953",53,10,20.5535815364794
"954",54,10,20.0798436757858
"955",55,10,19.0443631911287
"956",56,10,20.1541322391904
"957",57,10,19.9581657216014
"958",58,10,20.3500081149897
"959",59,10,21.0566256968992
"960",60,10,19.2193248946564
"961",61,10,19.2589203264445
"962",62,10,21.1627256713117
"963",63,10,19.8560342920693
"964",64,10,20.1251671524745
"965",65,10,18.7437387504582
"966",66,10,20.1282864122556
"967",67,10,20.4289802499644
"968",68,10,18.9867880025024
"969",69,10,19.4243924377913
"970",70,10,19.0499421074089
"971",71,10,19.1174327035445
"972",72,10,20.9550075081033
"973",73,10,19.4299727738415
"974",74,10,19.5777688209534
"975",75,10,20.7808838876098
"976",76,10,19.9320068642198
"977",77,10,19.5274076908428
"978",78,10,19.3129040077405
"979",79,10,21.0895980690988
"980",80,10,19.2234572751037
"981",81,10,19.7342027644524
"982",82,10,20.3908592532918
"983",83,10,19.4704286932944
"984",84,10,21.9456053887757
"985",85,10,19.5352519370043
"986",86,10,18.5954819376566
"987",87,10,20.0638102346815
"988",88,10,19.110900539299
"989",89,10,20.1426242560811
"990",90,10,19.8213795246318
"991",91,10,19.009383318226
"992",92,10,20.5962043328759
"993",93,10,19.3776474815338
"994",94,10,19.2254167690296
"995",95,10,19.7107993956146
"996",96,10,19.2159999616857
"997",97,10,19.4272117103523
"998",98,10,19.7669725620203
"999",99,10,20.5806293422178
"1000",100,10,20.5450434082848
"1001",1,11,9.97458640182465
"1002",2,11,9.9385812044269
"1003",3,11,10.2161860780579
"1004",4,11,9.82691567782831
"1005",5,11,10.391259019243
"1006",6,11,9.43206280014549
"1007",7,11,9.61956834321865
"1008",8,11,9.68818366708883
"1009",9,11,9.70545220943425
"1010",10,11,10.4051807157468
"1011",11,11,0
"1012",12,11,9.45982105825829
"1013",13,11,10.1077784326488
"1014",14,11,9.87320730007707
"1015",15,11,9.72831368892679
"1016",16,11,9.3114511776871
"1017",17,11,9.78500146563404
"1018",18,11,9.92756876188947
"1019",19,11,10.647380118601
"1020",20,11,9.1689915635959
"1021",21,11,10.2050916208364
"1022",22,11,9.90060700710184
"1023",23,11,10.3442405665889
"1024",24,11,9.67735717444922
"1025",25,11,10.3233114633306
"1026",26,11,10.0619960135941
"1027",27,11,10.3875471585674
"1028",28,11,10.0819801936253
"1029",29,11,10.2757844122107
"1030",30,11,9.793711519996
"1031",31,11,9.52789693796911
"1032",32,11,9.92860339094367
"1033",33,11,11.7122090446646
"1034",34,11,9.61484341326553
"1035",35,11,10.1203101022771
"1036",36,11,9.95796376093914
"1037",37,11,11.2180468992517
"1038",38,11,9.81709149729959
"1039",39,11,10.0093460109951
"1040",40,11,9.85964788836386
"1041",41,11,10.2216899534763
"1042",42,11,9.91762426311791
"1043",43,11,10.1064374601481
"1044",44,11,10.4166138188635
"1045",45,11,9.99468839773954
"1046",46,11,9.49486536863878
"1047",47,11,9.77504548728888
"1048",48,11,10.0274234521517
"1049",49,11,9.93167958279396
"1050",50,11,9.95198914906698
"1051",51,11,19.4329073783446
"1052",52,11,19.1881079134902
"1053",53,11,19.9472496115623
"1054",54,11,19.3975685482333
"1055",55,11,18.5078171084058
"1056",56,11,19.6128238718031
"1057",57,11,19.5171073496685
"1058",58,11,19.623440735607
"1059",59,11,20.4940892104993
"1060",60,11,18.7099595116988
"1061",61,11,18.706313895772
"1062",62,11,20.5382687668567
"1063",63,11,19.2680050161505
"1064",64,11,19.5422541241709
"1065",65,11,18.1930118965624
"1066",66,11,19.762065041178
"1067",67,11,19.9221936564441
"1068",68,11,18.4857142981293
"1069",69,11,19.0246428643744
"1070",70,11,18.5014585864403
"1071",71,11,18.5206346761071
"1072",72,11,20.2947193014916
"1073",73,11,18.9090296003149
"1074",74,11,19.2293977297861
"1075",75,11,20.283431005634
"1076",76,11,19.4263317943875
"1077",77,11,18.9361343245042
"1078",78,11,18.7907413802519
"1079",79,11,20.5338511635023
"1080",80,11,18.716520718324
"1081",81,11,19.2323339451296
"1082",82,11,20.1494312402888
"1083",83,11,18.917425912977
"1084",84,11,21.3311566402278
"1085",85,11,19.0572074047834
"1086",86,11,18.1420840098153
"1087",87,11,19.5607199703112
"1088",88,11,18.610020012687
"1089",89,11,19.4806939925213
"1090",90,11,19.4346815942178
"1091",91,11,18.56976679647
"1092",92,11,19.9631530306028
"1093",93,11,18.8085721755841
"1094",94,11,18.7667285959726
"1095",95,11,19.3023181183742
"1096",96,11,18.6688565528755
"1097",97,11,19.1174314125671
"1098",98,11,19.2965228032319
"1099",99,11,19.9175583701125
"1100",100,11,19.8215619202647
"1101",1,12,9.89819938483921
"1102",2,12,9.56471918062462
"1103",3,12,10.4183322078721
"1104",4,12,9.70097781583626
"1105",5,12,10.2033955056957
"1106",6,12,9.39088583236834
"1107",7,12,9.73085092183433
"1108",8,12,10.0097865020497
"1109",9,12,9.45938984471469
"1110",10,12,10.0071286979788
"1111",11,12,9.45982105825829
"1112",12,12,0
"1113",13,12,9.5270593079584
"1114",14,12,9.74413206596893
"1115",15,12,9.46885808120847
"1116",16,12,9.53842566376093
"1117",17,12,9.91999373882228
"1118",18,12,9.77007672698936
"1119",19,12,10.2327102547611
"1120",20,12,9.51179121915352
"1121",21,12,10.0144094614537
"1122",22,12,9.61699879272255
"1123",23,12,10.2683745064567
"1124",24,12,9.46383587314524
"1125",25,12,10.6101945987891
"1126",26,12,10.0227898695065
"1127",27,12,9.98756407319695
"1128",28,12,9.58288379492229
"1129",29,12,10.2336705463913
"1130",30,12,10.117188367296
"1131",31,12,9.43411982773431
"1132",32,12,9.86928781234784
"1133",33,12,9.91619096798267
"1134",34,12,9.54458913822895
"1135",35,12,9.65095944237655
"1136",36,12,9.78371121208356
"1137",37,12,11.3837126508674
"1138",38,12,9.61233873647249
"1139",39,12,9.55670224315038
"1140",40,12,9.53545702459008
"1141",41,12,10.3065780395434
"1142",42,12,9.27254615926744
"1143",43,12,10.0202813920985
"1144",44,12,10.499510690473
"1145",45,12,9.83950518640241
"1146",46,12,9.15343609148491
"1147",47,12,10.2047134283459
"1148",48,12,10.4024039346362
"1149",49,12,9.96242681017007
"1150",50,12,10.4077423079393
"1151",51,12,19.0312039890161
"1152",52,12,18.9905230526855
"1153",53,12,19.6067213312347
"1154",54,12,19.1730521855821
"1155",55,12,18.0693891029396
"1156",56,12,19.4118725175038
"1157",57,12,19.0616088316972
"1158",58,12,19.492129701671
"1159",59,12,20.3208856458104
"1160",60,12,18.4414818081951
"1161",61,12,18.3430618267369
"1162",62,12,20.1231443331796
"1163",63,12,19.0549339789782
"1164",64,12,19.1687096300175
"1165",65,12,17.8357815520465
"1166",66,12,19.3365387353152
"1167",67,12,19.6233237812618
"1168",68,12,18.089761666367
"1169",69,12,18.555908166571
"1170",70,12,18.3166421986978
"1171",71,12,18.269430916307
"1172",72,12,20.0564262779227
"1173",73,12,18.7253398975691
"1174",74,12,18.7550138887811
"1175",75,12,19.8288966095454
"1176",76,12,19.0749559120064
"1177",77,12,18.5645458053134
"1178",78,12,18.4168247259591
"1179",79,12,20.2633624538327
"1180",80,12,18.4776426732002
"1181",81,12,18.9488815737532
"1182",82,12,19.7717780941556
"1183",83,12,18.6073195693948
"1184",84,12,20.9793548581149
"1185",85,12,18.6760322531178
"1186",86,12,17.7014777114735
"1187",87,12,19.2461611246973
"1188",88,12,18.2235734141059
"1189",89,12,19.303556044501
"1190",90,12,19.1316640489608
"1191",91,12,18.218639332411
"1192",92,12,19.68986176526
"1193",93,12,18.7521616768186
"1194",94,12,18.5961828848836
"1195",95,12,19.1412203543701
"1196",96,12,18.4421273351863
"1197",97,12,18.7621087989102
"1198",98,12,18.9386488096098
"1199",99,12,19.6742679552506
"1200",100,12,19.6232955191741
"1201",1,13,9.38514673876977
"1202",2,13,9.29778508009551
"1203",3,13,9.62903562443936
"1204",4,13,9.55396828970992
"1205",5,13,9.39720017490569
"1206",6,13,9.44354181066645
"1207",7,13,9.36234815425596
"1208",8,13,9.56698225242481
"1209",9,13,9.27398423520343
"1210",10,13,10.570829460908
"1211",11,13,10.1077784326488
"1212",12,13,9.5270593079584
"1213",13,13,0
"1214",14,13,9.59471628997859
"1215",15,13,9.78545026654673
"1216",16,13,9.19354818567045
"1217",17,13,9.72073332976757
"1218",18,13,9.31797227655479
"1219",19,13,10.3103483239806
"1220",20,13,9.33627981219268
"1221",21,13,10.3876759166599
"1222",22,13,9.58208937293924
"1223",23,13,9.83707527945627
"1224",24,13,9.38378404509513
"1225",25,13,10.6377745665636
"1226",26,13,10.2286627526622
"1227",27,13,9.71080748964942
"1228",28,13,9.56537428254669
"1229",29,13,9.86498750359686
"1230",30,13,9.87813318313308
"1231",31,13,9.03285469490742
"1232",32,13,9.41269265881991
"1233",33,13,10.5784175880939
"1234",34,13,9.31408252466661
"1235",35,13,9.48122478174715
"1236",36,13,9.09723195700839
"1237",37,13,10.8218036221552
"1238",38,13,9.438406988182
"1239",39,13,9.63012040462822
"1240",40,13,9.9726783878401
"1241",41,13,9.71064728441795
"1242",42,13,9.14876484857801
"1243",43,13,10.3046564455249
"1244",44,13,10.149792437664
"1245",45,13,9.21828312887166
"1246",46,13,9.26574407949591
"1247",47,13,10.0260184837393
"1248",48,13,10.9798763146137
"1249",49,13,10.047792327173
"1250",50,13,9.69337606840304
"1251",51,13,18.8989614059078
"1252",52,13,18.9550001319609
"1253",53,13,19.5522773100408
"1254",54,13,19.1404236211
"1255",55,13,17.9828642641036
"1256",56,13,19.2378456274048
"1257",57,13,18.9333164144069
"1258",58,13,19.3969722764731
"1259",59,13,20.1401162325901
"1260",60,13,18.3579087604662
"1261",61,13,18.2151906600813
"1262",62,13,19.9265472583046
"1263",63,13,19.0254739842655
"1264",64,13,19.0389834741927
"1265",65,13,17.7612041612294
"1266",66,13,19.2786380249292
"1267",67,13,19.4339154737332
"1268",68,13,17.9114562019548
"1269",69,13,18.3173737183474
"1270",70,13,18.2598427353499
"1271",71,13,17.9879195273532
"1272",72,13,19.9517050643432
"1273",73,13,18.4701607903485
"1274",74,13,18.7441236715096
"1275",75,13,19.6240845844421
"1276",76,13,18.6637150903798
"1277",77,13,18.5572542589205
"1278",78,13,18.119882700923
"1279",79,13,20.1004309949274
"1280",80,13,18.1764007495196
"1281",81,13,18.6367438619304
"1282",82,13,19.6170111526408
"1283",83,13,18.55226951567
"1284",84,13,21.0055019749806
"1285",85,13,18.5978501464724
"1286",86,13,17.6894043233909
"1287",87,13,19.2634786014851
"1288",88,13,18.0945793632101
"1289",89,13,19.0185705507367
"1290",90,13,18.9244086298615
"1291",91,13,18.0548870493362
"1292",92,13,19.5248911015602
"1293",93,13,18.4113088682912
"1294",94,13,18.5286304627986
"1295",95,13,18.8038633938329
"1296",96,13,18.3323095751891
"1297",97,13,18.7102929864885
"1298",98,13,18.9411317226502
"1299",99,13,19.5426829328858
"1300",100,13,19.601115827268
"1301",1,14,9.4107603418587
"1302",2,14,9.62846507768639
"1303",3,14,9.61264295460969
"1304",4,14,9.49081267664305
"1305",5,14,9.5915765357771
"1306",6,14,9.17495301434512
"1307",7,14,9.23256990135922
"1308",8,14,9.60718966560122
"1309",9,14,9.64033553076868
"1310",10,14,9.96988398833188
"1311",11,14,9.87320730007707
"1312",12,14,9.74413206596893
"1313",13,14,9.59471628997859
"1314",14,14,0
"1315",15,14,9.90187261122748
"1316",16,14,9.13412929350447
"1317",17,14,9.56047784372771
"1318",18,14,9.35833947214515
"1319",19,14,9.58489861086891
"1320",20,14,9.61092627253375
"1321",21,14,9.92872565276094
"1322",22,14,9.42928063536966
"1323",23,14,9.74014508962835
"1324",24,14,9.45217129241944
"1325",25,14,10.1980401843027
"1326",26,14,9.40918763218253
"1327",27,14,9.57646280769173
"1328",28,14,9.53942744623784
"1329",29,14,9.94246353382832
"1330",30,14,9.44266092564694
"1331",31,14,8.80409545416109
"1332",32,14,9.49830952145127
"1333",33,14,11.1423511929148
"1334",34,14,9.36410162852201
"1335",35,14,9.58362592334471
"1336",36,14,8.9971909548836
"1337",37,14,10.6178685565483
"1338",38,14,9.46611872565372
"1339",39,14,9.42025565985266
"1340",40,14,9.36652485025867
"1341",41,14,9.70481387460024
"1342",42,14,9.3908952840295
"1343",43,14,10.2670701327896
"1344",44,14,10.1286336890975
"1345",45,14,9.33294183401542
"1346",46,14,9.13171633894415
"1347",47,14,9.58617062147436
"1348",48,14,10.3365495079464
"1349",49,14,9.49014065528105
"1350",50,14,9.86884299164774
"1351",51,14,18.5831499765811
"1352",52,14,18.6135968058522
"1353",53,14,19.2480193729073
"1354",54,14,18.9569916212135
"1355",55,14,17.8051763638415
"1356",56,14,18.9848603893982
"1357",57,14,18.6801315294966
"1358",58,14,19.0058055479047
"1359",59,14,19.6958895412121
"1360",60,14,18.218820478745
"1361",61,14,18.1213323387787
"1362",62,14,19.9741655523643
"1363",63,14,18.6844500367457
"1364",64,14,18.800160895687
"1365",65,14,17.475574964935
"1366",66,14,19.1058206843604
"1367",67,14,19.1751922041358
"1368",68,14,17.5438931013774
"1369",69,14,18.1214601122894
"1370",70,14,17.7949706668595
"1371",71,14,17.7155331328368
"1372",72,14,19.7024182470571
"1373",73,14,18.2148625887888
"1374",74,14,18.4148411668217
"1375",75,14,19.4613157834316
"1376",76,14,18.6456658832683
"1377",77,14,18.1966788140767
"1378",78,14,17.9666954694755
"1379",79,14,19.9652768050472
"1380",80,14,18.1183598412339
"1381",81,14,18.4387423123785
"1382",82,14,19.2841674375094
"1383",83,14,18.1054254470423
"1384",84,14,20.7400759380893
"1385",85,14,18.2847972097092
"1386",86,14,17.2398769237457
"1387",87,14,18.8984585295016
"1388",88,14,17.8386923097835
"1389",89,14,18.949869511442
"1390",90,14,18.406231422252
"1391",91,14,17.8241363578261
"1392",92,14,19.3532096897599
"1393",93,14,18.0053852677299
"1394",94,14,18.1755603735727
"1395",95,14,18.7316795602868
"1396",96,14,18.0078489741425
"1397",97,14,18.3437385921646
"1398",98,14,18.6850674601104
"1399",99,14,19.2785502619609
"1400",100,14,19.5082808221482
"1401",1,15,9.90031111100637
"1402",2,15,9.61781763351755
"1403",3,15,9.67255517369577
"1404",4,15,9.7138151883448
"1405",5,15,10.439832287245
"1406",6,15,9.09707339369281
"1407",7,15,9.64900424821336
"1408",8,15,9.8976104781052
"1409",9,15,9.46248762901127
"1410",10,15,10.1481613533788
"1411",11,15,9.72831368892679
"1412",12,15,9.46885808120847
"1413",13,15,9.78545026654673
"1414",14,15,9.90187261122748
"1415",15,15,0
"1416",16,15,9.73406954003058
