"","row","col","value"
"1",1,1,0
"2",2,1,8.29582917628528
"3",3,1,8.27967356205403
"4",4,1,8.14238812555539
"5",5,1,8.41696392895699
"6",6,1,8.23330344955015
"7",7,1,8.25849624109954
"8",8,1,8.09393172314568
"9",9,1,8.47947274331358
"10",10,1,8.450153980905
"11",11,1,8.84820487441154
"12",12,1,8.82493819459574
"13",13,1,8.5587716092037
"14",14,1,8.26700165981738
"15",15,1,8.75815980541325
"16",16,1,8.6863929662858
"17",17,1,8.22497572315995
"18",18,1,8.79804790840874
"19",19,1,8.91741378762952
"20",20,1,8.28783197084419
"21",21,1,8.40336311484534
"22",22,1,8.9225388262503
"23",23,1,8.74573114592642
"24",24,1,8.56760050295492
"25",25,1,8.20938190329478
"26",26,1,8.89631135851167
"27",27,1,8.22881580346874
"28",28,1,8.25481499968699
"29",29,1,8.83080904874882
"30",30,1,9.52559443086059
"31",31,1,8.34432671793543
"32",32,1,8.48326584183966
"33",33,1,8.95724964520314
"34",34,1,8.50163732549433
"35",35,1,8.55430897254526
"36",36,1,9.19901432956344
"37",37,1,9.73339139364177
"38",38,1,8.98449742695514
"39",39,1,8.42269695584639
"40",40,1,9.2819323241192
"41",41,1,8.7776825964994
"42",42,1,8.90916229360636
"43",43,1,8.79105725799568
"44",44,1,9.77439899020359
"45",45,1,8.86069518859165
"46",46,1,9.17825843623634
"47",47,1,8.55922291787754
"48",48,1,8.2670454313105
"49",49,1,8.97661065907005
"50",50,1,8.13406005844756
"51",51,1,16.6089015817856
"52",52,1,16.0648294734459
"53",53,1,16.2094065987406
"54",54,1,15.6487832681416
"55",55,1,16.1769694895782
"56",56,1,15.8704399813705
"57",57,1,15.8388029509838
"58",58,1,16.4051179786246
"59",59,1,16.2143513511505
"60",60,1,16.1306105379629
"61",61,1,16.1418038222635
"62",62,1,16.3861131806453
"63",63,1,16.2144723435236
"64",64,1,16.6457310625178
"65",65,1,16.6390174140939
"66",66,1,17.0914178252267
"67",67,1,16.6381688131697
"68",68,1,17.1489656039748
"69",69,1,16.1979118534671
"70",70,1,16.8839776033459
"71",71,1,16.6211549300885
"72",72,1,17.0767084103553
"73",73,1,16.4356063428177
"74",74,1,17.2966612641332
"75",75,1,17.2795853467477
"76",76,1,16.3811844974505
"77",77,1,16.829389040215
"78",78,1,15.8681379583916
"79",79,1,16.8146971886553
"80",80,1,16.6883906920639
"81",81,1,16.9693391243934
"82",82,1,16.655077779829
"83",83,1,16.765000716217
"84",84,1,17.7094279969614
"85",85,1,16.6855987391366
"86",86,1,16.9105892301487
"87",87,1,16.588979289872
"88",88,1,17.0788357842552
"89",89,1,16.4435389594854
"90",90,1,16.2209711891325
"91",91,1,16.186719774241
"92",92,1,15.5845976013729
"93",93,1,16.5148780824212
"94",94,1,16.3354967734382
"95",95,1,15.9021905646689
"96",96,1,16.6540768457601
"97",97,1,16.0086582821199
"98",98,1,15.7175070048509
"99",99,1,16.1669125508461
"100",100,1,16.2012060606262
"101",1,2,8.29582917628528
"102",2,2,0
"103",3,2,8.20285727062994
"104",4,2,8.61188283315939
"105",5,2,8.54635543114281
"106",6,2,8.30496456285245
"107",7,2,8.58020876547679
"108",8,2,8.64906987759526
"109",9,2,8.42334563992641
"110",10,2,9.0790927745434
"111",11,2,9.04653520109547
"112",12,2,9.17767641147023
"113",13,2,9.04825182132777
"114",14,2,8.40457414701001
"115",15,2,9.13701205772341
"116",16,2,8.64104970327713
"117",17,2,8.44206749430063
"118",18,2,8.68320855949546
"119",19,2,8.89126537198978
"120",20,2,8.63690558730373
"121",21,2,8.44771430885591
"122",22,2,8.84970027005322
"123",23,2,8.70282347420436
"124",24,2,8.97977540405936
"125",25,2,8.74821881495402
"126",26,2,9.24713862181921
"127",27,2,8.60624485030645
"128",28,2,8.61023688646793
"129",29,2,8.92529001877578
"130",30,2,9.22642053997578
"131",31,2,8.86761492455109
"132",32,2,8.60857679770728
"133",33,2,8.85398218243939
"134",34,2,9.04566367892521
"135",35,2,8.48263326861064
"136",36,2,9.28911404012058
"137",37,2,9.29072018444421
"138",38,2,9.07953053387051
"139",39,2,8.56584828144717
"140",40,2,8.82996671723593
"141",41,2,9.07673038977378
"142",42,2,9.1185128946457
"143",43,2,9.00960395213639
"144",44,2,9.59145205035034
"145",45,2,8.82206755430991
"146",46,2,9.02120293348916
"147",47,2,9.18347347630092
"148",48,2,9.07777873287781
"149",49,2,9.06936868896659
"150",50,2,8.79744021387423
"151",51,2,17.2384875829813
"152",52,2,16.7624002525418
"153",53,2,17.0861659914159
"154",54,2,16.4667289640982
"155",55,2,16.9951724719295
"156",56,2,16.5696855850565
"157",57,2,16.5801741324093
"158",58,2,17.1036359745894
"159",59,2,16.9221002697055
"160",60,2,16.88858474985
"161",61,2,16.8638320282553
"162",62,2,17.2082767832418
"163",63,2,16.9317639612506
"164",64,2,17.3127837197635
"165",65,2,17.3825298799281
"166",66,2,17.7357857976611
"167",67,2,17.1944291110387
"168",68,2,17.8381272521779
"169",69,2,16.9853163095235
"170",70,2,17.5992792213106
"171",71,2,17.2554132169225
"172",72,2,17.6923458684561
"173",73,2,17.1685281901294
"174",74,2,17.9467803375997
"175",75,2,17.8565658282807
"176",76,2,16.9933726012767
"177",77,2,17.4051488561799
"178",78,2,16.4823605521549
"179",79,2,17.364406713813
"180",80,2,17.4044315566095
"181",81,2,17.5790937700586
"182",82,2,17.318151180205
"183",83,2,17.30234589396
"184",84,2,18.33950712829
"185",85,2,17.2313693070266
"186",86,2,17.7444793219977
"187",87,2,17.3257091644685
"188",88,2,17.8194697829894
"189",89,2,17.0983443148416
"190",90,2,16.923639563334
"191",91,2,16.7884975196757
"192",92,2,16.3321152837596
"193",93,2,17.0628487531266
"194",94,2,17.1516841149458
"195",95,2,16.6160542242308
"196",96,2,17.2090580125245
"197",97,2,16.7083194199306
"198",98,2,16.4970201630953
"199",99,2,16.9150762030775
"200",100,2,16.9652907434645
"201",1,3,8.27967356205403
"202",2,3,8.20285727062994
"203",3,3,0
"204",4,3,7.94513120347794
"205",5,3,7.95178222649547
"206",6,3,7.82867356748081
"207",7,3,8.06594725183653
"208",8,3,8.11006837197519
"209",9,3,8.58041929519966
"210",10,3,9.11473046773984
"211",11,3,9.19413487301809
"212",12,3,8.88381740389036
"213",13,3,8.82539503219961
"214",14,3,8.39929207467157
"215",15,3,9.21540677935593
"216",16,3,8.87390095626919
"217",17,3,8.56736460058094
"218",18,3,8.69433617000229
"219",19,3,9.15533267245169
"220",20,3,8.6173163875248
"221",21,3,8.74044771684366
"222",22,3,9.1729928267129
"223",23,3,8.85525954100335
"224",24,3,8.93443339160082
"225",25,3,8.59739221408108
"226",26,3,9.25492189527627
"227",27,3,8.43794338205289
"228",28,3,8.50697167693714
"229",29,3,8.77139959548268
"230",30,3,8.96370631906487
"231",31,3,8.60428478399498
"232",32,3,8.59680696581915
"233",33,3,8.89363576954663
"234",34,3,8.60363796943293
"235",35,3,8.78589227523812
"236",36,3,9.33363112204781
"237",37,3,9.75757676488493
"238",38,3,9.46395052814874
"239",39,3,8.6751858043544
"240",40,3,9.06305998819886
"241",41,3,9.0260293811874
"242",42,3,8.97086459880307
"243",43,3,8.70918237752051
"244",44,3,9.23011853436452
"245",45,3,9.10227781827461
"246",46,3,9.08289089272185
"247",47,3,9.05791808101705
"248",48,3,8.61798409787848
"249",49,3,8.92843571313613
"250",50,3,8.58261596321434
"251",51,3,16.7726877161235
"252",52,3,16.0537883465073
"253",53,3,16.2854657860718
"254",54,3,15.7306976191067
"255",55,3,15.9471478815587
"256",56,3,15.9966655933381
"257",57,3,15.9074155043625
"258",58,3,16.6670441537641
"259",59,3,16.3234908676962
"260",60,3,16.3896808443113
"261",61,3,16.4924350511225
"262",62,3,16.830428834032
"263",63,3,16.7043266874485
"264",64,3,16.9891668450167
"265",65,3,17.0982729684876
"266",66,3,17.4371821040401
"267",67,3,16.9734588175942
"268",68,3,17.437795629882
"269",69,3,16.4967262879232
"270",70,3,17.1571775400335
"271",71,3,16.7671246802959
"272",72,3,17.3076878926782
"273",73,3,16.7357465762373
"274",74,3,17.4559674283139
"275",75,3,17.3239592784135
"276",76,3,16.620879025093
"277",77,3,17.0727374129012
"278",78,3,15.9216155199254
"279",79,3,17.0233553898415
"280",80,3,16.8082183286075
"281",81,3,17.1223350540356
"282",82,3,16.8366006657573
"283",83,3,16.8586772888724
"284",84,3,17.8118292162862
"285",85,3,16.9173148340243
"286",86,3,17.0194626401072
"287",87,3,16.8574381356044
"288",88,3,17.4079704678981
"289",89,3,16.5042796847528
"290",90,3,16.469127503508
"291",91,3,16.3575962749618
"292",92,3,15.8702530752972
"293",93,3,16.6071472914546
"294",94,3,16.5108687453161
"295",95,3,16.125719993432
"296",96,3,16.7350366775456
"297",97,3,16.2342848834465
"298",98,3,16.1192657662706
"299",99,3,16.4187085295873
"300",100,3,16.539176347765
"301",1,4,8.14238812555539
"302",2,4,8.61188283315939
"303",3,4,7.94513120347794
"304",4,4,0
"305",5,4,7.71410210628545
"306",6,4,7.7161670120589
"307",7,4,8.00560680878918
"308",8,4,7.88744702550444
"309",9,4,8.21255189567536
"310",10,4,8.14280696679083
"311",11,4,8.41721598584478
"312",12,4,8.45569027447489
"313",13,4,8.38495595159238
"314",14,4,8.21376455527016
"315",15,4,8.76514517624541
"316",16,4,8.4855326546909
"317",17,4,7.93290652306579
"318",18,4,8.30564681404606
"319",19,4,8.65158858481039
"320",20,4,8.10189728074047
"321",21,4,8.30115662875697
"322",22,4,8.78203471482887
"323",23,4,8.50904615600353
"324",24,4,8.50841266166674
"325",25,4,8.27076639607233
"326",26,4,8.91445231782671
"327",27,4,7.8670236326376
"328",28,4,8.08964594354015
"329",29,4,8.75809658292104
"330",30,4,8.91367140796895
"331",31,4,8.08917171706484
"332",32,4,8.05723815757745
"333",33,4,8.86762903927156
"334",34,4,8.29036376357055
"335",35,4,8.12439022205615
"336",36,4,8.47157372621454
"337",37,4,9.56732222752778
"338",38,4,8.84307768876911
"339",39,4,8.40913246371239
"340",40,4,8.96856157841101
"341",41,4,8.55501427389268
"342",42,4,8.63444910557858
"343",43,4,8.63723708790535
"344",44,4,9.09968777569344
"345",45,4,8.49238840153945
"346",46,4,9.03333904966704
"347",47,4,8.57868659482915
"348",48,4,8.06204434123937
"349",49,4,8.97178510562223
"350",50,4,8.48335558119404
"351",51,4,16.5515370768502
"352",52,4,16.0092417303812
"353",53,4,16.1272382452597
"354",54,4,15.5073234514488
"355",55,4,15.9275044961435
"356",56,4,15.8880454634044
"357",57,4,15.8242675464784
"358",58,4,16.5197507193829
"359",59,4,16.2560675254018
"360",60,4,16.2051572215922
"361",61,4,16.0318606192616
"362",62,4,16.4994657629369
"363",63,4,16.2663115923696
"364",64,4,16.6844709268151
"365",65,4,16.7988598164947
"366",66,4,17.0346924444503
"367",67,4,16.6721860339013
"368",68,4,17.2110487851559
"369",69,4,16.2447452001328
"370",70,4,16.8634886802568
"371",71,4,16.4643896575755
"372",72,4,16.9354800587756
"373",73,4,16.4697221328896
"374",74,4,17.2428443174482
"375",75,4,17.2184540026912
"376",76,4,16.4244402067108
"377",77,4,16.7660883810052
"378",78,4,15.8417343665113
"379",79,4,16.8091632666262
"380",80,4,16.6877687999094
"381",81,4,17.0333090199574
"382",82,4,16.651739991841
"383",83,4,16.6910609455674
"384",84,4,17.5323577644674
"385",85,4,16.7279807734425
"386",86,4,16.9561508073387
"387",87,4,16.6183562312807
"388",88,4,16.9965738593198
"389",89,4,16.2277370344422
"390",90,4,16.2291500125976
"391",91,4,16.2042980197227
"392",92,4,15.6200162725327
"393",93,4,16.3945475542343
"394",94,4,16.3452755241716
"395",95,4,15.8088751931548
"396",96,4,16.5919001204213
"397",97,4,15.8997555038843
"398",98,4,15.8223244026608
"399",99,4,16.2040847374742
"400",100,4,16.2322633654408
"401",1,5,8.41696392895699
"402",2,5,8.54635543114281
"403",3,5,7.95178222649547
"404",4,5,7.71410210628545
"405",5,5,0
"406",6,5,7.77256859000281
"407",7,5,7.60398261800783
"408",8,5,8.54296652616792
"409",9,5,8.73320303271112
"410",10,5,8.87657401727732
"411",11,5,8.94353580295696
"412",12,5,8.82741001618361
"413",13,5,9.00564140269281
"414",14,5,8.50151652779476
"415",15,5,9.15645336904504
"416",16,5,8.64067506944019
"417",17,5,8.50142960533791
"418",18,5,8.72839534674057
"419",19,5,8.78639780733823
"420",20,5,8.61863559872207
"421",21,5,8.90159119171007
"422",22,5,8.87685444249091
"423",23,5,8.48175730394965
"424",24,5,8.67516023896607
"425",25,5,8.46089300791875
"426",26,5,9.13124057478779
"427",27,5,8.80785354076585
"428",28,5,8.48172168394886
"429",29,5,8.77241760294178
"430",30,5,8.96951782032558
"431",31,5,8.48913838448946
"432",32,5,8.55862159674282
"433",33,5,8.54056966697132
"434",34,5,8.84047841587764
"435",35,5,8.76894771747195
"436",36,5,9.38650830365684
"437",37,5,9.73563346911395
"438",38,5,9.0426567402877
"439",39,5,8.76913949011972
"440",40,5,9.02208435554892
"441",41,5,9.05964990033182
"442",42,5,9.24592988038142
"443",43,5,8.78089810485786
"444",44,5,8.99426102069101
"445",45,5,8.94934703876219
"446",46,5,8.78222296237975
"447",47,5,8.8387934036963
"448",48,5,8.71425246272886
"449",49,5,8.82024845279212
"450",50,5,8.46224494901179
"451",51,5,17.0520346081045
"452",52,5,16.3263897468571
"453",53,5,16.5732857856045
"454",54,5,15.931959655971
"455",55,5,16.2346201305829
"456",56,5,16.3338707133854
"457",57,5,16.1290024143689
"458",58,5,16.8383924449736
"459",59,5,16.6970733766291
"460",60,5,16.5940261890822
"461",61,5,16.6588716431702
"462",62,5,16.9071000940556
"463",63,5,16.712691296702
"464",64,5,17.062497124109
"465",65,5,17.1475346823125
"466",66,5,17.382531183168
"467",67,5,17.1066640423881
"468",68,5,17.6500774671793
"469",69,5,16.5744449641726
"470",70,5,17.3529299783706
"471",71,5,16.9841807275773
"472",72,5,17.1432314028286
"473",73,5,16.8675865255892
"474",74,5,17.6087389719663
"475",75,5,17.4769227111401
"476",76,5,16.7201623942901
"477",77,5,17.0749168252478
"478",78,5,16.1822498483388
"479",79,5,17.095160827126
"480",80,5,17.060502638046
"481",81,5,17.3241176157091
"482",82,5,16.9781700276372
"483",83,5,17.0416865232202
"484",84,5,17.8022005097009
"485",85,5,17.1423734800177
"486",86,5,17.5202077292171
"487",87,5,16.9510407151905
"488",88,5,17.2908574587966
"489",89,5,16.7567017366772
"490",90,5,16.5753741501552
"491",91,5,16.6085797705408
"492",92,5,15.8708761048298
"493",93,5,16.7604820029819
"494",94,5,16.7096274390793
"495",95,5,16.2265040343144
"496",96,5,16.9322662552053
"497",97,5,16.2568120205711
"498",98,5,16.2254679706484
"499",99,5,16.5394467296847
"500",100,5,16.5902986221891
"501",1,6,8.23330344955015
"502",2,6,8.30496456285245
"503",3,6,7.82867356748081
"504",4,6,7.7161670120589
"505",5,6,7.77256859000281
"506",6,6,0
"507",7,6,7.58921021604867
"508",8,6,7.97426430070412
"509",9,6,8.11591063495722
"510",10,6,8.61180411677216
"511",11,6,8.63122369962974
"512",12,6,8.5424983249562
"513",13,6,8.5747683189768
"514",14,6,8.33819004688128
"515",15,6,9.03545182637379
"516",16,6,8.29183108806106
"517",17,6,8.00133543032018
"518",18,6,8.32370238507559
"519",19,6,8.62056702878687
"520",20,6,8.40202971481406
"521",21,6,8.45191215684244
"522",22,6,8.51320098363633
"523",23,6,8.1030539186446
"524",24,6,8.64805814815889
"525",25,6,8.38317217814813
"526",26,6,9.06726379828191
"527",27,6,8.15766934818467
"528",28,6,7.79991633383826
"529",29,6,8.72570447226382
"530",30,6,8.6816247099447
"531",31,6,8.31544392167109
"532",32,6,8.53507158752691
"533",33,6,8.6446419413805
"534",34,6,8.35671075191022
"535",35,6,8.41135186364975
"536",36,6,9.08818147407895
"537",37,6,9.55208661684195
"538",38,6,9.17269459104816
"539",39,6,8.509649810025
"540",40,6,8.7450105340135
"541",41,6,8.72794504401629
"542",42,6,8.65342083527718
"543",43,6,8.34248228333629
"544",44,6,8.90976779787765
"545",45,6,8.78469468214787
"546",46,6,8.79477536869919
"547",47,6,8.78920806437785
"548",48,6,8.38740342843401
"549",49,6,8.36388312276925
"550",50,6,8.43657408339641
"551",51,6,16.9426884674077
"552",52,6,16.2623909812885
"553",53,6,16.505481755454
"554",54,6,15.8767495135535
"555",55,6,16.264920035136
"556",56,6,16.3460601754713
"557",57,6,16.1068805682318
"558",58,6,16.7081768453818
"559",59,6,16.522480438101
"560",60,6,16.4939322749834
"561",61,6,16.5236823317434
"562",62,6,16.8376451229034
"563",63,6,16.5906379914801
"564",64,6,17.0068219302006
"565",65,6,17.0262840049906
"566",66,6,17.1794128731103
"567",67,6,16.9626637520965
"568",68,6,17.4451453880892
"569",69,6,16.5651050388805
"570",70,6,17.1610899269962
"571",71,6,16.8449496909855
"572",72,6,17.3921964443119
"573",73,6,16.832428000489
"574",74,6,17.3639018969287
"575",75,6,17.5010373896726
"576",76,6,16.6643895093381
"577",77,6,16.9999291484761
"578",78,6,16.1704504591906
"579",79,6,17.0618095101888
"580",80,6,17.0559876145683
"581",81,6,17.3029557801881
"582",82,6,17.0794920918072
"583",83,6,17.0841434084385
"584",84,6,18.0387186614139
"585",85,6,17.0781124347033
"586",86,6,17.4773161153523
"587",87,6,17.0331527623283
"588",88,6,17.5183498815391
"589",89,6,16.6199615781572
"590",90,6,16.4191839498999
"591",91,6,16.3040278304739
"592",92,6,15.8277558164199
"593",93,6,16.689124900976
"594",94,6,16.7470391035462
"595",95,6,16.1809947420276
"596",96,6,16.645666350445
"597",97,6,16.2788930067693
"598",98,6,16.2415350420737
"599",99,6,16.5582497733231
"600",100,6,16.7304231485635
"601",1,7,8.25849624109954
"602",2,7,8.58020876547679
"603",3,7,8.06594725183653
"604",4,7,8.00560680878918
"605",5,7,7.60398261800783
"606",6,7,7.58921021604867
"607",7,7,0
"608",8,7,7.74928964752457
"609",9,7,8.34660580370155
"610",10,7,8.49624621354712
"611",11,7,8.46256485932169
"612",12,7,8.86654915769628
"613",13,7,8.87162012909707
"614",14,7,8.66844638181299
"615",15,7,9.31138716001797
"616",16,7,8.53861766642504
"617",17,7,8.20370773293788
"618",18,7,8.30057529409767
"619",19,7,8.66134573675709
"620",20,7,8.39824434686973
"621",21,7,8.41433822682739
"622",22,7,8.6018623606217
"623",23,7,8.70822840002104
"624",24,7,8.71252303562233
"625",25,7,8.42618458034654
"626",26,7,8.84618880296255
"627",27,7,8.38563643900626
"628",28,7,8.15627999006091
"629",29,7,8.71145734410018
"630",30,7,8.99159648614042
"631",31,7,8.35797392424241
"632",32,7,8.4807969750819
"633",33,7,8.57883766819631
"634",34,7,8.44988073384664
"635",35,7,8.63260958344119
"636",36,7,9.30936019224521
"637",37,7,9.42472341801633
"638",38,7,9.18450066048278
"639",39,7,8.56389517740827
"640",40,7,9.14337939540596
"641",41,7,8.51812932737929
"642",42,7,8.80368865101952
"643",43,7,8.92436020491024
"644",44,7,9.23952288528134
"645",45,7,8.83773857139552
"646",46,7,8.87288270693062
"647",47,7,8.85276106673265
"648",48,7,8.69067122752554
"649",49,7,8.85998296348069
"650",50,7,8.42107735332102
"651",51,7,17.2052671522744
"652",52,7,16.5543160621744
"653",53,7,16.7858545636188
"654",54,7,16.24803190176
"655",55,7,16.5880049512058
"656",56,7,16.4973932311067
"657",57,7,16.3346862919379
"658",58,7,16.9288770248805
"659",59,7,16.7785960412106
"660",60,7,16.7550846332515
"661",61,7,16.7255147041391
"662",62,7,17.0917670907838
"663",63,7,16.8669827809994
"664",64,7,17.178797470762
"665",65,7,17.1416898430153
"666",66,7,17.6456538084594
"667",67,7,17.0635475335844
"668",68,7,17.6316386705758
"669",69,7,16.668955831786
"670",70,7,17.3663580445483
"671",71,7,17.0403253424603
"672",72,7,17.3309126285486
"673",73,7,16.8760669280748
"674",74,7,17.6220818558897
"675",75,7,17.507400773566
"676",76,7,16.7452422132576
"677",77,7,17.3536594758654
"678",78,7,16.3078433298883
"679",79,7,17.123462716349
"680",80,7,17.1390628825885
"681",81,7,17.4702638270411
"682",82,7,17.1990031243336
"683",83,7,17.2313618985357
"684",84,7,17.9695313650591
"685",85,7,17.1546204714376
"686",86,7,17.4644832686006
"687",87,7,17.1433303750654
"688",88,7,17.519582809769
"689",89,7,16.7687874334431
"690",90,7,16.6961316220831
"691",91,7,16.6332775185425
"692",92,7,16.1135589039163
"693",93,7,16.9870466440071
"694",94,7,16.8357909883099
"695",95,7,16.2762239698524
"696",96,7,16.8974400207055
"697",97,7,16.344038164349
"698",98,7,16.3912332316209
"699",99,7,16.7041210426451
"700",100,7,16.6099777583925
"701",1,8,8.09393172314568
"702",2,8,8.64906987759526
"703",3,8,8.11006837197519
"704",4,8,7.88744702550444
"705",5,8,8.54296652616792
"706",6,8,7.97426430070412
"707",7,8,7.74928964752457
"708",8,8,0
"709",9,8,7.8096696627746
"710",10,8,7.88769457823572
"711",11,8,8.38208882400961
"712",12,8,8.57670042322857
"713",13,8,8.50774457010885
"714",14,8,8.3589226899629
"715",15,8,8.66910643542693
"716",16,8,8.69839890887
"717",17,8,7.86670839747446
"718",18,8,8.40338613906795
"719",19,8,8.79382034131072
"720",20,8,8.09140088429656
"721",21,8,8.25182543731871
"722",22,8,8.63975292720029
"723",23,8,8.52358208164228
"724",24,8,8.55391861051073
"725",25,8,8.27615463338402
"726",26,8,8.66394366523895
"727",27,8,8.16940311737242
"728",28,8,7.98853404073201
"729",29,8,8.64072576728589
"730",30,8,9.29023648422673
"731",31,8,8.22941727002237
"732",32,8,8.34232850771358
"733",33,8,9.05492138598409
"734",34,8,8.63849139191505
"735",35,8,8.61418253441469
"736",36,8,9.09139917222738
"737",37,8,9.79218906600312
"738",38,8,8.84915027176235
"739",39,8,8.30314402460548
"740",40,8,9.06771952316883
"741",41,8,8.43874003295475
"742",42,8,8.29376133637614
"743",43,8,8.72670716967944
"744",44,8,9.24308592558529
"745",45,8,9.10574835971705
"746",46,8,8.88998459626015
"747",47,8,8.49981696223335
"748",48,8,8.05749927451089
"749",49,8,8.62395473410326
"750",50,8,8.25597850002129
"751",51,8,16.892470007992
"752",52,8,16.3536164549572
"753",53,8,16.4731234959086
"754",54,8,16.054992342204
"755",55,8,16.514801832096
"756",56,8,16.3632228071493
"757",57,8,16.2146271664337
"758",58,8,16.86306138634
"759",59,8,16.566963288081
"760",60,8,16.5724339832315
"761",61,8,16.5317883331041
"762",62,8,16.9472985390845
"763",63,8,16.640857451131
"764",64,8,16.9925972141819
"765",65,8,17.1849289982797
"766",66,8,17.5966364146532
"767",67,8,17.0435192451787
"768",68,8,17.6501691728381
"769",69,8,16.7585419622367
"770",70,8,17.2015659237206
"771",71,8,16.8041977587779
"772",72,8,17.4958832675904
"773",73,8,16.8816001361443
"774",74,8,17.5291258639654
"775",75,8,17.4661721090417
"776",76,8,16.736993433658
"777",77,8,17.1544078138309
"778",78,8,16.1589357088236
"779",79,8,17.0856075547998
"780",80,8,17.0606278119746
"781",81,8,17.3136045877553
"782",82,8,17.0794303157334
"783",83,8,17.084987243932
"784",84,8,18.0924028062124
"785",85,8,17.0355066194778
"786",86,8,17.4079758909711
"787",87,8,17.1046424736853
"788",88,8,17.497881553287
"789",89,8,16.680730527737
"790",90,8,16.6031407691176
"791",91,8,16.4416790498176
"792",92,8,16.056905322943
"793",93,8,16.7987313080739
"794",94,8,16.9509403188398
"795",95,8,16.243746195349
"796",96,8,17.0160296022117
"797",97,8,16.4130319295618
"798",98,8,16.2049982844154
"799",99,8,16.491271717294
"800",100,8,16.5645681697688
"801",1,9,8.47947274331358
"802",2,9,8.42334563992641
"803",3,9,8.58041929519966
"804",4,9,8.21255189567536
"805",5,9,8.73320303271112
"806",6,9,8.11591063495722
"807",7,9,8.34660580370155
"808",8,9,7.8096696627746
"809",9,9,0
"810",10,9,8.53559459066845
"811",11,9,8.11780743601858
"812",12,9,8.96701173803081
"813",13,9,8.69167352292129
"814",14,9,8.26013152514865
"815",15,9,8.7567512194596
"816",16,9,8.96237449874278
"817",17,9,8.30575484707789
"818",18,9,8.37369414934872
"819",19,9,8.6693244050455
"820",20,9,8.43610626615347
"821",21,9,8.05017924452329
"822",22,9,8.10642974934905
"823",23,9,8.27740909276943
"824",24,9,8.45319563959595
"825",25,9,8.48030452209409
"826",26,9,8.11398994064582
"827",27,9,7.75192840426762
"828",28,9,7.73861315020668
"829",29,9,8.30449908316843
"830",30,9,8.77335619548312
"831",31,9,8.72363494926643
"832",32,9,8.51016997400876
"833",33,9,8.8149609988242
"834",34,9,8.71396294410491
"835",35,9,8.60318369260799
"836",36,9,8.97334089423293
"837",37,9,9.39528547536245
"838",38,9,8.6080853616506
"839",39,9,8.36251282447564
"840",40,9,8.49159543339608
"841",41,9,8.74853538932607
"842",42,9,8.64519408931793
"843",43,9,9.28756846247999
"844",44,9,9.1726928161299
"845",45,9,8.99282646870017
"846",46,9,8.36692554123992
"847",47,9,8.99531498263082
"848",48,9,8.52767677821416
"849",49,9,8.61485823179564
"850",50,9,8.30879226836601
"851",51,9,17.3288197500204
"852",52,9,16.841388020101
"853",53,9,17.1464498441546
"854",54,9,16.5390235880503
"855",55,9,16.8293732791177
"856",56,9,16.8091450259933
"857",57,9,16.7444425773981
"858",58,9,17.2215732064438
"859",59,9,17.0090905964216
"860",60,9,16.9477479030354
"861",61,9,16.749988685208
"862",62,9,17.2901684059602
"863",63,9,17.061481510894
"864",64,9,17.2807400494695
"865",65,9,17.4954472421175
"866",66,9,17.9000345758827
"867",67,9,17.310504321666
"868",68,9,17.8255171461903
"869",69,9,16.9696080740573
"870",70,9,17.5560691159495
"871",71,9,17.2522781677543
"872",72,9,17.6555766747741
"873",73,9,17.3021148417635
"874",74,9,17.8778423744207
"875",75,9,17.8008708568601
"876",76,9,17.0456871332502
"877",77,9,17.5211987636121
"878",78,9,16.5033421570904
"879",79,9,17.2945820357602
"880",80,9,17.352435026936
"881",81,9,17.6700995806584
"882",82,9,17.3120718084337
"883",83,9,17.3292744486396
"884",84,9,18.2119832475051
"885",85,9,17.4216723154631
"886",86,9,17.7092683876082
"887",87,9,17.3338024636611
"888",88,9,17.6949967236346
"889",89,9,16.8137052272305
"890",90,9,16.8464228052523
"891",91,9,16.7996817114975
"892",92,9,16.4093910011366
"893",93,9,17.09443669914
"894",94,9,17.1761756280723
"895",95,9,16.6281620169966
"896",96,9,17.2086606180924
"897",97,9,16.6850079626891
"898",98,9,16.6021531604757
"899",99,9,16.8674404187749
"900",100,9,16.9032826744049
"901",1,10,8.450153980905
"902",2,10,9.0790927745434
"903",3,10,9.11473046773984
"904",4,10,8.14280696679083
"905",5,10,8.87657401727732
"906",6,10,8.61180411677216
"907",7,10,8.49624621354712
"908",8,10,7.88769457823572
"909",9,10,8.53559459066845
"910",10,10,0
"911",11,10,8.44878877096841
"912",12,10,8.61618860657486
"913",13,10,8.34077202230905
"914",14,10,8.53434883919653
"915",15,10,8.98897916659937
"916",16,10,8.63993684686845
"917",17,10,7.97748061266856
"918",18,10,8.63220018004894
"919",19,10,8.7117567962688
"920",20,10,8.30106711425663
"921",21,10,8.39590748761081
"922",22,10,8.861406680735
"923",23,10,8.82926737306094
"924",24,10,8.49772093021197
"925",25,10,8.38712515059182
"926",26,10,8.88371419641767
"927",27,10,8.43663691843785
"928",28,10,8.44892807093697
"929",29,10,9.14565902707126
"930",30,10,9.70254840676173
"931",31,10,8.53115783352852
"932",32,10,8.63692125144238
"933",33,10,9.01470679899878
"934",34,10,8.71277784016026
"935",35,10,8.87446370075046
"936",36,10,9.30503474919822
"937",37,10,9.74034484288186
"938",38,10,9.19091284450223
"939",39,10,8.85556994207657
"940",40,10,9.26914724378729
"941",41,10,8.43165811069981
"942",42,10,8.96780106969786
"943",43,10,8.96089883753201
"944",44,10,9.52738263131736
"945",45,10,9.16462167627857
"946",46,10,9.30391404619454
"947",47,10,8.09426421631591
"948",48,10,8.26175464192881
"949",49,10,9.18255380549869
"950",50,10,8.65971839545383
"951",51,10,16.9198687977903
"952",52,10,16.4909537982021
"953",53,10,16.5956009621817
"954",54,10,15.9508333416937
"955",55,10,16.5828509456834
"956",56,10,16.3408670124665
"957",57,10,16.432330914082
"958",58,10,16.724909002767
"959",59,10,16.6167021048142
"960",60,10,16.6022696787239
"961",61,10,16.5909758588925
"962",62,10,16.9173542786842
"963",63,10,16.6644696826139
"964",64,10,17.1393519591558
"965",65,10,17.1271341387493
"966",66,10,17.5795316929231
"967",67,10,16.9577339477486
"968",68,10,17.5086954803588
"969",69,10,16.7506861532742
"970",70,10,17.3326195962419
"971",71,10,16.7976072312011
"972",72,10,17.2658966311522
"973",73,10,16.923211727623
"974",74,10,17.5862950107021
"975",75,10,17.6338097393994
"976",76,10,16.7893328767764
"977",77,10,17.3108637678458
"978",78,10,16.2882957141536
"979",79,10,17.0740315919774
"980",80,10,16.9740886491749
"981",81,10,17.3922742241775
"982",82,10,16.8753841063952
"983",83,10,17.1273104727102
"984",84,10,18.162852824269
"985",85,10,17.0095677529205
"986",86,10,17.3354871359081
"987",87,10,17.0262783124993
"988",88,10,17.3372958077056
"989",89,10,16.6243629366331
"990",90,10,16.7445515559054
"991",91,10,16.641517146584
"992",92,10,16.0337719677877
"993",93,10,16.8745606646802
"994",94,10,16.7525704495062
"995",95,10,16.3774125680153
"996",96,10,17.0675294657382
"997",97,10,16.2712987576203
"998",98,10,16.2610751220493
"999",99,10,16.5596453768066
"1000",100,10,16.627391939944
"1001",1,11,8.84820487441154
"1002",2,11,9.04653520109547
"1003",3,11,9.19413487301809
"1004",4,11,8.41721598584478
"1005",5,11,8.94353580295696
"1006",6,11,8.63122369962974
"1007",7,11,8.46256485932169
"1008",8,11,8.38208882400961
"1009",9,11,8.11780743601858
"1010",10,11,8.44878877096841
"1011",11,11,0
"1012",12,11,8.51092774997674
"1013",13,11,9.04804575164998
"1014",14,11,8.83133971286595
"1015",15,11,9.25178739602574
"1016",16,11,8.89122730114908
"1017",17,11,8.23060849059046
"1018",18,11,8.75419707866527
"1019",19,11,9.1142742456085
"1020",20,11,8.61263537863248
"1021",21,11,8.51825254607411
"1022",22,11,8.68368186700626
"1023",23,11,8.72114315994722
"1024",24,11,8.76514950639466
"1025",25,11,8.66324363350805
"1026",26,11,9.14021197763799
"1027",27,11,8.56636856244517
"1028",28,11,8.44420692705066
"1029",29,11,9.18495738808906
"1030",30,11,9.17840484277404
"1031",31,11,8.93295341686767
"1032",32,11,8.85092783385769
"1033",33,11,8.79219927943946
"1034",34,11,8.76302665592447
"1035",35,11,8.99083549060969
"1036",36,11,9.2887276395777
"1037",37,11,9.82114317063916
"1038",38,11,9.10073503329049
"1039",39,11,8.96631519721954
"1040",40,11,8.96953512705298
"1041",41,11,8.94408801124714
"1042",42,11,9.32749240699384
"1043",43,11,8.93093187268699
"1044",44,11,9.64933355433857
"1045",45,11,9.32005522183859
"1046",46,11,8.86866310456332
"1047",47,11,8.94325147597981
"1048",48,11,8.5844635558108
"1049",49,11,9.00735315305991
"1050",50,11,9.00174913762078
"1051",51,11,17.6078794247442
"1052",52,11,17.0305362815113
"1053",53,11,17.0875190999433
"1054",54,11,16.4607511702957
"1055",55,11,16.9417309573916
"1056",56,11,17.0013439619773
"1057",57,11,16.8223916241701
"1058",58,11,17.4613508667084
"1059",59,11,17.1339901364247
"1060",60,11,17.1253001578262
"1061",61,11,16.9950523038516
"1062",62,11,17.4567578256182
"1063",63,11,17.1987024057394
"1064",64,11,17.481400266041
"1065",65,11,17.5903174369736
"1066",66,11,17.9993897166113
"1067",67,11,17.4195281583095
"1068",68,11,17.9160990032784
"1069",69,11,17.228598979211
"1070",70,11,17.7384500385918
"1071",71,11,17.4111674490758
"1072",72,11,17.6846033022795
"1073",73,11,17.458443753152
"1074",74,11,18.0789277282321
"1075",75,11,18.0503218487554
"1076",76,11,17.2827836243581
"1077",77,11,17.7651348133838
"1078",78,11,16.7405577955539
"1079",79,11,17.6425563233461
"1080",80,11,17.7196745743981
"1081",81,11,17.8482777122903
"1082",82,11,17.5186729200984
"1083",83,11,17.7111400239486
"1084",84,11,18.4953211378011
"1085",85,11,17.6735329880078
"1086",86,11,17.9482922427209
"1087",87,11,17.6808714056275
"1088",88,11,17.9645638327654
"1089",89,11,17.130280311395
"1090",90,11,17.2451055973276
"1091",91,11,17.1897418514007
"1092",92,11,16.6819997702514
"1093",93,11,17.3017005680855
"1094",94,11,17.5991903190085
"1095",95,11,16.9854254345515
"1096",96,11,17.4254526685929
"1097",97,11,16.9343571011351
"1098",98,11,16.7559098883803
"1099",99,11,17.1319546288471
"1100",100,11,17.1674395487293
"1101",1,12,8.82493819459574
"1102",2,12,9.17767641147023
"1103",3,12,8.88381740389036
"1104",4,12,8.45569027447489
"1105",5,12,8.82741001618361
"1106",6,12,8.5424983249562
"1107",7,12,8.86654915769628
"1108",8,12,8.57670042322857
"1109",9,12,8.96701173803081
"1110",10,12,8.61618860657486
"1111",11,12,8.51092774997674
"1112",12,12,0
"1113",13,12,8.04529780190036
"1114",14,12,8.4159362041165
"1115",15,12,9.250498019426
"1116",16,12,8.68180722499198
"1117",17,12,8.22380671058913
"1118",18,12,8.54209878177517
"1119",19,12,8.74538259944947
"1120",20,12,8.74177378924916
"1121",21,12,8.46089883827915
"1122",22,12,9.40280550452209
"1123",23,12,8.86573903497498
"1124",24,12,8.75813025343305
"1125",25,12,8.75301372852625
"1126",26,12,9.30594772400677
"1127",27,12,8.74921944306334
"1128",28,12,8.26907974038458
"1129",29,12,8.81828932829378
"1130",30,12,9.52611407863414
"1131",31,12,8.78981070754756
"1132",32,12,8.90655549785747
"1133",33,12,9.21817534171159
"1134",34,12,8.70395589326968
"1135",35,12,8.89806651743354
"1136",36,12,9.38784622727609
"1137",37,12,10.0681310552234
"1138",38,12,9.35401746214555
"1139",39,12,8.98484010040776
"1140",40,12,9.22761204955654
"1141",41,12,8.95445706891697
"1142",42,12,9.41168352499171
"1143",43,12,9.09000494891965
"1144",44,12,9.88002554763756
"1145",45,12,9.13662090088211
"1146",46,12,9.43776982019518
"1147",47,12,8.87400301443174
"1148",48,12,8.72772442019169
"1149",49,12,9.31805203000247
"1150",50,12,9.09465629201228
"1151",51,12,17.4075867040495
"1152",52,12,16.7865541709067
"1153",53,12,16.9275047054312
"1154",54,12,16.4473177015631
"1155",55,12,16.9020827673714
"1156",56,12,16.9043685806926
"1157",57,12,16.6720805945205
"1158",58,12,17.2612202330268
"1159",59,12,17.1159845934299
"1160",60,12,17.0294141304176
"1161",61,12,16.9780396026369
"1162",62,12,17.2730452834534
"1163",63,12,17.1376308969081
"1164",64,12,17.4112281341667
"1165",65,12,17.485917701897
"1166",66,12,17.8542342643244
"1167",67,12,17.5808395539025
"1168",68,12,18.0231563703377
"1169",69,12,17.1309863818205
"1170",70,12,17.7997774292988
"1171",71,12,17.3211692909836
"1172",72,12,17.7445887697122
"1173",73,12,17.2379168411316
"1174",74,12,17.9865083342531
"1175",75,12,18.0521414717333
"1176",76,12,17.0818033678485
"1177",77,12,17.5798188521975
"1178",78,12,16.5969312993411
"1179",79,12,17.639300450752
"1180",80,12,17.4514313002234
"1181",81,12,17.8549582594117
"1182",82,12,17.4043069870534
"1183",83,12,17.6104866007329
"1184",84,12,18.4727133978128
"1185",85,12,17.4423131906047
"1186",86,12,17.7314169807
"1187",87,12,17.4691298836799
"1188",88,12,17.8986134996119
"1189",89,12,17.0717572769027
"1190",90,12,17.0326972719255
"1191",91,12,16.9556217398488
"1192",92,12,16.3592685214301
"1193",93,12,17.2021367109268
"1194",94,12,17.2269871946781
"1195",95,12,16.5936709055801
"1196",96,12,17.3073083843451
"1197",97,12,16.7977333060501
"1198",98,12,16.8033418989021
"1199",99,12,17.0617503112685
"1200",100,12,17.0407356536068
"1201",1,13,8.5587716092037
"1202",2,13,9.04825182132777
"1203",3,13,8.82539503219961
"1204",4,13,8.38495595159238
"1205",5,13,9.00564140269281
"1206",6,13,8.5747683189768
"1207",7,13,8.87162012909707
"1208",8,13,8.50774457010885
"1209",9,13,8.69167352292129
"1210",10,13,8.34077202230905
"1211",11,13,9.04804575164998
"1212",12,13,8.04529780190036
"1213",13,13,0
"1214",14,13,7.98884305723243
"1215",15,13,8.464364856194
"1216",16,13,8.65890664774461
"1217",17,13,8.24864430585063
"1218",18,13,8.85756930184322
"1219",19,13,8.98864560818379
"1220",20,13,8.67212812874635
"1221",21,13,8.54392529444012
"1222",22,13,9.22749341320807
"1223",23,13,9.07310947802989
"1224",24,13,8.96652661822518
"1225",25,13,8.70734027826665
"1226",26,13,9.07525413766175
"1227",27,13,8.5277663042877
"1228",28,13,8.2636770385044
"1229",29,13,8.96859406032288
"1230",30,13,9.62213293340844
"1231",31,13,8.69792784299224
"1232",32,13,8.65433955393663
"1233",33,13,9.44071969898428
"1234",34,13,8.99258790134847
"1235",35,13,9.18650605605535
"1236",36,13,9.58725164042229
"1237",37,13,10.0025260046829
"1238",38,13,9.34428371824595
"1239",39,13,8.64170339159412
"1240",40,13,9.04012380797048
"1241",41,13,8.64438141981468
"1242",42,13,9.04547102686409
"1243",43,13,9.02867592188884
"1244",44,13,9.49852416644052
"1245",45,13,9.05348127480854
"1246",46,13,9.23383535729624
"1247",47,13,8.71355829327607
"1248",48,13,8.67712518088257
"1249",49,13,8.97657496312522
"1250",50,13,8.68022696968092
"1251",51,13,17.08628516032
"1252",52,13,16.6069911878731
"1253",53,13,16.7110520799784
"1254",54,13,16.2479260355607
"1255",55,13,16.5568320153655
"1256",56,13,16.5062230403198
"1257",57,13,16.4697316463649
"1258",58,13,16.8470042879423
"1259",59,13,16.5895452953128
"1260",60,13,16.621200065649
"1261",61,13,16.667925788341
"1262",62,13,16.8031967345223
"1263",63,13,16.6870644042758
"1264",64,13,17.2083456162837
"1265",65,13,17.1833684665391
"1266",66,13,17.549317893943
"1267",67,13,17.1199006531127
"1268",68,13,17.4828661407866
"1269",69,13,16.7181730478012
"1270",70,13,17.2521086412504
"1271",71,13,17.0179341913655
"1272",72,13,17.4301954848856
"1273",73,13,17.0262407494621
"1274",74,13,17.5843800646484
"1275",75,13,17.5651111350316
"1276",76,13,16.7048373839296
"1277",77,13,17.3341221882042
"1278",78,13,16.3182055429896
"1279",79,13,17.1143354810845
"1280",80,13,17.0010955374636
"1281",81,13,17.3582859783507
"1282",82,13,16.8890939197715
"1283",83,13,17.1868612228338
"1284",84,13,18.0421334987929
"1285",85,13,16.9872091769374
"1286",86,13,17.5143884898902
"1287",87,13,16.9894264784752
"1288",88,13,17.4202030921145
"1289",89,13,16.7284544374252
"1290",90,13,16.5883995469336
"1291",91,13,16.5565860706186
"1292",92,13,16.0297741130839
"1293",93,13,16.7711787609513
"1294",94,13,16.6842227410611
"1295",95,13,16.2157949893667
"1296",96,13,17.0246237884282
"1297",97,13,16.4656317145848
"1298",98,13,16.3384174745265
"1299",99,13,16.6155993069601
"1300",100,13,16.5887029471137
"1301",1,14,8.26700165981738
"1302",2,14,8.40457414701001
"1303",3,14,8.39929207467157
"1304",4,14,8.21376455527016
"1305",5,14,8.50151652779476
"1306",6,14,8.33819004688128
"1307",7,14,8.66844638181299
"1308",8,14,8.3589226899629
"1309",9,14,8.26013152514865
"1310",10,14,8.53434883919653
"1311",11,14,8.83133971286595
"1312",12,14,8.4159362041165
"1313",13,14,7.98884305723243
"1314",14,14,0
"1315",15,14,7.92143419034033
"1316",16,14,8.63864722969654
"1317",17,14,8.04343675578165
"1318",18,14,8.65512612600637
"1319",19,14,8.95963779641232
"1320",20,14,8.2543527812942
"1321",21,14,8.35413191998037
"1322",22,14,8.81268302033287
"1323",23,14,8.61135769612014
"1324",24,14,8.85587626828668
"1325",25,14,8.53325692673748
"1326",26,14,9.10088135870075
"1327",27,14,8.26330343974321
"1328",28,14,8.17395807723591
"1329",29,14,8.66160596545702
"1330",30,14,9.81476996994107
"1331",31,14,8.40063008171459
"1332",32,14,8.35220023664299
"1333",33,14,9.13237040750066
"1334",34,14,8.64501512463573
"1335",35,14,8.56870984278382
"1336",36,14,9.19497963084507
"1337",37,14,9.25498320556973
"1338",38,14,8.74735603752332
"1339",39,14,8.59517322475161
"1340",40,14,8.79573991934316
"1341",41,14,8.47678742590142
"1342",42,14,9.14467483658997
"1343",43,14,8.76732148504119
"1344",44,14,9.33831209547247
"1345",45,14,8.54625137653624
"1346",46,14,8.742870394239
"1347",47,14,8.66359498223171
"1348",48,14,8.75301603050375
"1349",49,14,8.94982474020561
"1350",50,14,8.55839743458915
"1351",51,14,17.3287730180299
"1352",52,14,16.6360875675318
"1353",53,14,16.9576209559424
"1354",54,14,16.3196759695569
"1355",55,14,16.6781047401122
"1356",56,14,16.5534670420586
"1357",57,14,16.4363926132315
"1358",58,14,17.0971291932442
"1359",59,14,16.6546290304528
"1360",60,14,16.7715738669422
"1361",61,14,16.6827176251981
"1362",62,14,16.982276464677
"1363",63,14,16.9410112664668
"1364",64,14,17.2760614089057
"1365",65,14,17.5009124444144
"1366",66,14,17.5590500368575
"1367",67,14,17.2166428828108
"1368",68,14,17.8662845281084
"1369",69,14,16.7950123792271
"1370",70,14,17.4237576670183
"1371",71,14,17.0979819619665
"1372",72,14,17.5732850368412
"1373",73,14,17.0665474511099
"1374",74,14,17.7582097707669
"1375",75,14,17.7669047313135
"1376",76,14,16.9085607283184
"1377",77,14,17.4025130110046
"1378",78,14,16.5127600827516
"1379",79,14,17.3942757626748
"1380",80,14,17.2813582832514
"1381",81,14,17.5525215567789
"1382",82,14,17.1356844209897
"1383",83,14,17.2327913925174
"1384",84,14,18.1500585122728
"1385",85,14,17.3235234256144
"1386",86,14,17.5886656697385
"1387",87,14,17.1821691546501
"1388",88,14,17.5906788186123
"1389",89,14,16.9232781654151
"1390",90,14,16.762735836262
"1391",91,14,16.885567016911
"1392",92,14,16.2106400927437
"1393",93,14,17.0896745870339
"1394",94,14,16.9845823323713
"1395",95,14,16.45550988698
"1396",96,14,17.1824335244924
"1397",97,14,16.6183089176477
"1398",98,14,16.4658089466628
"1399",99,14,16.6260575908955
"1400",100,14,16.7720573838841
"1401",1,15,8.75815980541325
"1402",2,15,9.13701205772341
"1403",3,15,9.21540677935593
"1404",4,15,8.76514517624541
"1405",5,15,9.15645336904504
"1406",6,15,9.03545182637379
"1407",7,15,9.31138716001797
"1408",8,15,8.66910643542693
"1409",9,15,8.7567512194596
"1410",10,15,8.98897916659937
"1411",11,15,9.25178739602574
"1412",12,15,9.250498019426
"1413",13,15,8.464364856194
"1414",14,15,7.92143419034033
"1415",15,15,0
"1416",16,15,8.43429718559238
