"","row","col","value"
"1",1,1,0
"2",2,1,8.29582917628528
"3",3,1,8.27967356205403
"4",4,1,8.14238812555539
"5",5,1,8.41696392895699
"6",6,1,8.23330344955015
"7",7,1,8.25849624109954
"8",8,1,8.09393172314568
"9",9,1,8.47947274331358
"10",10,1,8.450153980905
"11",11,1,8.84820487441154
"12",12,1,8.82493819459574
"13",13,1,8.5587716092037
"14",14,1,8.26700165981738
"15",15,1,8.75815980541325
"16",16,1,8.6863929662858
"17",17,1,8.22497572315995
"18",18,1,8.79804790840874
"19",19,1,8.91741378762952
"20",20,1,8.28783197084419
"21",21,1,8.40336311484534
"22",22,1,8.9225388262503
"23",23,1,8.74573114592642
"24",24,1,8.56760050295492
"25",25,1,8.20938190329478
"26",26,1,8.89631135851167
"27",27,1,8.22881580346874
"28",28,1,8.25481499968699
"29",29,1,8.83080904874882
"30",30,1,9.52559443086059
"31",31,1,8.34432671793543
"32",32,1,8.48326584183966
"33",33,1,8.95724964520314
"34",34,1,8.50163732549433
"35",35,1,8.55430897254526
"36",36,1,9.19901432956344
"37",37,1,9.73339139364177
"38",38,1,8.98449742695514
"39",39,1,8.42269695584639
"40",40,1,9.2819323241192
"41",41,1,8.7776825964994
"42",42,1,8.90916229360636
"43",43,1,8.79105725799568
"44",44,1,9.77439899020359
"45",45,1,8.86069518859165
"46",46,1,9.17825843623634
"47",47,1,8.55922291787754
"48",48,1,8.2670454313105
"49",49,1,8.97661065907005
"50",50,1,8.13406005844756
"51",51,1,16.1963524610633
"52",52,1,16.6832467242681
"53",53,1,16.9787303257038
"54",54,1,15.7125967669509
"55",55,1,15.7881987406933
"56",56,1,16.9662773759155
"57",57,1,16.5450166458237
"58",58,1,15.5688344796106
"59",59,1,15.9054033173491
"60",60,1,15.6548497708684
"61",61,1,16.0822499089471
"62",62,1,15.4937673455894
"63",63,1,15.7710551268468
"64",64,1,17.0986100642426
"65",65,1,16.093702921926
"66",66,1,16.0871449287416
"67",67,1,15.9932896584549
"68",68,1,15.4797993915693
"69",69,1,16.9080770708154
"70",70,1,15.7829335788445
"71",71,1,15.3712455172897
"72",72,1,16.8158134406596
"73",73,1,16.8058631511427
"74",74,1,19.8125154912882
"75",75,1,16.5441423725409
"76",76,1,16.7421972609986
"77",77,1,18.2428984549805
"78",78,1,16.3940789845294
"79",79,1,16.4579909100084
"80",80,1,17.5466093681091
"81",81,1,16.847171834521
"82",82,1,16.4813262307491
"83",83,1,19.0554435189188
"84",84,1,16.2891951782443
"85",85,1,17.5927804335903
"86",86,1,18.93004998991
"87",87,1,17.1154920207952
"88",88,1,19.1057771815506
"89",89,1,16.5608092555309
"90",90,1,16.2519615814006
"91",91,1,16.5257807991987
"92",92,1,16.6512001899519
"93",93,1,16.0755972103448
"94",94,1,16.6650737589001
"95",95,1,16.5716624862962
"96",96,1,17.2575690337664
"97",97,1,16.5224864836785
"98",98,1,16.0086485303201
"99",99,1,17.2509970592975
"100",100,1,16.3450458513396
"101",1,2,8.29582917628528
"102",2,2,0
"103",3,2,8.20285727062994
"104",4,2,8.61188283315939
"105",5,2,8.54635543114281
"106",6,2,8.30496456285245
"107",7,2,8.58020876547679
"108",8,2,8.64906987759526
"109",9,2,8.42334563992641
"110",10,2,9.0790927745434
"111",11,2,9.04653520109547
"112",12,2,9.17767641147023
"113",13,2,9.04825182132777
"114",14,2,8.40457414701001
"115",15,2,9.13701205772341
"116",16,2,8.64104970327713
"117",17,2,8.44206749430063
"118",18,2,8.68320855949546
"119",19,2,8.89126537198978
"120",20,2,8.63690558730373
"121",21,2,8.44771430885591
"122",22,2,8.84970027005322
"123",23,2,8.70282347420436
"124",24,2,8.97977540405936
"125",25,2,8.74821881495402
"126",26,2,9.24713862181921
"127",27,2,8.60624485030645
"128",28,2,8.61023688646793
"129",29,2,8.92529001877578
"130",30,2,9.22642053997578
"131",31,2,8.86761492455109
"132",32,2,8.60857679770728
"133",33,2,8.85398218243939
"134",34,2,9.04566367892521
"135",35,2,8.48263326861064
"136",36,2,9.28911404012058
"137",37,2,9.29072018444421
"138",38,2,9.07953053387051
"139",39,2,8.56584828144717
"140",40,2,8.82996671723593
"141",41,2,9.07673038977378
"142",42,2,9.1185128946457
"143",43,2,9.00960395213639
"144",44,2,9.59145205035034
"145",45,2,8.82206755430991
"146",46,2,9.02120293348916
"147",47,2,9.18347347630092
"148",48,2,9.07777873287781
"149",49,2,9.06936868896659
"150",50,2,8.79744021387423
"151",51,2,16.9505144577958
"152",52,2,17.5204045431719
"153",53,2,18.0838312746581
"154",54,2,16.5913397514725
"155",55,2,16.556139302868
"156",56,2,18.0366981632031
"157",57,2,17.5090039012989
"158",58,2,16.5674248421023
"159",59,2,16.9834162514227
"160",60,2,16.5559800635586
"161",61,2,16.9847346469857
"162",62,2,16.4978293417556
"163",63,2,16.4589830186098
"164",64,2,18.0156649135788
"165",65,2,16.9247081777077
"166",66,2,16.8098954414544
"167",67,2,16.7638509825141
"168",68,2,16.5133758328499
"169",69,2,17.8255206004455
"170",70,2,16.6893648331055
"171",71,2,16.2490692193117
"172",72,2,17.8585687090343
"173",73,2,17.782561663627
"174",74,2,20.864637248055
"175",75,2,17.3669320668614
"176",76,2,17.6250039333241
"177",77,2,19.043575217626
"178",78,2,17.3640035534035
"179",79,2,17.3421417136311
"180",80,2,18.522086696396
"181",81,2,17.7464972877323
"182",82,2,17.4239758908868
"183",83,2,19.9069428366678
"184",84,2,17.1057962150905
"185",85,2,18.5076921457998
"186",86,2,19.6483104195706
"187",87,2,17.9688641990879
"188",88,2,19.9437341739435
"189",89,2,17.2536281260158
"190",90,2,17.1488564651204
"191",91,2,17.2556677345091
"192",92,2,17.3384052715084
"193",93,2,16.9837705844089
"194",94,2,17.613285437539
"195",95,2,17.4107153651947
"196",96,2,18.1701748605825
"197",97,2,17.3790292172339
"198",98,2,16.8780389592479
"199",99,2,18.2054082210844
"200",100,2,17.1494963165997
"201",1,3,8.27967356205403
"202",2,3,8.20285727062994
"203",3,3,0
"204",4,3,7.94513120347794
"205",5,3,7.95178222649547
"206",6,3,7.82867356748081
"207",7,3,8.06594725183653
"208",8,3,8.11006837197519
"209",9,3,8.58041929519966
"210",10,3,9.11473046773984
"211",11,3,9.19413487301809
"212",12,3,8.88381740389036
"213",13,3,8.82539503219961
"214",14,3,8.39929207467157
"215",15,3,9.21540677935593
"216",16,3,8.87390095626919
"217",17,3,8.56736460058094
"218",18,3,8.69433617000229
"219",19,3,9.15533267245169
"220",20,3,8.6173163875248
"221",21,3,8.74044771684366
"222",22,3,9.1729928267129
"223",23,3,8.85525954100335
"224",24,3,8.93443339160082
"225",25,3,8.59739221408108
"226",26,3,9.25492189527627
"227",27,3,8.43794338205289
"228",28,3,8.50697167693714
"229",29,3,8.77139959548268
"230",30,3,8.96370631906487
"231",31,3,8.60428478399498
"232",32,3,8.59680696581915
"233",33,3,8.89363576954663
"234",34,3,8.60363796943293
"235",35,3,8.78589227523812
"236",36,3,9.33363112204781
"237",37,3,9.75757676488493
"238",38,3,9.46395052814874
"239",39,3,8.6751858043544
"240",40,3,9.06305998819886
"241",41,3,9.0260293811874
"242",42,3,8.97086459880307
"243",43,3,8.70918237752051
"244",44,3,9.23011853436452
"245",45,3,9.10227781827461
"246",46,3,9.08289089272185
"247",47,3,9.05791808101705
"248",48,3,8.61798409787848
"249",49,3,8.92843571313613
"250",50,3,8.58261596321434
"251",51,3,16.3350008176455
"252",52,3,17.0511004854151
"253",53,3,17.3450631068365
"254",54,3,15.9289289625828
"255",55,3,15.8470776993527
"256",56,3,17.2695987336948
"257",57,3,16.8916000020919
"258",58,3,16.1017200933821
"259",59,3,16.3490506607094
"260",60,3,15.8486293283463
"261",61,3,16.3117384529997
"262",62,3,15.6980123331221
"263",63,3,15.9204491877846
"264",64,3,17.3601652686454
"265",65,3,16.1705938610786
"266",66,3,16.1411873852363
"267",67,3,16.0637188753808
"268",68,3,15.5949140649399
"269",69,3,16.8894877046418
"270",70,3,15.915883280409
"271",71,3,15.4560370343715
"272",72,3,17.1801141271141
"273",73,3,16.9827116292012
"274",74,3,20.1633436489807
"275",75,3,16.7026056893943
"276",76,3,17.0202022331587
"277",77,3,18.4547447804737
"278",78,3,16.6316950196814
"279",79,3,16.6531417642935
"280",80,3,17.9127912327725
"281",81,3,17.142538522919
"282",82,3,16.6936243507402
"283",83,3,19.4700255305939
"284",84,3,16.4545666675806
"285",85,3,17.8385304194595
"286",86,3,19.3298014435242
"287",87,3,17.4861335427007
"288",88,3,19.3783118789627
"289",89,3,16.3989825644751
"290",90,3,16.4632384962777
"291",91,3,16.8597891053965
"292",92,3,16.8645912247439
"293",93,3,16.2471652578204
"294",94,3,17.063261918154
"295",95,3,16.8009776092593
"296",96,3,17.5518508847746
"297",97,3,16.8622232641257
"298",98,3,16.3223607386705
"299",99,3,17.7218535009771
"300",100,3,16.7549273053819
"301",1,4,8.14238812555539
"302",2,4,8.61188283315939
"303",3,4,7.94513120347794
"304",4,4,0
"305",5,4,7.71410210628545
"306",6,4,7.7161670120589
"307",7,4,8.00560680878918
"308",8,4,7.88744702550444
"309",9,4,8.21255189567536
"310",10,4,8.14280696679083
"311",11,4,8.41721598584478
"312",12,4,8.45569027447489
"313",13,4,8.38495595159238
"314",14,4,8.21376455527016
"315",15,4,8.76514517624541
"316",16,4,8.4855326546909
"317",17,4,7.93290652306579
"318",18,4,8.30564681404606
"319",19,4,8.65158858481039
"320",20,4,8.10189728074047
"321",21,4,8.30115662875697
"322",22,4,8.78203471482887
"323",23,4,8.50904615600353
"324",24,4,8.50841266166674
"325",25,4,8.27076639607233
"326",26,4,8.91445231782671
"327",27,4,7.8670236326376
"328",28,4,8.08964594354015
"329",29,4,8.75809658292104
"330",30,4,8.91367140796895
"331",31,4,8.08917171706484
"332",32,4,8.05723815757745
"333",33,4,8.86762903927156
"334",34,4,8.29036376357055
"335",35,4,8.12439022205615
"336",36,4,8.47157372621454
"337",37,4,9.56732222752778
"338",38,4,8.84307768876911
"339",39,4,8.40913246371239
"340",40,4,8.96856157841101
"341",41,4,8.55501427389268
"342",42,4,8.63444910557858
"343",43,4,8.63723708790535
"344",44,4,9.09968777569344
"345",45,4,8.49238840153945
"346",46,4,9.03333904966704
"347",47,4,8.57868659482915
"348",48,4,8.06204434123937
"349",49,4,8.97178510562223
"350",50,4,8.48335558119404
"351",51,4,16.436777106155
"352",52,4,17.0020659714056
"353",53,4,17.2295140084948
"354",54,4,16.0279350333871
"355",55,4,15.9562358162861
"356",56,4,17.3719071159271
"357",57,4,16.9314056149154
"358",58,4,15.9871889823162
"359",59,4,16.2265364284691
"360",60,4,15.7243364585667
"361",61,4,16.3444826622316
"362",62,4,15.891791489981
"363",63,4,16.0512432816042
"364",64,4,17.2774590724793
"365",65,4,16.2364557789541
"366",66,4,16.1566860528759
"367",67,4,16.010359120559
"368",68,4,15.6280776914294
"369",69,4,16.9344473588877
"370",70,4,15.9703344828023
"371",71,4,15.578889195851
"372",72,4,17.0620726047397
"373",73,4,16.9566366187053
"374",74,4,20.2021947518424
"375",75,4,16.678597933393
"376",76,4,16.9847256615701
"377",77,4,18.4844848688714
"378",78,4,16.568245950259
"379",79,4,16.6161621237357
"380",80,4,17.8365070471922
"381",81,4,17.1393338537817
"382",82,4,16.795801544474
"383",83,4,19.2190295629963
"384",84,4,16.5368602872152
"385",85,4,17.8517696516243
"386",86,4,19.1332592953749
"387",87,4,17.4392031779934
"388",88,4,19.3486574671146
"389",89,4,16.8968484570778
"390",90,4,16.588257476897
"391",91,4,16.8453548288672
"392",92,4,16.9338891376333
"393",93,4,16.3784996121909
"394",94,4,16.9143735396195
"395",95,4,16.8728397850359
"396",96,4,17.431647023976
"397",97,4,16.6641610530155
"398",98,4,16.4304001096929
"399",99,4,17.6470801834336
"400",100,4,16.784660451554
"401",1,5,8.41696392895699
"402",2,5,8.54635543114281
"403",3,5,7.95178222649547
"404",4,5,7.71410210628545
"405",5,5,0
"406",6,5,7.77256859000281
"407",7,5,7.60398261800783
"408",8,5,8.54296652616792
"409",9,5,8.73320303271112
"410",10,5,8.87657401727732
"411",11,5,8.94353580295696
"412",12,5,8.82741001618361
"413",13,5,9.00564140269281
"414",14,5,8.50151652779476
"415",15,5,9.15645336904504
"416",16,5,8.64067506944019
"417",17,5,8.50142960533791
"418",18,5,8.72839534674057
"419",19,5,8.78639780733823
"420",20,5,8.61863559872207
"421",21,5,8.90159119171007
"422",22,5,8.87685444249091
"423",23,5,8.48175730394965
"424",24,5,8.67516023896607
"425",25,5,8.46089300791875
"426",26,5,9.13124057478779
"427",27,5,8.80785354076585
"428",28,5,8.48172168394886
"429",29,5,8.77241760294178
"430",30,5,8.96951782032558
"431",31,5,8.48913838448946
"432",32,5,8.55862159674282
"433",33,5,8.54056966697132
"434",34,5,8.84047841587764
"435",35,5,8.76894771747195
"436",36,5,9.38650830365684
"437",37,5,9.73563346911395
"438",38,5,9.0426567402877
"439",39,5,8.76913949011972
"440",40,5,9.02208435554892
"441",41,5,9.05964990033182
"442",42,5,9.24592988038142
"443",43,5,8.78089810485786
"444",44,5,8.99426102069101
"445",45,5,8.94934703876219
"446",46,5,8.78222296237975
"447",47,5,8.8387934036963
"448",48,5,8.71425246272886
"449",49,5,8.82024845279212
"450",50,5,8.46224494901179
"451",51,5,16.6879778030146
"452",52,5,17.3822389321247
"453",53,5,17.6762132120671
"454",54,5,16.4070447352496
"455",55,5,16.4282794916659
"456",56,5,17.7613545440125
"457",57,5,17.3381551709165
"458",58,5,16.3694535221207
"459",59,5,16.6021666378819
"460",60,5,16.1573059845403
"461",61,5,16.7052174589938
"462",62,5,16.1139963486325
"463",63,5,16.501951649851
"464",64,5,17.8410494364384
"465",65,5,16.6647485034193
"466",66,5,16.454459000491
"467",67,5,16.4657979969725
"468",68,5,16.0123510157279
"469",69,5,17.4088942501609
"470",70,5,16.3777408637722
"471",71,5,16.0464092687675
"472",72,5,17.487280264925
"473",73,5,17.4089386432988
"474",74,5,20.4994684475162
"475",75,5,16.9809275573675
"476",76,5,17.3886395237809
"477",77,5,19.073839727797
"478",78,5,16.9877583963772
"479",79,5,17.1292780079462
"480",80,5,18.3096655794765
"481",81,5,17.279307780246
"482",82,5,17.0459573828681
"483",83,5,19.8529375357998
"484",84,5,16.8834608105784
"485",85,5,18.2485047143173
"486",86,5,19.5796226916428
"487",87,5,17.8467064251851
"488",88,5,19.7863187361278
"489",89,5,16.9154431580177
"490",90,5,16.9300365059159
"491",91,5,17.3649912757807
"492",92,5,17.2413471355837
"493",93,5,16.6681687153287
"494",94,5,17.4249912003926
"495",95,5,17.2269972248509
"496",96,5,17.8686286592796
"497",97,5,17.1920042168502
"498",98,5,16.6859686823918
"499",99,5,18.0359695103004
"500",100,5,16.983566228554
"501",1,6,8.23330344955015
"502",2,6,8.30496456285245
"503",3,6,7.82867356748081
"504",4,6,7.7161670120589
"505",5,6,7.77256859000281
"506",6,6,0
"507",7,6,7.58921021604867
"508",8,6,7.97426430070412
"509",9,6,8.11591063495722
"510",10,6,8.61180411677216
"511",11,6,8.63122369962974
"512",12,6,8.5424983249562
"513",13,6,8.5747683189768
"514",14,6,8.33819004688128
"515",15,6,9.03545182637379
"516",16,6,8.29183108806106
"517",17,6,8.00133543032018
"518",18,6,8.32370238507559
"519",19,6,8.62056702878687
"520",20,6,8.40202971481406
"521",21,6,8.45191215684244
"522",22,6,8.51320098363633
"523",23,6,8.1030539186446
"524",24,6,8.64805814815889
"525",25,6,8.38317217814813
"526",26,6,9.06726379828191
"527",27,6,8.15766934818467
"528",28,6,7.79991633383826
"529",29,6,8.72570447226382
"530",30,6,8.6816247099447
"531",31,6,8.31544392167109
"532",32,6,8.53507158752691
"533",33,6,8.6446419413805
"534",34,6,8.35671075191022
"535",35,6,8.41135186364975
"536",36,6,9.08818147407895
"537",37,6,9.55208661684195
"538",38,6,9.17269459104816
"539",39,6,8.509649810025
"540",40,6,8.7450105340135
"541",41,6,8.72794504401629
"542",42,6,8.65342083527718
"543",43,6,8.34248228333629
"544",44,6,8.90976779787765
"545",45,6,8.78469468214787
"546",46,6,8.79477536869919
"547",47,6,8.78920806437785
"548",48,6,8.38740342843401
"549",49,6,8.36388312276925
"550",50,6,8.43657408339641
"551",51,6,16.6441086394589
"552",52,6,17.5046379703713
"553",53,6,17.656597211891
"554",54,6,16.4049761375902
"555",55,6,16.2193067172633
"556",56,6,17.6982572586188
"557",57,6,17.3117711760395
"558",58,6,16.3884792846503
"559",59,6,16.6998517780064
"560",60,6,16.3230752301073
"561",61,6,16.5654485384694
"562",62,6,16.1217262804951
"563",63,6,16.2161867041966
"564",64,6,17.7525573579297
"565",65,6,16.6390640133448
"566",66,6,16.5717079519823
"567",67,6,16.3270589856626
"568",68,6,15.9905710019758
"569",69,6,17.5069792701593
"570",70,6,16.1686509883162
"571",71,6,15.906369964927
"572",72,6,17.4483893882279
"573",73,6,17.4486151050839
"574",74,6,20.4882610311784
"575",75,6,16.9990117383101
"576",76,6,17.253190273944
"577",77,6,18.9931089050879
"578",78,6,17.035136397967
"579",79,6,17.0652653315168
"580",80,6,18.1934702332965
"581",81,6,17.4145239163508
"582",82,6,17.1492479663097
"583",83,6,19.7618167058062
"584",84,6,16.9042023611085
"585",85,6,18.2654027043355
"586",86,6,19.6286732243205
"587",87,6,17.6928780749015
"588",88,6,19.6874294351265
"589",89,6,16.9508174537099
"590",90,6,17.0283557830879
"591",91,6,17.1938430751697
"592",92,6,17.4300393686122
"593",93,6,16.7773079997003
"594",94,6,17.5067145393048
"595",95,6,17.1807881896946
"596",96,6,17.9693634928116
"597",97,6,17.1710157548906
"598",98,6,16.8090769768619
"599",99,6,18.0753571512917
"600",100,6,17.1077709738346
"601",1,7,8.25849624109954
"602",2,7,8.58020876547679
"603",3,7,8.06594725183653
"604",4,7,8.00560680878918
"605",5,7,7.60398261800783
"606",6,7,7.58921021604867
"607",7,7,0
"608",8,7,7.74928964752457
"609",9,7,8.34660580370155
"610",10,7,8.49624621354712
"611",11,7,8.46256485932169
"612",12,7,8.86654915769628
"613",13,7,8.87162012909707
"614",14,7,8.66844638181299
"615",15,7,9.31138716001797
"616",16,7,8.53861766642504
"617",17,7,8.20370773293788
"618",18,7,8.30057529409767
"619",19,7,8.66134573675709
"620",20,7,8.39824434686973
"621",21,7,8.41433822682739
"622",22,7,8.6018623606217
"623",23,7,8.70822840002104
"624",24,7,8.71252303562233
"625",25,7,8.42618458034654
"626",26,7,8.84618880296255
"627",27,7,8.38563643900626
"628",28,7,8.15627999006091
"629",29,7,8.71145734410018
"630",30,7,8.99159648614042
"631",31,7,8.35797392424241
"632",32,7,8.4807969750819
"633",33,7,8.57883766819631
"634",34,7,8.44988073384664
"635",35,7,8.63260958344119
"636",36,7,9.30936019224521
"637",37,7,9.42472341801633
"638",38,7,9.18450066048278
"639",39,7,8.56389517740827
"640",40,7,9.14337939540596
"641",41,7,8.51812932737929
"642",42,7,8.80368865101952
"643",43,7,8.92436020491024
"644",44,7,9.23952288528134
"645",45,7,8.83773857139552
"646",46,7,8.87288270693062
"647",47,7,8.85276106673265
"648",48,7,8.69067122752554
"649",49,7,8.85998296348069
"650",50,7,8.42107735332102
"651",51,7,17.143809337414
"652",52,7,17.6608392775056
"653",53,7,18.1368436939735
"654",54,7,16.9811540114803
"655",55,7,16.6714318995491
"656",56,7,18.1358895187197
"657",57,7,17.6779381653706
"658",58,7,16.7437116341426
"659",59,7,17.1382058679244
"660",60,7,16.4902984013435
"661",61,7,16.918509006373
"662",62,7,16.4693286244939
"663",63,7,16.6643586489635
"664",64,7,17.9856063151998
"665",65,7,16.7541825363373
"666",66,7,16.852934092518
"667",67,7,16.9963406635735
"668",68,7,16.5945784296479
"669",69,7,17.7947814808611
"670",70,7,16.8568799774679
"671",71,7,16.5048188363391
"672",72,7,17.9131589621658
"673",73,7,17.7962578042124
"674",74,7,20.9300198165694
"675",75,7,17.3124046577403
"676",76,7,17.6076193019458
"677",77,7,19.2343627091865
"678",78,7,17.5787926432413
"679",79,7,17.4918137652305
"680",80,7,18.8971851541714
"681",81,7,18.0195227907957
"682",82,7,17.4095305955616
"683",83,7,20.1202213261645
"684",84,7,17.449858810736
"685",85,7,18.4609623775733
"686",86,7,19.930682413667
"687",87,7,18.1848530108537
"688",88,7,20.0492882495598
"689",89,7,17.2899636276447
"690",90,7,17.2355590175
"691",91,7,17.4505745258316
"692",92,7,17.6527338132903
"693",93,7,17.201740385738
"694",94,7,17.6671657870526
"695",95,7,17.6848938279359
"696",96,7,18.2384377980971
"697",97,7,17.4187011282134
"698",98,7,17.0796785172478
"699",99,7,18.2851107539574
"700",100,7,17.4521250372228
"701",1,8,8.09393172314568
"702",2,8,8.64906987759526
"703",3,8,8.11006837197519
"704",4,8,7.88744702550444
"705",5,8,8.54296652616792
"706",6,8,7.97426430070412
"707",7,8,7.74928964752457
"708",8,8,0
"709",9,8,7.8096696627746
"710",10,8,7.88769457823572
"711",11,8,8.38208882400961
"712",12,8,8.57670042322857
"713",13,8,8.50774457010885
"714",14,8,8.3589226899629
"715",15,8,8.66910643542693
"716",16,8,8.69839890887
"717",17,8,7.86670839747446
"718",18,8,8.40338613906795
"719",19,8,8.79382034131072
"720",20,8,8.09140088429656
"721",21,8,8.25182543731871
"722",22,8,8.63975292720029
"723",23,8,8.52358208164228
"724",24,8,8.55391861051073
"725",25,8,8.27615463338402
"726",26,8,8.66394366523895
"727",27,8,8.16940311737242
"728",28,8,7.98853404073201
"729",29,8,8.64072576728589
"730",30,8,9.29023648422673
"731",31,8,8.22941727002237
"732",32,8,8.34232850771358
"733",33,8,9.05492138598409
"734",34,8,8.63849139191505
"735",35,8,8.61418253441469
"736",36,8,9.09139917222738
"737",37,8,9.79218906600312
"738",38,8,8.84915027176235
"739",39,8,8.30314402460548
"740",40,8,9.06771952316883
"741",41,8,8.43874003295475
"742",42,8,8.29376133637614
"743",43,8,8.72670716967944
"744",44,8,9.24308592558529
"745",45,8,9.10574835971705
"746",46,8,8.88998459626015
"747",47,8,8.49981696223335
"748",48,8,8.05749927451089
"749",49,8,8.62395473410326
"750",50,8,8.25597850002129
"751",51,8,16.3377492339732
"752",52,8,16.8751361597259
"753",53,8,17.2301473277877
"754",54,8,16.0538678910342
"755",55,8,16.0554613110975
"756",56,8,17.3462273157258
"757",57,8,16.8758879514437
"758",58,8,16.1125149755263
"759",59,8,16.3716444540735
"760",60,8,16.143760163587
"761",61,8,16.3982026555991
"762",62,8,15.9751192684591
"763",63,8,16.0909763173857
"764",64,8,17.3849149005093
"765",65,8,16.3222306793283
"766",66,8,16.1400929741522
"767",67,8,16.0806016444858
"768",68,8,15.7778746128674
"769",69,8,16.9352615106054
"770",70,8,15.9318219208896
"771",71,8,15.5754463783499
"772",72,8,17.2577274287319
"773",73,8,17.0322414624635
"774",74,8,20.1510058691148
"775",75,8,16.6847799365481
"776",76,8,16.9351793226743
"777",77,8,18.3755812102334
"778",78,8,16.6029825173295
"779",79,8,16.7516267218751
"780",80,8,17.9710298879299
"781",81,8,17.2134401643628
"782",82,8,16.936516622016
"783",83,8,19.279838288434
"784",84,8,16.6486405993763
"785",85,8,17.8045213703107
"786",86,8,19.0672778562887
"787",87,8,17.3268900144311
"788",88,8,19.273557652072
"789",89,8,16.856029555107
"790",90,8,16.6323040523043
"791",91,8,16.8795286704051
"792",92,8,16.9054607006146
"793",93,8,16.3914231571116
"794",94,8,17.0127487836817
"795",95,8,16.9877747184849
"796",96,8,17.5428960409582
"797",97,8,16.8750284990656
"798",98,8,16.3974504666056
"799",99,8,17.774500133881
"800",100,8,16.9045807511122
"801",1,9,8.47947274331358
"802",2,9,8.42334563992641
"803",3,9,8.58041929519966
"804",4,9,8.21255189567536
"805",5,9,8.73320303271112
"806",6,9,8.11591063495722
"807",7,9,8.34660580370155
"808",8,9,7.8096696627746
"809",9,9,0
"810",10,9,8.53559459066845
"811",11,9,8.11780743601858
"812",12,9,8.96701173803081
"813",13,9,8.69167352292129
"814",14,9,8.26013152514865
"815",15,9,8.7567512194596
"816",16,9,8.96237449874278
"817",17,9,8.30575484707789
"818",18,9,8.37369414934872
"819",19,9,8.6693244050455
"820",20,9,8.43610626615347
"821",21,9,8.05017924452329
"822",22,9,8.10642974934905
"823",23,9,8.27740909276943
"824",24,9,8.45319563959595
"825",25,9,8.48030452209409
"826",26,9,8.11398994064582
"827",27,9,7.75192840426762
"828",28,9,7.73861315020668
"829",29,9,8.30449908316843
"830",30,9,8.77335619548312
"831",31,9,8.72363494926643
"832",32,9,8.51016997400876
"833",33,9,8.8149609988242
"834",34,9,8.71396294410491
"835",35,9,8.60318369260799
"836",36,9,8.97334089423293
"837",37,9,9.39528547536245
"838",38,9,8.6080853616506
"839",39,9,8.36251282447564
"840",40,9,8.49159543339608
"841",41,9,8.74853538932607
"842",42,9,8.64519408931793
"843",43,9,9.28756846247999
"844",44,9,9.1726928161299
"845",45,9,8.99282646870017
"846",46,9,8.36692554123992
"847",47,9,8.99531498263082
"848",48,9,8.52767677821416
"849",49,9,8.61485823179564
"850",50,9,8.30879226836601
"851",51,9,16.6439286220432
"852",52,9,17.3433771024514
"853",53,9,17.8599785428122
"854",54,9,16.5622470421668
"855",55,9,16.4884494744217
"856",56,9,17.862187497637
"857",57,9,17.4442820075713
"858",58,9,16.5253179697557
"859",59,9,16.7766423666821
"860",60,9,16.53890610869
"861",61,9,17.054713520418
"862",62,9,16.4903754392771
"863",63,9,16.4999168969568
"864",64,9,17.8635896080172
"865",65,9,16.6702748236621
"866",66,9,16.5553716209602
"867",67,9,16.7160981321228
"868",68,9,16.4779588695872
"869",69,9,17.6649513525681
"870",70,9,16.5511226404559
"871",71,9,16.3040186898845
"872",72,9,17.8445224385831
"873",73,9,17.6281552106648
"874",74,9,20.7985217541275
"875",75,9,17.0949648712297
"876",76,9,17.3215051358961
"877",77,9,19.0090376725995
"878",78,9,17.1853186541384
"879",79,9,17.1898001499122
"880",80,9,18.5451689460151
"881",81,9,17.3838168143435
"882",82,9,17.3634641005439
"883",83,9,19.6458042390836
"884",84,9,17.038819622045
"885",85,9,18.32660729152
"886",86,9,19.4955042033761
"887",87,9,17.8777738452281
"888",88,9,19.8676895630068
"889",89,9,17.0698533864817
"890",90,9,16.9291117506233
"891",91,9,16.9438128042736
"892",92,9,17.3491451574511
"893",93,9,16.7876181444526
"894",94,9,17.5046699395765
"895",95,9,17.339568386006
"896",96,9,18.0038933350426
"897",97,9,17.3137124477565
"898",98,9,16.9269423262167
"899",99,9,18.1079275376049
"900",100,9,17.0575365595945
"901",1,10,8.450153980905
"902",2,10,9.0790927745434
"903",3,10,9.11473046773984
"904",4,10,8.14280696679083
"905",5,10,8.87657401727732
"906",6,10,8.61180411677216
"907",7,10,8.49624621354712
"908",8,10,7.88769457823572
"909",9,10,8.53559459066845
"910",10,10,0
"911",11,10,8.44878877096841
"912",12,10,8.61618860657486
"913",13,10,8.34077202230905
"914",14,10,8.53434883919653
"915",15,10,8.98897916659937
"916",16,10,8.63993684686845
"917",17,10,7.97748061266856
"918",18,10,8.63220018004894
"919",19,10,8.7117567962688
"920",20,10,8.30106711425663
"921",21,10,8.39590748761081
"922",22,10,8.861406680735
"923",23,10,8.82926737306094
"924",24,10,8.49772093021197
"925",25,10,8.38712515059182
"926",26,10,8.88371419641767
"927",27,10,8.43663691843785
"928",28,10,8.44892807093697
"929",29,10,9.14565902707126
"930",30,10,9.70254840676173
"931",31,10,8.53115783352852
"932",32,10,8.63692125144238
"933",33,10,9.01470679899878
"934",34,10,8.71277784016026
"935",35,10,8.87446370075046
"936",36,10,9.30503474919822
"937",37,10,9.74034484288186
"938",38,10,9.19091284450223
"939",39,10,8.85556994207657
"940",40,10,9.26914724378729
"941",41,10,8.43165811069981
"942",42,10,8.96780106969786
"943",43,10,8.96089883753201
"944",44,10,9.52738263131736
"945",45,10,9.16462167627857
"946",46,10,9.30391404619454
"947",47,10,8.09426421631591
"948",48,10,8.26175464192881
"949",49,10,9.18255380549869
"950",50,10,8.65971839545383
"951",51,10,16.3245024804711
"952",52,10,16.8739627741526
"953",53,10,17.1966220950799
"954",54,10,16.0612339856446
"955",55,10,16.0530970980513
"956",56,10,17.4920805647576
"957",57,10,16.976081912993
"958",58,10,15.938736585971
"959",59,10,16.3067162205922
"960",60,10,16.1204377534485
"961",61,10,16.4257640698584
"962",62,10,15.9171879521833
"963",63,10,16.0499510761134
"964",64,10,17.2453101595269
"965",65,10,16.0811821383241
"966",66,10,16.0836146840889
"967",67,10,16.1664194931894
"968",68,10,15.6809347437482
"969",69,10,16.895636936429
"970",70,10,16.0901183656424
"971",71,10,15.5387571612004
"972",72,10,17.2006781113477
"973",73,10,17.0734867757583
"974",74,10,20.309418429364
"975",75,10,16.5992558000598
"976",76,10,16.8462363407251
"977",77,10,18.3473361283755
"978",78,10,16.5479226672442
"979",79,10,16.6970799887274
"980",80,10,17.8855013457247
"981",81,10,17.1556713196026
"982",82,10,16.8879224541155
"983",83,10,19.1526629115975
"984",84,10,16.5680792375639
"985",85,10,17.7020207839989
"986",86,10,18.964383002077
"987",87,10,17.2344876535183
"988",88,10,19.2772977097337
"989",89,10,16.840782900424
"990",90,10,16.6349407247184
"991",91,10,16.8975395786145
"992",92,10,16.785834392261
"993",93,10,16.3689434002781
"994",94,10,17.0161443799173
"995",95,10,16.8649209996895
"996",96,10,17.5105869829715
"997",97,10,16.7535091302986
"998",98,10,16.4313215001818
"999",99,10,17.6915161552965
"1000",100,10,16.7454372058884
"1001",1,11,8.84820487441154
"1002",2,11,9.04653520109547
"1003",3,11,9.19413487301809
"1004",4,11,8.41721598584478
"1005",5,11,8.94353580295696
"1006",6,11,8.63122369962974
"1007",7,11,8.46256485932169
"1008",8,11,8.38208882400961
"1009",9,11,8.11780743601858
"1010",10,11,8.44878877096841
"1011",11,11,0
"1012",12,11,8.51092774997674
"1013",13,11,9.04804575164998
"1014",14,11,8.83133971286595
"1015",15,11,9.25178739602574
"1016",16,11,8.89122730114908
"1017",17,11,8.23060849059046
"1018",18,11,8.75419707866527
"1019",19,11,9.1142742456085
"1020",20,11,8.61263537863248
"1021",21,11,8.51825254607411
"1022",22,11,8.68368186700626
"1023",23,11,8.72114315994722
"1024",24,11,8.76514950639466
"1025",25,11,8.66324363350805
"1026",26,11,9.14021197763799
"1027",27,11,8.56636856244517
"1028",28,11,8.44420692705066
"1029",29,11,9.18495738808906
"1030",30,11,9.17840484277404
"1031",31,11,8.93295341686767
"1032",32,11,8.85092783385769
"1033",33,11,8.79219927943946
"1034",34,11,8.76302665592447
"1035",35,11,8.99083549060969
"1036",36,11,9.2887276395777
"1037",37,11,9.82114317063916
"1038",38,11,9.10073503329049
"1039",39,11,8.96631519721954
"1040",40,11,8.96953512705298
"1041",41,11,8.94408801124714
"1042",42,11,9.32749240699384
"1043",43,11,8.93093187268699
"1044",44,11,9.64933355433857
"1045",45,11,9.32005522183859
"1046",46,11,8.86866310456332
"1047",47,11,8.94325147597981
"1048",48,11,8.5844635558108
"1049",49,11,9.00735315305991
"1050",50,11,9.00174913762078
"1051",51,11,16.97969454277
"1052",52,11,17.5192368626094
"1053",53,11,17.8260435375492
"1054",54,11,16.7654928497412
"1055",55,11,16.6130384761667
"1056",56,11,17.9729528832417
"1057",57,11,17.615843788903
"1058",58,11,16.8030710150171
"1059",59,11,17.0975625181421
"1060",60,11,16.7446747177716
"1061",61,11,17.1260508349886
"1062",62,11,16.5684689870074
"1063",63,11,16.6162598563672
"1064",64,11,17.8053264551479
"1065",65,11,16.7522109989188
"1066",66,11,16.682973028009
"1067",67,11,16.8967308329793
"1068",68,11,16.4208753937184
"1069",69,11,17.6467118433067
"1070",70,11,16.5895879913714
"1071",71,11,16.4389334063132
"1072",72,11,17.8030391556938
"1073",73,11,17.5406871236041
"1074",74,11,20.7673838133942
"1075",75,11,17.040180806069
"1076",76,11,17.33653569533
"1077",77,11,18.9752711905239
"1078",78,11,17.2413138482547
"1079",79,11,17.3309678795768
"1080",80,11,18.5867063703099
"1081",81,11,17.4336734715757
"1082",82,11,17.4551292760407
"1083",83,11,19.6746188615998
"1084",84,11,17.1873869266713
"1085",85,11,18.4340992559707
"1086",86,11,19.6263137928315
"1087",87,11,18.02941234887
"1088",88,11,19.8929941697399
"1089",89,11,17.3683384411315
"1090",90,11,17.3168581110136
"1091",91,11,17.3377157176321
"1092",92,11,17.4373980265846
"1093",93,11,17.1073615701888
"1094",94,11,17.5672884475964
"1095",95,11,17.4652683486142
"1096",96,11,18.1686550590897
"1097",97,11,17.2585519186602
"1098",98,11,17.1070294963387
"1099",99,11,18.3831338272983
"1100",100,11,17.3697136726212
"1101",1,12,8.82493819459574
"1102",2,12,9.17767641147023
"1103",3,12,8.88381740389036
"1104",4,12,8.45569027447489
"1105",5,12,8.82741001618361
"1106",6,12,8.5424983249562
"1107",7,12,8.86654915769628
"1108",8,12,8.57670042322857
"1109",9,12,8.96701173803081
"1110",10,12,8.61618860657486
"1111",11,12,8.51092774997674
"1112",12,12,0
"1113",13,12,8.04529780190036
"1114",14,12,8.4159362041165
"1115",15,12,9.250498019426
"1116",16,12,8.68180722499198
"1117",17,12,8.22380671058913
"1118",18,12,8.54209878177517
"1119",19,12,8.74538259944947
"1120",20,12,8.74177378924916
"1121",21,12,8.46089883827915
"1122",22,12,9.40280550452209
"1123",23,12,8.86573903497498
"1124",24,12,8.75813025343305
"1125",25,12,8.75301372852625
"1126",26,12,9.30594772400677
"1127",27,12,8.74921944306334
"1128",28,12,8.26907974038458
"1129",29,12,8.81828932829378
"1130",30,12,9.52611407863414
"1131",31,12,8.78981070754756
"1132",32,12,8.90655549785747
"1133",33,12,9.21817534171159
"1134",34,12,8.70395589326968
"1135",35,12,8.89806651743354
"1136",36,12,9.38784622727609
"1137",37,12,10.0681310552234
"1138",38,12,9.35401746214555
"1139",39,12,8.98484010040776
"1140",40,12,9.22761204955654
"1141",41,12,8.95445706891697
"1142",42,12,9.41168352499171
"1143",43,12,9.09000494891965
"1144",44,12,9.88002554763756
"1145",45,12,9.13662090088211
"1146",46,12,9.43776982019518
"1147",47,12,8.87400301443174
"1148",48,12,8.72772442019169
"1149",49,12,9.31805203000247
"1150",50,12,9.09465629201228
"1151",51,12,16.9458446286195
"1152",52,12,17.6422423041164
"1153",53,12,17.7764985319073
"1154",54,12,16.576768046147
"1155",55,12,16.5428133745281
"1156",56,12,17.9637747145996
"1157",57,12,17.7013471260432
"1158",58,12,16.7028364418619
"1159",59,12,17.0314149815307
"1160",60,12,16.5777558480588
"1161",61,12,17.1220738987325
"1162",62,12,16.4099780237883
"1163",63,12,16.62794624792
"1164",64,12,18.0305504858845
"1165",65,12,16.9667114369873
"1166",66,12,16.6870898840666
"1167",67,12,16.6392290948395
"1168",68,12,16.3087079221651
"1169",69,12,17.7859221676757
"1170",70,12,16.5343289683181
"1171",71,12,16.225749727571
"1172",72,12,17.7403183708036
"1173",73,12,17.5265480168705
"1174",74,12,20.7243938186783
"1175",75,12,17.3036088290859
"1176",76,12,17.5194622227639
"1177",77,12,19.2735559179864
"1178",78,12,17.1762410257067
"1179",79,12,17.4087929458767
"1180",80,12,18.5010570508537
"1181",81,12,17.5273425641593
"1182",82,12,17.3518565221956
"1183",83,12,19.8508955407635
"1184",84,12,17.0867237251866
"1185",85,12,18.4569126951259
"1186",86,12,19.8270732644022
"1187",87,12,17.9963690260193
"1188",88,12,19.8169666192287
"1189",89,12,17.3730496785753
"1190",90,12,17.3614719038323
"1191",91,12,17.6339787691986
"1192",92,12,17.6134909766158
"1193",93,12,16.9209137692091
"1194",94,12,17.7136266445285
"1195",95,12,17.3755239787875
"1196",96,12,18.119492720574
"1197",97,12,17.3823196120199
"1198",98,12,16.9151017198322
"1199",99,12,18.3052118078603
"1200",100,12,17.3924080019199
"1201",1,13,8.5587716092037
"1202",2,13,9.04825182132777
"1203",3,13,8.82539503219961
"1204",4,13,8.38495595159238
"1205",5,13,9.00564140269281
"1206",6,13,8.5747683189768
"1207",7,13,8.87162012909707
"1208",8,13,8.50774457010885
"1209",9,13,8.69167352292129
"1210",10,13,8.34077202230905
"1211",11,13,9.04804575164998
"1212",12,13,8.04529780190036
"1213",13,13,0
"1214",14,13,7.98884305723243
"1215",15,13,8.464364856194
"1216",16,13,8.65890664774461
"1217",17,13,8.24864430585063
"1218",18,13,8.85756930184322
"1219",19,13,8.98864560818379
"1220",20,13,8.67212812874635
"1221",21,13,8.54392529444012
"1222",22,13,9.22749341320807
"1223",23,13,9.07310947802989
"1224",24,13,8.96652661822518
"1225",25,13,8.70734027826665
"1226",26,13,9.07525413766175
"1227",27,13,8.5277663042877
"1228",28,13,8.2636770385044
"1229",29,13,8.96859406032288
"1230",30,13,9.62213293340844
"1231",31,13,8.69792784299224
"1232",32,13,8.65433955393663
"1233",33,13,9.44071969898428
"1234",34,13,8.99258790134847
"1235",35,13,9.18650605605535
"1236",36,13,9.58725164042229
"1237",37,13,10.0025260046829
"1238",38,13,9.34428371824595
"1239",39,13,8.64170339159412
"1240",40,13,9.04012380797048
"1241",41,13,8.64438141981468
"1242",42,13,9.04547102686409
"1243",43,13,9.02867592188884
"1244",44,13,9.49852416644052
"1245",45,13,9.05348127480854
"1246",46,13,9.23383535729624
"1247",47,13,8.71355829327607
"1248",48,13,8.67712518088257
"1249",49,13,8.97657496312522
"1250",50,13,8.68022696968092
"1251",51,13,16.5798847755439
"1252",52,13,17.0408462578918
"1253",53,13,17.2907470851078
"1254",54,13,16.15967473449
"1255",55,13,15.9328277761236
"1256",56,13,17.6089963903475
"1257",57,13,17.0842358205073
"1258",58,13,16.2023465682526
"1259",59,13,16.299575890763
"1260",60,13,16.2269963775955
"1261",61,13,16.5632334308212
"1262",62,13,16.043945488419
"1263",63,13,15.9921247076173
"1264",64,13,17.4760562337076
"1265",65,13,16.2779397031307
"1266",66,13,16.2034310014336
"1267",67,13,16.2673056792744
"1268",68,13,15.8896380528609
"1269",69,13,17.332932050197
"1270",70,13,16.3134645304099
"1271",71,13,15.9919022761344
"1272",72,13,17.3393587589435
"1273",73,13,17.147305841038
"1274",74,13,20.2319547137867
"1275",75,13,16.7408393644825
"1276",76,13,17.2223249937249
"1277",77,13,18.6770497009806
"1278",78,13,17.0175327184342
"1279",79,13,16.9331867781155
"1280",80,13,18.0547826767471
"1281",81,13,17.1242310340135
"1282",82,13,16.9705558673587
"1283",83,13,19.4154318938856
"1284",84,13,16.8290417187516
"1285",85,13,17.9869660120635
"1286",86,13,19.2748153667422
"1287",87,13,17.482695999212
"1288",88,13,19.3986176506102
"1289",89,13,17.0747481619084
"1290",90,13,16.7673049319186
"1291",91,13,16.9574078813232
"1292",92,13,16.9126570286042
"1293",93,13,16.5078463633853
"1294",94,13,17.1721531765483
"1295",95,13,17.0229375717483
"1296",96,13,17.7151471579
"1297",97,13,17.0288174543857
"1298",98,13,16.6949621536565
"1299",99,13,17.7585528672706
"1300",100,13,16.8973641072635
"1301",1,14,8.26700165981738
"1302",2,14,8.40457414701001
"1303",3,14,8.39929207467157
"1304",4,14,8.21376455527016
"1305",5,14,8.50151652779476
"1306",6,14,8.33819004688128
"1307",7,14,8.66844638181299
"1308",8,14,8.3589226899629
"1309",9,14,8.26013152514865
"1310",10,14,8.53434883919653
"1311",11,14,8.83133971286595
"1312",12,14,8.4159362041165
"1313",13,14,7.98884305723243
"1314",14,14,0
"1315",15,14,7.92143419034033
"1316",16,14,8.63864722969654
"1317",17,14,8.04343675578165
"1318",18,14,8.65512612600637
"1319",19,14,8.95963779641232
"1320",20,14,8.2543527812942
"1321",21,14,8.35413191998037
"1322",22,14,8.81268302033287
"1323",23,14,8.61135769612014
"1324",24,14,8.85587626828668
"1325",25,14,8.53325692673748
"1326",26,14,9.10088135870075
"1327",27,14,8.26330343974321
"1328",28,14,8.17395807723591
"1329",29,14,8.66160596545702
"1330",30,14,9.81476996994107
"1331",31,14,8.40063008171459
"1332",32,14,8.35220023664299
"1333",33,14,9.13237040750066
"1334",34,14,8.64501512463573
"1335",35,14,8.56870984278382
"1336",36,14,9.19497963084507
"1337",37,14,9.25498320556973
"1338",38,14,8.74735603752332
"1339",39,14,8.59517322475161
"1340",40,14,8.79573991934316
"1341",41,14,8.47678742590142
"1342",42,14,9.14467483658997
"1343",43,14,8.76732148504119
"1344",44,14,9.33831209547247
"1345",45,14,8.54625137653624
"1346",46,14,8.742870394239
"1347",47,14,8.66359498223171
"1348",48,14,8.75301603050375
"1349",49,14,8.94982474020561
"1350",50,14,8.55839743458915
"1351",51,14,16.6998089019384
"1352",52,14,17.3163632866548
"1353",53,14,17.6581770077662
"1354",54,14,16.4220137166436
"1355",55,14,16.4002975594039
"1356",56,14,17.7108451709862
"1357",57,14,17.2543828886241
"1358",58,14,16.3433045419601
"1359",59,14,16.6177419649976
"1360",60,14,16.3986108723598
"1361",61,14,16.7999493530282
"1362",62,14,16.3307375478332
"1363",63,14,16.3222459000684
"1364",64,14,17.7848451936519
"1365",65,14,16.5497149438614
"1366",66,14,16.5005657700051
"1367",67,14,16.5234647453998
"1368",68,14,16.3004383509513
"1369",69,14,17.6223723799553
"1370",70,14,16.5111781910011
"1371",71,14,16.1288458381631
"1372",72,14,17.5858268076122
"1373",73,14,17.48022762842
"1374",74,14,20.6371712289278
"1375",75,14,17.1782727815294
"1376",76,14,17.4892910382601
"1377",77,14,19.067997214021
"1378",78,14,17.2730065376134
"1379",79,14,17.3622933788555
"1380",80,14,18.4228695672212
"1381",81,14,17.5450458442678
"1382",82,14,17.2573166831655
"1383",83,14,19.7942618024716
"1384",84,14,16.9683295975775
"1385",85,14,18.310039244959
"1386",86,14,19.570819875849
"1387",87,14,17.743810561775
"1388",88,14,19.8126338080598
"1389",89,14,17.2923034339752
"1390",90,14,17.0268461833798
"1391",91,14,17.0878922236606
"1392",92,14,17.1151438134449
"1393",93,14,16.745978290252
"1394",94,14,17.3416881166483
"1395",95,14,17.2793233176339
"1396",96,14,17.9760890124678
"1397",97,14,17.2612374524596
"1398",98,14,16.8445748149266
"1399",99,14,18.10429451271
"1400",100,14,17.0603647766099
"1401",1,15,8.75815980541325
"1402",2,15,9.13701205772341
"1403",3,15,9.21540677935593
"1404",4,15,8.76514517624541
"1405",5,15,9.15645336904504
"1406",6,15,9.03545182637379
"1407",7,15,9.31138716001797
"1408",8,15,8.66910643542693
"1409",9,15,8.7567512194596
"1410",10,15,8.98897916659937
"1411",11,15,9.25178739602574
"1412",12,15,9.250498019426
"1413",13,15,8.464364856194
"1414",14,15,7.92143419034033
"1415",15,15,0
"1416",16,15,8.43429718559238
