"","row","col","value"
"1",1,1,0
"2",2,1,11.093154393345
"3",3,1,11.163617657356
"4",4,1,11.1186023374486
"5",5,1,11.232164026853
"6",6,1,11.1694343450339
"7",7,1,11.2209898799112
"8",8,1,11.0857316480816
"9",9,1,11.3635870720748
"10",10,1,11.3426314978148
"11",11,1,10.9430876158072
"12",12,1,11.1515774569403
"13",13,1,11.3023333940789
"14",14,1,12.2659208162689
"15",15,1,11.6562448305004
"16",16,1,11.9422997357354
"17",17,1,11.9236830689837
"18",18,1,12.1960210893982
"19",19,1,11.8815555706853
"20",20,1,12.0879242129219
"21",21,1,12.2276560429605
"22",22,1,11.7815034713522
"23",23,1,12.2430298530847
"24",24,1,12.3435358101426
"25",25,1,12.3541131078627
"26",26,1,12.0667019008391
"27",27,1,11.6615550987727
"28",28,1,11.6910319671094
"29",29,1,11.9652153149668
"30",30,1,12.1858544918498
"31",31,1,12.4813487105806
"32",32,1,11.5498269171165
"33",33,1,12.3184837077191
"34",34,1,12.5947914759582
"35",35,1,12.4719274094294
"36",36,1,12.2391702503118
"37",37,1,12.1133242673679
"38",38,1,11.9069884804411
"39",39,1,11.9303819839286
"40",40,1,11.8314257752262
"41",41,1,11.5609371730892
"42",42,1,11.6615800109035
"43",43,1,11.7340649265127
"44",44,1,12.0290996414653
"45",45,1,11.9703715195402
"46",46,1,12.0922715332663
"47",47,1,11.7481087124696
"48",48,1,11.2392595748816
"49",49,1,11.7400469203831
"50",50,1,11.9659580243583
"51",51,1,17.2621072895124
"52",52,1,16.6706160647505
"53",53,1,16.9186185782438
"54",54,1,16.1744306087024
"55",55,1,15.8989071574065
"56",56,1,16.0495182041199
"57",57,1,16.6665375973722
"58",58,1,16.1130262981147
"59",59,1,16.0784987675039
"60",60,1,17.1601935918616
"61",61,1,16.1012635734372
"62",62,1,16.531293047695
"63",63,1,16.3652703166933
"64",64,1,15.8891421897384
"65",65,1,16.0446871361067
"66",66,1,16.1640818345452
"67",67,1,16.1011469617499
"68",68,1,17.1616922394782
"69",69,1,16.3526168696351
"70",70,1,16.6586573871392
"71",71,1,16.7760449982329
"72",72,1,17.3849756810554
"73",73,1,16.4412379877639
"74",74,1,16.4827936233012
"75",75,1,17.3378667933376
"76",76,1,16.5239216662069
"77",77,1,20.4218459516634
"78",78,1,16.9464108881753
"79",79,1,17.1981516471684
"80",80,1,16.704058946679
"81",81,1,16.5984128813751
"82",82,1,16.6359709542385
"83",83,1,17.0682921551314
"84",84,1,16.4052983072416
"85",85,1,17.0376503248832
"86",86,1,15.9092989348207
"87",87,1,15.9340488275524
"88",88,1,19.6356133832936
"89",89,1,16.7027740057263
"90",90,1,16.4201478439674
"91",91,1,16.6281873224889
"92",92,1,17.571099239683
"93",93,1,17.1123202549176
"94",94,1,16.9820423247359
"95",95,1,16.5333224633556
"96",96,1,16.5458106739418
"97",97,1,16.0613279312858
"98",98,1,16.3632906467072
"99",99,1,16.1524174191987
"100",100,1,16.1550540475054
"101",1,2,11.093154393345
"102",2,2,0
"103",3,2,9.97704131610304
"104",4,2,10.2154490259785
"105",5,2,10.8422828238406
"106",6,2,10.752878792869
"107",7,2,10.5683859742354
"108",8,2,11.1741791504227
"109",9,2,11.2114811358688
"110",10,2,11.2784415238612
"111",11,2,10.8585189355521
"112",12,2,11.1775928713827
"113",13,2,11.2019489159491
"114",14,2,11.8104660725706
"115",15,2,11.623860531944
"116",16,2,12.1427371228832
"117",17,2,11.5374939000219
"118",18,2,11.9493653940103
"119",19,2,11.3721642126288
"120",20,2,11.5164113781636
"121",21,2,11.6290788583738
"122",22,2,11.5304744394593
"123",23,2,11.7243357787828
"124",24,2,12.0660362621155
"125",25,2,12.24315877531
"126",26,2,11.3351842750496
"127",27,2,11.1352440001305
"128",28,2,11.1145557479179
"129",29,2,11.487384178114
"130",30,2,11.7725852829787
"131",31,2,11.746263793732
"132",32,2,11.7649471085231
"133",33,2,11.854669168995
"134",34,2,12.4318122966203
"135",35,2,12.4039002539901
"136",36,2,12.1102051536533
"137",37,2,11.7696786781043
"138",38,2,11.7308740025205
"139",39,2,11.3569183726828
"140",40,2,11.3485675056104
"141",41,2,11.0311982267574
"142",42,2,11.1229383337219
"143",43,2,11.1023963096807
"144",44,2,11.7503253935648
"145",45,2,11.3690587555801
"146",46,2,11.525037676338
"147",47,2,10.8942535870648
"148",48,2,10.9442740059952
"149",49,2,10.7614329354545
"150",50,2,11.7715366356891
"151",51,2,16.5198320972452
"152",52,2,16.1207561406783
"153",53,2,16.514337847252
"154",54,2,15.5416160493435
"155",55,2,15.5132605013197
"156",56,2,15.5575184785952
"157",57,2,16.1020448676215
"158",58,2,15.859033052189
"159",59,2,15.7809953757498
"160",60,2,16.6481857862837
"161",61,2,15.7624731529548
"162",62,2,15.9169751664489
"163",63,2,15.8812381622423
"164",64,2,15.3612175406549
"165",65,2,15.5614255781058
"166",66,2,15.7547424832446
"167",67,2,15.5900008167048
"168",68,2,16.4892897554464
"169",69,2,16.1803271071024
"170",70,2,16.1849278117267
"171",71,2,16.3784788391369
"172",72,2,16.6866323565484
"173",73,2,15.7987732055672
"174",74,2,15.9150220990887
"175",75,2,16.6748100235308
"176",76,2,15.8468437781445
"177",77,2,19.6062468468643
"178",78,2,16.3897793218319
"179",79,2,16.8344353956928
"180",80,2,16.2011020636751
"181",81,2,16.2034789363339
"182",82,2,16.1130729011033
"183",83,2,16.703979189229
"184",84,2,16.0215267443148
"185",85,2,16.4434380226897
"186",86,2,15.602696994538
"187",87,2,15.4818737154356
"188",88,2,18.7842190078378
"189",89,2,16.2928231461274
"190",90,2,15.8639036022547
"191",91,2,16.1657044497794
"192",92,2,16.7797433544033
"193",93,2,16.6179186094619
"194",94,2,16.4469988454625
"195",95,2,15.8617988517152
"196",96,2,16.0467882545785
"197",97,2,15.6931413752846
"198",98,2,15.9271652483823
"199",99,2,15.8178148172722
"200",100,2,15.7531008070199
"201",1,3,11.163617657356
"202",2,3,9.97704131610304
"203",3,3,0
"204",4,3,9.85314973084477
"205",5,3,10.9972185016028
"206",6,3,10.7422333704455
"207",7,3,10.6969913388713
"208",8,3,10.945375882406
"209",9,3,11.1679276622564
"210",10,3,10.9925325745086
"211",11,3,10.9674921798577
"212",12,3,11.1925273653236
"213",13,3,11.2818042119417
"214",14,3,11.8133618181157
"215",15,3,11.6948243807467
"216",16,3,11.8522843518633
"217",17,3,12.2483611555081
"218",18,3,12.4643024723966
"219",19,3,11.5517618225889
"220",20,3,11.6903364311737
"221",21,3,11.7489566070957
"222",22,3,12.0633335116338
"223",23,3,12.2223749738374
"224",24,3,12.057536489536
"225",25,3,12.1941464737457
"226",26,3,11.896755261798
"227",27,3,11.5579008879557
"228",28,3,11.3681695576801
"229",29,3,11.8713015282762
"230",30,3,11.8572957126578
"231",31,3,11.9374677679468
"232",32,3,12.2286399450367
"233",33,3,12.1966518245879
"234",34,3,12.7938922617573
"235",35,3,12.3432159065158
"236",36,3,11.9421598815336
"237",37,3,11.9593646750874
"238",38,3,11.9054286689615
"239",39,3,12.0248100970399
"240",40,3,11.7373686108507
"241",41,3,11.3232665750795
"242",42,3,11.029296328643
"243",43,3,11.5794835703065
"244",44,3,12.0049376206489
"245",45,3,11.6036846363203
"246",46,3,11.8469025287796
"247",47,3,11.6574181392081
"248",48,3,11.117547020524
"249",49,3,11.4900911452707
"250",50,3,12.0037563965412
"251",51,3,16.7920766798059
"252",52,3,16.315490354897
"253",53,3,16.5554039810173
"254",54,3,15.9381261383667
"255",55,3,15.725879780056
"256",56,3,15.4765212557687
"257",57,3,16.4031863497008
"258",58,3,16.0669079281634
"259",59,3,15.659264747329
"260",60,3,17.3095458535373
"261",61,3,15.6429504997465
"262",62,3,16.4081351113311
"263",63,3,16.3443923400781
"264",64,3,15.5454916841921
"265",65,3,15.585795187368
"266",66,3,15.7385564507972
"267",67,3,15.6825468594296
"268",68,3,16.6598051591647
"269",69,3,16.1272852998427
"270",70,3,16.3615935098539
"271",71,3,16.669402443777
"272",72,3,17.2952337688638
"273",73,3,16.0266049396919
"274",74,3,16.0171173479756
"275",75,3,17.2344295467823
"276",76,3,16.0097776464252
"277",77,3,20.5198031175048
"278",78,3,16.4724667213137
"279",79,3,16.9871458120658
"280",80,3,16.2301034844895
"281",81,3,16.1734670283472
"282",82,3,16.2212549046776
"283",83,3,16.7588269229447
"284",84,3,16.014095225011
"285",85,3,16.8289431573213
"286",86,3,15.7991235995497
"287",87,3,15.6153136461777
"288",88,3,19.8579573914925
"289",89,3,16.4425668412745
"290",90,3,16.029261134327
"291",91,3,16.4279274000738
"292",92,3,17.1743316399013
"293",93,3,16.7953624781443
"294",94,3,16.5806009829938
"295",95,3,16.2997383875871
"296",96,3,16.0672411249851
"297",97,3,15.8100288622985
"298",98,3,15.9037160468443
"299",99,3,15.943185368539
"300",100,3,15.8541041236426
"301",1,4,11.1186023374486
"302",2,4,10.2154490259785
"303",3,4,9.85314973084477
"304",4,4,0
"305",5,4,9.91826782719196
"306",6,4,10.1480387630606
"307",7,4,10.3519544080312
"308",8,4,10.9194208737105
"309",9,4,10.7132046987762
"310",10,4,10.8130947677892
"311",11,4,10.765157334817
"312",12,4,10.8841966938233
"313",13,4,11.0457602041413
"314",14,4,11.8936454637519
"315",15,4,11.280588636071
"316",16,4,11.6233147237027
"317",17,4,11.7561867569304
"318",18,4,12.1386056558525
"319",19,4,11.389469913753
"320",20,4,11.6912689006745
"321",21,4,11.5735128000794
"322",22,4,11.8256411561951
"323",23,4,11.7264508215636
"324",24,4,12.153939344709
"325",25,4,12.3788381675064
"326",26,4,11.7262804395326
"327",27,4,11.7589413939508
"328",28,4,11.3773989369729
"329",29,4,11.9766089711311
"330",30,4,11.6480591593086
"331",31,4,12.1039565433311
"332",32,4,11.7699870296942
"333",33,4,12.0248953669155
"334",34,4,12.9676295537181
"335",35,4,12.3340413405265
"336",36,4,12.0233798631419
"337",37,4,11.9699526164803
"338",38,4,11.6377501249886
"339",39,4,11.7596351570359
"340",40,4,11.4624654186397
"341",41,4,11.451797643273
"342",42,4,11.0640637643939
"343",43,4,11.5167272618907
"344",44,4,12.0939993213438
"345",45,4,11.5149956289985
"346",46,4,11.9249549289457
"347",47,4,11.3406609342244
"348",48,4,11.2108870522728
"349",49,4,11.1266333636234
"350",50,4,11.8642254907725
"351",51,4,16.0309010471648
"352",52,4,15.5240623670095
"353",53,4,16.1778677477237
"354",54,4,15.0980414411147
"355",55,4,15.0486490355944
"356",56,4,14.8887397965715
"357",57,4,15.8177483680786
"358",58,4,15.4072598404126
"359",59,4,15.1714387330785
"360",60,4,16.3372913688295
"361",61,4,15.1682697150101
"362",62,4,15.4220216407761
"363",63,4,15.3441207242866
"364",64,4,14.9795687151866
"365",65,4,15.1861109981888
"366",66,4,15.054768454758
"367",67,4,15.1591140841197
"368",68,4,15.731222566094
"369",69,4,15.5098686255476
"370",70,4,15.6096841469697
"371",71,4,16.0637832908281
"372",72,4,16.6310150628397
"373",73,4,15.1831994574665
"374",74,4,15.2798352321111
"375",75,4,16.2323376866247
"376",76,4,15.5140716334774
"377",77,4,19.4908245491254
"378",78,4,15.9376190656618
"379",79,4,16.0959300441602
"380",80,4,15.8365740204169
"381",81,4,15.8226205757263
"382",82,4,15.779888416026
"383",83,4,16.0200009419164
"384",84,4,15.4628522478623
"385",85,4,15.9676582635734
"386",86,4,14.8747392215935
"387",87,4,14.5834340272269
"388",88,4,18.5741418657147
"389",89,4,15.732909321176
"390",90,4,15.2504263674889
"391",91,4,15.5852592764056
"392",92,4,16.4032802349037
"393",93,4,15.881538604233
"394",94,4,16.1988224699291
"395",95,4,15.5760442180515
"396",96,4,15.5126698395587
"397",97,4,15.0588094295872
"398",98,4,15.2394042778114
"399",99,4,15.1765363484268
"400",100,4,15.1659401735448
"401",1,5,11.232164026853
"402",2,5,10.8422828238406
"403",3,5,10.9972185016028
"404",4,5,9.91826782719196
"405",5,5,0
"406",6,5,10.1699211079653
"407",7,5,10.3360289412093
"408",8,5,11.1006406870107
"409",9,5,10.9603109024468
"410",10,5,11.0127708425718
"411",11,5,11.0044187798621
"412",12,5,11.3836211082929
"413",13,5,11.4332905972481
"414",14,5,12.2551338540584
"415",15,5,11.9385480331049
"416",16,5,12.2640561365798
"417",17,5,12.0770518039344
"418",18,5,12.9058216722053
"419",19,5,11.5365841683211
"420",20,5,12.1293017286035
"421",21,5,12.0333910973316
"422",22,5,11.858075958317
"423",23,5,11.8662352940326
"424",24,5,12.4185004031447
"425",25,5,12.3471861498024
"426",26,5,11.5668509244641
"427",27,5,11.7483426351152
"428",28,5,11.4482065981776
"429",29,5,12.0180265073895
"430",30,5,11.8175604484782
"431",31,5,12.5221396389711
"432",32,5,12.0028588825015
"433",33,5,12.4582327754454
"434",34,5,12.7066095363124
"435",35,5,13.0314620316628
"436",36,5,12.7866649598831
"437",37,5,12.3605106208603
"438",38,5,11.9779815732419
"439",39,5,12.2584172105136
"440",40,5,11.7884291360275
"441",41,5,11.5236803587351
"442",42,5,11.0603003519885
"443",43,5,11.5622137284405
"444",44,5,12.4053946101141
"445",45,5,11.8289079872511
"446",46,5,12.2041697380147
"447",47,5,11.787337942936
"448",48,5,11.7834775360007
"449",49,5,11.7868241065376
"450",50,5,12.2767267315771
"451",51,5,16.918124699411
"452",52,5,16.3229474873607
"453",53,5,16.8834810359006
"454",54,5,15.8866658087895
"455",55,5,15.8326065612461
"456",56,5,15.6400250261651
"457",57,5,16.4357412330691
"458",58,5,16.0862449898809
"459",59,5,16.0270179793665
"460",60,5,16.7869011578971
"461",61,5,16.1996678591074
"462",62,5,16.2101107443721
"463",63,5,16.0954636919206
"464",64,5,15.6523697971417
"465",65,5,16.063158644697
"466",66,5,15.7749122354681
"467",67,5,15.7777266427457
"468",68,5,16.6640477960664
"469",69,5,16.3699207242861
"470",70,5,16.3767476167905
"471",71,5,16.9098092573869
"472",72,5,17.2543044848824
"473",73,5,15.8765809703335
"474",74,5,16.1667274282995
"475",75,5,17.0968159326015
"476",76,5,16.343013494377
"477",77,5,19.8640326164119
"478",78,5,16.8747617180962
"479",79,5,16.8411027073085
"480",80,5,16.3907364513654
"481",81,5,16.4624163190816
"482",82,5,16.5642124249556
"483",83,5,16.8145430375043
"484",84,5,16.4010959238753
"485",85,5,16.9575078008156
"486",86,5,15.5752267813093
"487",87,5,15.2236955689739
"488",88,5,19.1621419518269
"489",89,5,16.1746523301999
"490",90,5,16.0594020735201
"491",91,5,16.2844957542606
"492",92,5,17.3888949666145
"493",93,5,16.8312931318151
"494",94,5,16.9197800438388
"495",95,5,16.208415291366
"496",96,5,16.3202447912229
"497",97,5,15.8553329136636
"498",98,5,16.0872891275221
"499",99,5,15.8047015311722
"500",100,5,15.7739689932546
"501",1,6,11.1694343450339
"502",2,6,10.752878792869
"503",3,6,10.7422333704455
"504",4,6,10.1480387630606
"505",5,6,10.1699211079653
"506",6,6,0
"507",7,6,9.97444247168244
"508",8,6,10.752692051504
"509",9,6,11.1005095180497
"510",10,6,11.1498401647094
"511",11,6,10.5406906617329
"512",12,6,11.589357135464
"513",13,6,11.447072593368
"514",14,6,11.7308741344028
"515",15,6,11.9423307776284
"516",16,6,12.3603144660576
"517",17,6,11.976868835886
"518",18,6,12.7476955013812
"519",19,6,11.1728508445413
"520",20,6,11.6042143930793
"521",21,6,12.188131749264
"522",22,6,11.8286633499075
"523",23,6,12.1427995765812
"524",24,6,12.37152124023
"525",25,6,12.037955672214
"526",26,6,11.6388276189141
"527",27,6,11.3061009398769
"528",28,6,11.1090489028826
"529",29,6,11.7950031976071
"530",30,6,11.9268422829248
"531",31,6,12.4907029186314
"532",32,6,11.9214251086751
"533",33,6,11.947956596459
"534",34,6,12.6859178670757
"535",35,6,12.7360571124345
"536",36,6,12.572034852629
"537",37,6,12.033308312274
"538",38,6,11.6875872461881
"539",39,6,11.9794348635533
"540",40,6,11.2602929050468
"541",41,6,10.883413176484
"542",42,6,11.0567269722691
"543",43,6,11.0173237619453
"544",44,6,12.1330856681818
"545",45,6,11.5133629448735
"546",46,6,11.9098904449071
"547",47,6,11.6178323077909
"548",48,6,11.5193570802245
"549",49,6,11.4138307112708
"550",50,6,12.0977431506594
"551",51,6,16.4327005034087
"552",52,6,15.8858337792958
"553",53,6,16.0012416864326
"554",54,6,15.6723031152256
"555",55,6,15.5871780732598
"556",56,6,15.1308552399608
"557",57,6,16.1365886013468
"558",58,6,15.4714613753303
"559",59,6,15.3505414963371
"560",60,6,16.7677952969411
"561",61,6,15.7029236287666
"562",62,6,15.9347221431027
"563",63,6,15.7204922492257
"564",64,6,15.2119235877377
"565",65,6,15.1867831848976
"566",66,6,15.3074493926826
"567",67,6,15.3867367130438
"568",68,6,16.123789225203
"569",69,6,15.7827375997489
"570",70,6,15.8498699097902
"571",71,6,16.0776538931382
"572",72,6,16.8969678405942
"573",73,6,15.7634491052537
"574",74,6,15.7653097704876
"575",75,6,16.7286291099181
"576",76,6,15.7688240426611
"577",77,6,19.9460713039853
"578",78,6,16.3021625049107
"579",79,6,16.5498888729271
"580",80,6,15.6687820422473
"581",81,6,15.7515814956018
"582",82,6,15.7795132406958
"583",83,6,16.5934749047534
"584",84,6,15.7510647283141
"585",85,6,16.3559553260227
"586",86,6,15.0606221038358
"587",87,6,14.8336747182348
"588",88,6,19.1613100802974
"589",89,6,16.0147730162116
"590",90,6,15.5946911434133
"591",91,6,15.9652377665053
"592",92,6,16.5828944777317
"593",93,6,16.2593009367131
"594",94,6,16.1497367444982
"595",95,6,15.9532797101433
"596",96,6,15.9644619653374
"597",97,6,15.3271111477029
"598",98,6,15.7223863390365
"599",99,6,15.6742953102348
"600",100,6,15.6077861890803
"601",1,7,11.2209898799112
"602",2,7,10.5683859742354
"603",3,7,10.6969913388713
"604",4,7,10.3519544080312
"605",5,7,10.3360289412093
"606",6,7,9.97444247168244
"607",7,7,0
"608",8,7,10.2660736114793
"609",9,7,10.5622540573043
"610",10,7,10.8799087838861
"611",11,7,10.5322306872809
"612",12,7,11.1828531958048
"613",13,7,11.1646014888389
"614",14,7,11.6843693669506
"615",15,7,11.5852915430405
"616",16,7,11.8688022429918
"617",17,7,11.9580872084238
"618",18,7,12.8444878693062
"619",19,7,11.2797274012913
"620",20,7,11.6094943416375
"621",21,7,11.7907776600534
"622",22,7,11.8994972735656
"623",23,7,11.8912168946308
"624",24,7,12.1214365981077
"625",25,7,12.0530455330602
"626",26,7,11.5266390692088
"627",27,7,11.4617800183779
"628",28,7,11.2802097151899
"629",29,7,11.7231076277327
"630",30,7,11.9986816814675
"631",31,7,12.0938962985213
"632",32,7,12.2938537086019
"633",33,7,11.7564804283447
"634",34,7,12.623299900846
"635",35,7,12.4338043773084
"636",36,7,12.2100944702471
"637",37,7,12.0664339248222
"638",38,7,12.0195856691538
"639",39,7,12.1453558702606
"640",40,7,11.3868170504251
"641",41,7,11.0046542124574
"642",42,7,11.0686221372567
"643",43,7,11.2400373194638
"644",44,7,11.8195450204633
"645",45,7,11.5132896531117
"646",46,7,11.6857251079467
"647",47,7,11.4039918308644
"648",48,7,11.3045535199692
"649",49,7,11.3693860624906
"650",50,7,11.9106453518636
"651",51,7,16.3487632851136
"652",52,7,15.8911919286256
"653",53,7,16.4033200340542
"654",54,7,15.3227117471138
"655",55,7,15.3839310418795
"656",56,7,15.0612253606088
"657",57,7,16.0301621155085
"658",58,7,15.3887960803467
"659",59,7,15.1891051822791
"660",60,7,16.2696322984049
"661",61,7,15.4582554251584
"662",62,7,15.6628172171748
"663",63,7,15.5596724317684
"664",64,7,15.1069466088936
"665",65,7,15.249605307139
"666",66,7,14.9880337591586
"667",67,7,15.1245765096159
"668",68,7,16.0269415959428
"669",69,7,15.6032575827499
"670",70,7,15.9430756071877
"671",71,7,16.330809692071
"672",72,7,17.0867006726609
"673",73,7,15.524438227609
"674",74,7,15.6228878080831
"675",75,7,16.5784500343204
"676",76,7,15.7202497371278
"677",77,7,19.7047481610428
"678",78,7,16.2600345383782
"679",79,7,16.2903708368209
"680",80,7,15.75489075556
"681",81,7,15.8423572783958
"682",82,7,15.9489650756765
"683",83,7,16.3276852559827
"684",84,7,15.8701054954345
"685",85,7,16.4175180010822
"686",86,7,15.1551170563277
"687",87,7,14.5907180326718
"688",88,7,18.7970906524738
"689",89,7,16.0720424792287
"690",90,7,15.5272303445426
"691",91,7,15.5943353149735
"692",92,7,16.8114922812022
"693",93,7,16.2507731731155
"694",94,7,16.1097052150567
"695",95,7,15.7841875742721
"696",96,7,15.8832929665261
"697",97,7,15.2295634314589
"698",98,7,15.5463484151624
"699",99,7,15.1757287219012
"700",100,7,15.4299653046703
"701",1,8,11.0857316480816
"702",2,8,11.1741791504227
"703",3,8,10.945375882406
"704",4,8,10.9194208737105
"705",5,8,11.1006406870107
"706",6,8,10.752692051504
"707",7,8,10.2660736114793
"708",8,8,0
"709",9,8,10.5275668460082
"710",10,8,10.7330240767195
"711",11,8,10.5681531435103
"712",12,8,10.8974543822555
"713",13,8,11.001523729119
"714",14,8,11.6951542526029
"715",15,8,11.3504340612422
"716",16,8,11.3602178933729
"717",17,8,11.9192161751272
"718",18,8,12.4993700574036
"719",19,8,11.4135911808158
"720",20,8,11.7601998263618
"721",21,8,11.6004920639127
"722",22,8,11.4999074248142
"723",23,8,12.1818716226004
"724",24,8,11.9330488738066
"725",25,8,12.1440719028125
"726",26,8,11.6214952979827
"727",27,8,11.2078186182377
"728",28,8,11.3272872998441
"729",29,8,11.7902986743525
"730",30,8,11.6235328500885
"731",31,8,12.1188988783805
"732",32,8,12.0129008501565
"733",33,8,12.591751723385
"734",34,8,12.8571998069256
"735",35,8,12.4703047482969
"736",36,8,11.8240856395681
"737",37,8,11.7014140779887
"738",38,8,11.7948365971439
"739",39,8,11.9400017417278
"740",40,8,11.5727445761091
"741",41,8,10.7673401339745
"742",42,8,10.8977124976068
"743",43,8,11.338074070905
"744",44,8,11.792083532343
"745",45,8,11.6280941665801
"746",46,8,11.7560927141999
"747",47,8,11.4536257959962
"748",48,8,11.3138199195593
"749",49,8,11.6049083562517
"750",50,8,12.1163432066203
"751",51,8,16.8576180401122
"752",52,8,16.3525785646047
"753",53,8,16.5483341851282
"754",54,8,15.8732677708329
"755",55,8,15.5152578057326
"756",56,8,15.3729334071635
"757",57,8,16.4326196631657
"758",58,8,15.8341015799466
"759",59,8,15.5649825388245
"760",60,8,16.6985672616334
"761",61,8,15.8647664871249
"762",62,8,16.2053207431823
"763",63,8,15.956050280438
"764",64,8,15.3217626869816
"765",65,8,15.6582191167433
"766",66,8,15.470853424488
"767",67,8,15.7707917573858
"768",68,8,16.5468856741856
"769",69,8,15.9982234265054
"770",70,8,16.0191160024745
"771",71,8,16.4042758407296
"772",72,8,17.2930491150938
"773",73,8,15.9458525680075
"774",74,8,15.9466223055243
"775",75,8,16.9122430134871
"776",76,8,16.1208888504562
"777",77,8,20.1761932387492
"778",78,8,16.6267721125557
"779",79,8,16.8921158623531
"780",80,8,16.1170310205897
"781",81,8,16.1195130921386
"782",82,8,16.2229496612696
"783",83,8,16.798644412302
"784",84,8,16.0506442314354
"785",85,8,16.7726894364715
"786",86,8,15.497323463399
"787",87,8,15.1798831734472
"788",88,8,19.300143056761
"789",89,8,16.2078200326109
"790",90,8,15.7809359405234
"791",91,8,16.184147637615
"792",92,8,17.2101461503817
"793",93,8,16.7314808472729
"794",94,8,16.3929018131029
"795",95,8,16.0534085432134
"796",96,8,16.1007877262147
"797",97,8,15.5846731100511
"798",98,8,15.9131172258651
"799",99,8,15.8995622466306
"800",100,8,15.7431401474573
"801",1,9,11.3635870720748
"802",2,9,11.2114811358688
"803",3,9,11.1679276622564
"804",4,9,10.7132046987762
"805",5,9,10.9603109024468
"806",6,9,11.1005095180497
"807",7,9,10.5622540573043
"808",8,9,10.5275668460082
"809",9,9,0
"810",10,9,10.131245450418
"811",11,9,10.8189681123297
"812",12,9,10.3808748319933
"813",13,9,10.7678692907883
"814",14,9,11.6887246649364
"815",15,9,11.3279022622804
"816",16,9,11.628365527029
"817",17,9,11.655670924486
"818",18,9,12.0810614230282
"819",19,9,11.5184095636001
"820",20,9,11.5768443092168
"821",21,9,11.687933507716
"822",22,9,11.8167693610741
"823",23,9,11.8503149354624
"824",24,9,11.817138757554
"825",25,9,12.429992474424
"826",26,9,12.2220388095491
"827",27,9,11.9659058112521
"828",28,9,11.6134167200641
"829",29,9,11.6308671198279
"830",30,9,11.775838134591
"831",31,9,11.8656971556801
"832",32,9,11.576364979902
"833",33,9,12.5039658203395
"834",34,9,12.3016038018625
"835",35,9,12.4424911053567
"836",36,9,11.8115641138617
"837",37,9,11.9526705367256
"838",38,9,11.7512172878418
"839",39,9,11.7253745628855
"840",40,9,11.9834760200175
"841",41,9,11.7926447732131
"842",42,9,11.4414078617638
"843",43,9,11.8969859071464
"844",44,9,11.6396627671023
"845",45,9,11.571777515302
"846",46,9,11.9314141655462
"847",47,9,11.5146676697676
"848",48,9,11.1533007071774
"849",49,9,11.477255548026
"850",50,9,11.750943110835
"851",51,9,17.0101890240486
"852",52,9,16.5591636195792
"853",53,9,17.3839265018358
"854",54,9,16.0406070756251
"855",55,9,15.9158378006232
"856",56,9,15.882919678059
"857",57,9,16.7520521725477
"858",58,9,16.2840995407708
"859",59,9,15.9416310717016
"860",60,9,17.7086632292464
"861",61,9,16.0581989536108
"862",62,9,16.7372079452153
"863",63,9,16.5505434172674
"864",64,9,15.8881212419203
"865",65,9,15.7334705886114
"866",66,9,15.9369936677814
"867",67,9,16.0308302322995
"868",68,9,16.8542983296613
"869",69,9,16.3336007720236
"870",70,9,16.5751954478513
"871",71,9,16.6906333091373
"872",72,9,17.5550224888471
"873",73,9,16.3775800813899
"874",74,9,16.315362235411
"875",75,9,17.7707405570768
"876",76,9,16.5233989777968
"877",77,9,21.2558015408095
"878",78,9,16.6215040523941
"879",79,9,17.0763526904815
"880",80,9,16.6640368105294
"881",81,9,16.4100794525664
"882",82,9,16.7043632981102
"883",83,9,17.1488421157548
"884",84,9,16.2205703986786
"885",85,9,16.8581218212602
"886",86,9,16.0067387241054
"887",87,9,15.1540406518181
"888",88,9,20.347230749245
"889",89,9,16.5613239127323
"890",90,9,16.0043274481744
"891",91,9,16.5094271673265
"892",92,9,17.0925933764115
"893",93,9,17.2191091875787
"894",94,9,16.642637128439
"895",95,9,16.6603468634478
"896",96,9,16.2648831536336
"897",97,9,15.9310906152313
"898",98,9,15.8767661266253
"899",99,9,15.9853291715383
"900",100,9,16.0321744741914
"901",1,10,11.3426314978148
"902",2,10,11.2784415238612
"903",3,10,10.9925325745086
"904",4,10,10.8130947677892
"905",5,10,11.0127708425718
"906",6,10,11.1498401647094
"907",7,10,10.8799087838861
"908",8,10,10.7330240767195
"909",9,10,10.131245450418
"910",10,10,0
"911",11,10,9.79837325249636
"912",12,10,10.1412885477458
"913",13,10,10.6459277977731
"914",14,10,11.6597762182118
"915",15,10,11.2861568193774
"916",16,10,11.4816100826325
"917",17,10,11.6939247610489
"918",18,10,12.2547165961158
"919",19,10,11.2085721345379
"920",20,10,11.5363283642464
"921",21,10,11.4550317728678
"922",22,10,11.4904895340723
"923",23,10,11.7753775164137
"924",24,10,11.6059714290971
"925",25,10,11.8172836624451
"926",26,10,11.6844447607208
"927",27,10,11.4404721282091
"928",28,10,11.361786252382
"929",29,10,11.476796007568
"930",30,10,11.4394854556736
"931",31,10,11.9728860704131
"932",32,10,11.7126038477499
"933",33,10,12.1942218495782
"934",34,10,12.3954329349244
"935",35,10,12.424089191818
"936",36,10,11.6788041538925
"937",37,10,11.6521239522854
"938",38,10,11.3725135373239
"939",39,10,11.6422152557562
"940",40,10,11.5152265778668
"941",41,10,11.5324156514722
"942",42,10,11.2018641176754
"943",43,10,11.3377080973667
"944",44,10,11.828603704589
"945",45,10,11.525067678632
"946",46,10,11.710475261066
"947",47,10,11.2943130319208
"948",48,10,11.1009816166779
"949",49,10,11.2488857212455
"950",50,10,11.4453864235548
"951",51,10,17.2399135620254
"952",52,10,16.6463954246741
"953",53,10,17.5846537934936
"954",54,10,16.3816627219413
"955",55,10,16.2544123129802
"956",56,10,16.1475655318761
"957",57,10,16.8836842508093
"958",58,10,16.4126956454268
"959",59,10,16.3167743670043
"960",60,10,17.799149464403
"961",61,10,16.3166784564755
"962",62,10,16.9038182247654
"963",63,10,16.6904971022498
"964",64,10,15.955338273144
"965",65,10,15.9098137529743
"966",66,10,16.14482905944
"967",67,10,16.259091110067
"968",68,10,17.0573589766801
"969",69,10,16.5365185200465
"970",70,10,16.840258336679
"971",71,10,17.0548537525182
"972",72,10,17.8140859582071
"973",73,10,16.3988786592095
"974",74,10,16.5902435206991
"975",75,10,17.7403008966554
"976",76,10,16.6591756074844
"977",77,10,21.0446182763025
"978",78,10,16.8759806670066
"979",79,10,17.2706456921205
"980",80,10,16.78675810911
"981",81,10,16.5793160947879
"982",82,10,16.8515979512107
"983",83,10,17.2847671214779
"984",84,10,16.4077229334109
"985",85,10,16.9945788748056
"986",86,10,16.1298189404936
"987",87,10,15.7696613977791
"988",88,10,20.4113641685368
"989",89,10,17.0108583389316
"990",90,10,16.4675158671341
"991",91,10,16.6802836396948
"992",92,10,17.4516517268326
"993",93,10,17.2267548765185
"994",94,10,17.0819538972157
"995",95,10,16.7360320899645
"996",96,10,16.6320808268756
"997",97,10,16.1358124129273
"998",98,10,16.3362594866331
"999",99,10,16.2680440266757
"1000",100,10,16.2909782402564
"1001",1,11,10.9430876158072
"1002",2,11,10.8585189355521
"1003",3,11,10.9674921798577
"1004",4,11,10.765157334817
"1005",5,11,11.0044187798621
"1006",6,11,10.5406906617329
"1007",7,11,10.5322306872809
"1008",8,11,10.5681531435103
"1009",9,11,10.8189681123297
"1010",10,11,9.79837325249636
"1011",11,11,0
"1012",12,11,9.45652583532843
"1013",13,11,10.2972796002467
"1014",14,11,10.9478616054633
"1015",15,11,10.963578532289
"1016",16,11,11.4758704372102
"1017",17,11,11.5241347672971
"1018",18,11,11.6491884066997
"1019",19,11,10.9317777916269
"1020",20,11,11.5010200197286
"1021",21,11,11.5841264960441
"1022",22,11,11.2571870974412
"1023",23,11,11.7749651091269
"1024",24,11,11.9397721325111
"1025",25,11,11.7975090700218
"1026",26,11,11.4708420397735
"1027",27,11,11.0971605823097
"1028",28,11,11.3230022741507
"1029",29,11,11.384597633589
"1030",30,11,11.7068099574485
"1031",31,11,12.0891804568039
"1032",32,11,11.6396927310756
"1033",33,11,11.8754008316511
"1034",34,11,12.123955202669
"1035",35,11,12.0298127518685
"1036",36,11,11.8460633366807
"1037",37,11,11.3629189903467
"1038",38,11,11.2630125903437
"1039",39,11,11.5686028304705
"1040",40,11,11.1063757033063
"1041",41,11,10.792258764167
"1042",42,11,10.8961272759972
"1043",43,11,11.0529266363161
"1044",44,11,11.5202025825584
"1045",45,11,11.5017564205274
"1046",46,11,11.5451810260252
"1047",47,11,11.4401695728081
"1048",48,11,10.9383212443853
"1049",49,11,11.1116428058252
"1050",50,11,11.1397431815864
"1051",51,11,16.585557985277
"1052",52,11,16.1170137876347
"1053",53,11,16.4963785939404
"1054",54,11,15.7218814015161
"1055",55,11,15.6322185354164
"1056",56,11,15.5585505158649
"1057",57,11,16.4591974161851
"1058",58,11,15.6412895738324
"1059",59,11,15.6583854930732
"1060",60,11,17.1196896441126
"1061",61,11,15.8359955871712
"1062",62,11,16.0405109644674
"1063",63,11,15.9428157920425
"1064",64,11,15.3765362858301
"1065",65,11,15.5256707920292
"1066",66,11,15.7419808527959
"1067",67,11,15.7011961920743
"1068",68,11,16.4103970923284
"1069",69,11,15.9943230910987
"1070",70,11,16.1559065923333
"1071",71,11,16.356852217441
"1072",72,11,16.9562316612648
"1073",73,11,16.0263614343304
"1074",74,11,16.0052819859166
"1075",75,11,17.0856137871593
"1076",76,11,16.0306449220469
"1077",77,11,20.1711296912046
"1078",78,11,16.3760916755699
"1079",79,11,16.7309434484837
"1080",80,11,16.1912371146828
"1081",81,11,16.133551611571
"1082",82,11,16.2459611221743
"1083",83,11,16.7717652188152
"1084",84,11,16.078243520379
"1085",85,11,16.3224952865537
"1086",86,11,15.3591541619982
"1087",87,11,15.2414723631602
"1088",88,11,19.1982944090483
"1089",89,11,16.1278809130542
"1090",90,11,15.9244753808971
"1091",91,11,16.2958662707051
"1092",92,11,16.4589897788872
"1093",93,11,16.4995676337002
"1094",94,11,16.4422538121671
"1095",95,11,16.0578828504321
"1096",96,11,16.01940344099
"1097",97,11,15.6505845098854
"1098",98,11,15.9101313432764
"1099",99,11,15.841228981818
"1100",100,11,15.9587420517754
"1101",1,12,11.1515774569403
"1102",2,12,11.1775928713827
"1103",3,12,11.1925273653236
"1104",4,12,10.8841966938233
"1105",5,12,11.3836211082929
"1106",6,12,11.589357135464
"1107",7,12,11.1828531958048
"1108",8,12,10.8974543822555
"1109",9,12,10.3808748319933
"1110",10,12,10.1412885477458
"1111",11,12,9.45652583532843
"1112",12,12,0
"1113",13,12,9.5647277760054
"1114",14,12,10.9998702725257
"1115",15,12,10.4789848889702
"1116",16,12,10.9690305706429
"1117",17,12,11.516713733281
"1118",18,12,11.7996969261383
"1119",19,12,11.0003093492513
"1120",20,12,11.385839263167
"1121",21,12,11.5822576582131
"1122",22,12,11.4094909355525
"1123",23,12,11.3868245747742
"1124",24,12,11.5470055317542
"1125",25,12,12.234737271941
"1126",26,12,11.7224150499958
"1127",27,12,11.5129815196691
"1128",28,12,11.3915434679547
"1129",29,12,11.580012433475
"1130",30,12,11.3777503027762
"1131",31,12,11.795201294819
"1132",32,12,11.556471356992
"1133",33,12,12.2248664722228
"1134",34,12,12.4486690928681
"1135",35,12,12.094176572892
"1136",36,12,11.9382254560271
"1137",37,12,11.3516242233579
"1138",38,12,11.1347353244561
"1139",39,12,11.7121954982376
"1140",40,12,11.7776876488539
"1141",41,12,11.4370871707109
"1142",42,12,10.875430792537
"1143",43,12,11.5305501536561
"1144",44,12,11.3376762798523
"1145",45,12,11.5067852951326
"1146",46,12,11.7127376857261
"1147",47,12,11.1739840858199
"1148",48,12,10.9201355507231
"1149",49,12,10.9870308310194
"1150",50,12,11.318108066319
"1151",51,12,17.1704928776197
"1152",52,12,16.5597091544601
"1153",53,12,17.2661743960736
"1154",54,12,16.0987637854855
"1155",55,12,15.8881720909247
"1156",56,12,15.9414700513176
"1157",57,12,16.6497847432998
"1158",58,12,16.1414905724848
"1159",59,12,15.9375026649228
"1160",60,12,17.3050898858285
"1161",61,12,16.1150293636391
"1162",62,12,16.5914478316272
"1163",63,12,16.3901827202106
"1164",64,12,15.9080124461034
"1165",65,12,16.1725659532214
"1166",66,12,15.8674742307652
"1167",67,12,16.1632308568866
"1168",68,12,16.9278446841525
"1169",69,12,16.5126728884637
"1170",70,12,16.5634423496293
"1171",71,12,16.7783154458714
"1172",72,12,17.5049909812477
"1173",73,12,16.2120505284786
"1174",74,12,16.4143322719169
"1175",75,12,17.4068247509128
"1176",76,12,16.5259121228945
"1177",77,12,20.9056151046473
"1178",78,12,16.9497404735376
"1179",79,12,17.1373031953125
"1180",80,12,16.9132219133579
"1181",81,12,16.7840091660741
"1182",82,12,16.7639247239447
"1183",83,12,17.0425248026603
"1184",84,12,16.24099231882
"1185",85,12,17.0387746678127
"1186",86,12,16.0343175919283
"1187",87,12,15.5688102521642
"1188",88,12,19.9434932531582
"1189",89,12,16.5347029521807
"1190",90,12,16.0597717584955
"1191",91,12,16.5293070106434
"1192",92,12,17.2290029457277
"1193",93,12,17.2259393664296
"1194",94,12,16.7910089210398
"1195",95,12,16.4161704139243
"1196",96,12,16.4796556100983
"1197",97,12,15.9987062824655
"1198",98,12,16.2308835085975
"1199",99,12,16.0513331446726
"1200",100,12,16.0389862201646
"1201",1,13,11.3023333940789
"1202",2,13,11.2019489159491
"1203",3,13,11.2818042119417
"1204",4,13,11.0457602041413
"1205",5,13,11.4332905972481
"1206",6,13,11.447072593368
"1207",7,13,11.1646014888389
"1208",8,13,11.001523729119
"1209",9,13,10.7678692907883
"1210",10,13,10.6459277977731
"1211",11,13,10.2972796002467
"1212",12,13,9.5647277760054
"1213",13,13,0
"1214",14,13,10.9404832674887
"1215",15,13,10.5074848527868
"1216",16,13,11.220274226695
"1217",17,13,11.5246698551279
"1218",18,13,11.6749242900929
"1219",19,13,11.2598224242957
"1220",20,13,11.7080130303
"1221",21,13,11.8220761160234
"1222",22,13,11.6732731642393
"1223",23,13,11.5743536383597
"1224",24,13,12.1651117166606
"1225",25,13,12.5483854487146
"1226",26,13,11.9380336226221
"1227",27,13,11.8537768973438
"1228",28,13,11.5671462583454
"1229",29,13,11.9049180361798
"1230",30,13,11.8931082536605
"1231",31,13,12.2537077380169
"1232",32,13,12.0216748023392
"1233",33,13,12.6480134941956
"1234",34,13,12.5910785231383
"1235",35,13,12.6028986518439
"1236",36,13,11.9525843352328
"1237",37,13,12.1418858519708
"1238",38,13,11.7241260578383
"1239",39,13,12.1990541881189
"1240",40,13,11.8583806180329
"1241",41,13,11.5890364828573
"1242",42,13,11.5365440825184
"1243",43,13,11.8284689118457
"1244",44,13,11.9329742951447
"1245",45,13,11.9141213698914
"1246",46,13,11.878714546835
"1247",47,13,11.4059811219695
"1248",48,13,11.2450776527036
"1249",49,13,11.5592859124385
"1250",50,13,11.873357143045
"1251",51,13,16.5238326311057
"1252",52,13,16.2354429997593
"1253",53,13,16.801947722888
"1254",54,13,15.7329081785303
"1255",55,13,15.4224307372744
"1256",56,13,15.4874017349793
"1257",57,13,16.1657232480943
"1258",58,13,15.869730950683
"1259",59,13,15.4550413157207
"1260",60,13,16.7917645791401
"1261",61,13,15.7082735077056
"1262",62,13,16.0881147076388
"1263",63,13,15.8665712855062
"1264",64,13,15.6064395517784
"1265",65,13,15.6426623253001
"1266",66,13,15.6593704441421
"1267",67,13,15.828854502672
"1268",68,13,16.4777799240886
"1269",69,13,16.0849922237621
"1270",70,13,16.2150665189615
"1271",71,13,16.3483656210529
"1272",72,13,17.1553441558615
"1273",73,13,15.8907505213567
"1274",74,13,15.9407273621405
"1275",75,13,17.0670483564166
"1276",76,13,16.249234233378
"1277",77,13,20.2545898684559
"1278",78,13,16.5793302342186
"1279",79,13,16.7288975819414
"1280",80,13,16.6331808077058
"1281",81,13,16.3459276952743
"1282",82,13,16.3653755873251
"1283",83,13,16.6646658966522
"1284",84,13,15.9842148302342
"1285",85,13,16.7400903961696
"1286",86,13,15.5426897767662
"1287",87,13,15.2484499097527
"1288",88,13,19.377471960202
"1289",89,13,16.2544388856318
"1290",90,13,15.6960093203836
"1291",91,13,16.0387749001064
"1292",92,13,16.8350334072362
"1293",93,13,16.7744609320697
"1294",94,13,16.453601742373
"1295",95,13,16.0135475631247
"1296",96,13,15.9494185102303
"1297",97,13,15.7720118464515
"1298",98,13,15.8215441255694
"1299",99,13,15.4144049407471
"1300",100,13,15.6927809265337
"1301",1,14,12.2659208162689
"1302",2,14,11.8104660725706
"1303",3,14,11.8133618181157
"1304",4,14,11.8936454637519
"1305",5,14,12.2551338540584
"1306",6,14,11.7308741344028
"1307",7,14,11.6843693669506
"1308",8,14,11.6951542526029
"1309",9,14,11.6887246649364
"1310",10,14,11.6597762182118
"1311",11,14,10.9478616054633
"1312",12,14,10.9998702725257
"1313",13,14,10.9404832674887
"1314",14,14,0
"1315",15,14,10.7500951703879
"1316",16,14,11.7877423660708
"1317",17,14,11.769580608814
"1318",18,14,11.8246272702541
"1319",19,14,12.0028992814201
"1320",20,14,11.7591006741888
"1321",21,14,12.1111152429656
"1322",22,14,12.0191085799619
"1323",23,14,12.3582916255945
"1324",24,14,12.9029327704861
"1325",25,14,12.6295656441525
"1326",26,14,12.2717746238144
"1327",27,14,11.6417696146045
"1328",28,14,12.1350923490583
"1329",29,14,12.1770098938422
"1330",30,14,12.8174718499181
"1331",31,14,12.8507125890779
"1332",32,14,12.679997986399
"1333",33,14,12.5911731113224
"1334",34,14,13.1802259303858
"1335",35,14,13.1181145939483
"1336",36,14,12.5414241730235
"1337",37,14,12.135178639963
"1338",38,14,12.3340087318875
"1339",39,14,12.2374713081927
"1340",40,14,11.822330228049
"1341",41,14,11.9699059292993
"1342",42,14,11.8520709506511
"1343",43,14,12.2370572973604
"1344",44,14,12.8510035038453
"1345",45,14,12.4394952974979
"1346",46,14,12.4797283351049
"1347",47,14,11.8845979644812
"1348",48,14,11.7810714567808
"1349",49,14,11.7782447823984
"1350",50,14,12.1514751662422
"1351",51,14,16.5812173402204
"1352",52,14,15.9407425324857
"1353",53,14,16.506877599498
"1354",54,14,15.8449655430245
"1355",55,14,15.6997610783023
"1356",56,14,15.57776730743
"1357",57,14,16.7660679253502
"1358",58,14,16.1451404196973
"1359",59,14,15.6908382082008
"1360",60,14,17.05789879972
"1361",61,14,15.6846397877167
"1362",62,14,16.0367118255236
"1363",63,14,16.1037633479982
"1364",64,14,15.4991178243029
"1365",65,14,15.2368545973881
"1366",66,14,15.8222606917963
"1367",67,14,15.9348468765925
"1368",68,14,16.412633035087
"1369",69,14,16.0926784319542
"1370",70,14,16.0469154769876
"1371",71,14,16.1347516498564
"1372",72,14,16.868612826217
"1373",73,14,16.1936996781263
"1374",74,14,15.9689897581005
"1375",75,14,17.3937301583997
"1376",76,14,16.1753129237484
"1377",77,14,20.1570529952351
"1378",78,14,16.3414642884794
"1379",79,14,16.9568012462496
"1380",80,14,16.3678924141916
"1381",81,14,16.1556522064259
"1382",82,14,16.2770923918197
"1383",83,14,16.9682062173229
"1384",84,14,16.0460970084003
"1385",85,14,16.2131779213082
"1386",86,14,15.5336155199726
"1387",87,14,15.5416488845636
"1388",88,14,19.0879862447118
"1389",89,14,16.0057285215973
"1390",90,14,15.7348984293456
"1391",91,14,16.5072506371622
"1392",92,14,16.4153728938064
"1393",93,14,16.7760229583612
"1394",94,14,16.2653583418676
"1395",95,14,16.0222084582432
"1396",96,14,16.1269152452716
"1397",97,14,15.7460276727566
"1398",98,14,16.1308189704617
"1399",99,14,16.0435442750861
"1400",100,14,16.1131275741609
"1401",1,15,11.6562448305004
"1402",2,15,11.623860531944
"1403",3,15,11.6948243807467
"1404",4,15,11.280588636071
"1405",5,15,11.9385480331049
"1406",6,15,11.9423307776284
"1407",7,15,11.5852915430405
"1408",8,15,11.3504340612422
"1409",9,15,11.3279022622804
"1410",10,15,11.2861568193774
"1411",11,15,10.963578532289
"1412",12,15,10.4789848889702
"1413",13,15,10.5074848527868
"1414",14,15,10.7500951703879
"1415",15,15,0
"1416",16,15,11.2807856581034
