"","row","col","value"
"1",1,1,0
"2",2,1,9.91062977694956
"3",3,1,9.75049766336434
"4",4,1,11.0085547828103
"5",5,1,10.1298700328042
"6",6,1,10.3673429874601
"7",7,1,9.79565557883211
"8",8,1,9.9796429738427
"9",9,1,9.58178787706449
"10",10,1,10.0077819928804
"11",11,1,10.1810749745035
"12",12,1,10.6463349868156
"13",13,1,10.3972480808891
"14",14,1,9.86959131719263
"15",15,1,10.0045196180295
"16",16,1,10.3722479390428
"17",17,1,9.47077289791969
"18",18,1,9.69409423839521
"19",19,1,9.96395706082657
"20",20,1,9.81067930682054
"21",21,1,9.83284330888593
"22",22,1,9.75372249435167
"23",23,1,9.66903222983853
"24",24,1,10.4011177918403
"25",25,1,10.6601728639467
"26",26,1,10.5941553921391
"27",27,1,9.98179738965327
"28",28,1,10.366452650059
"29",29,1,10.7652412536271
"30",30,1,10.1357513346663
"31",31,1,10.4197607970626
"32",32,1,10.5347392385912
"33",33,1,9.88339430142842
"34",34,1,10.358553167687
"35",35,1,10.3396082903627
"36",36,1,10.4969033246627
"37",37,1,10.686154174573
"38",38,1,10.3716731818706
"39",39,1,10.1608580345005
"40",40,1,10.5280047139452
"41",41,1,10.0647772148137
"42",42,1,10.6139739073655
"43",43,1,10.9711447009214
"44",44,1,11.0621633447406
"45",45,1,10.3538311112554
"46",46,1,10.9615618526739
"47",47,1,10.3893154570515
"48",48,1,10.2866879313401
"49",49,1,9.93577797050681
"50",50,1,10.6674644594234
"51",51,1,18.6831210901975
"52",52,1,17.9961273698972
"53",53,1,20.3796804765355
"54",54,1,17.7338399662832
"55",55,1,18.0328403778731
"56",56,1,17.8924061874406
"57",57,1,18.0277540140963
"58",58,1,18.6169624707715
"59",59,1,18.1806497323591
"60",60,1,19.6354122979224
"61",61,1,17.9828310170953
"62",62,1,18.4684100105161
"63",63,1,18.0815124910265
"64",64,1,17.725676258592
"65",65,1,18.5062919533434
"66",66,1,17.8785941191704
"67",67,1,17.7263302685495
"68",68,1,18.6721067020495
"69",69,1,17.7408906830566
"70",70,1,18.6637576986289
"71",71,1,18.7886255763647
"72",72,1,19.2439540543055
"73",73,1,17.604705234993
"74",74,1,18.155038068715
"75",75,1,18.8168239789438
"76",76,1,18.5659694320394
"77",77,1,22.8217252498043
"78",78,1,18.4769445024181
"79",79,1,18.4931856813864
"80",80,1,18.9035234672894
"81",81,1,18.1972026915665
"82",82,1,18.6927228883448
"83",83,1,18.1271172995038
"84",84,1,18.1818614854875
"85",85,1,18.9692840937238
"86",86,1,18.3086724494971
"87",87,1,17.5856188454602
"88",88,1,22.6974601697755
"89",89,1,19.1388322584256
"90",90,1,18.8178735919479
"91",91,1,18.1951893687933
"92",92,1,19.9100686182698
"93",93,1,18.918740630727
"94",94,1,19.0818941327384
"95",95,1,18.6405317077438
"96",96,1,18.4002431764648
"97",97,1,18.0369123158729
"98",98,1,17.8420798660928
"99",99,1,17.3553215967301
"100",100,1,17.6966358554719
"101",1,2,9.91062977694956
"102",2,2,0
"103",3,2,9.70063111266721
"104",4,2,10.4398478041062
"105",5,2,10.4078860339483
"106",6,2,10.4873405190579
"107",7,2,10.5107668880479
"108",8,2,10.6234531158034
"109",9,2,10.2838497766004
"110",10,2,10.375573129628
"111",11,2,10.7080479688738
"112",12,2,10.4212840850302
"113",13,2,10.4845051559401
"114",14,2,10.3727548476967
"115",15,2,10.1423922446193
"116",16,2,10.0472658462226
"117",17,2,10.1749612616422
"118",18,2,10.3804822985279
"119",19,2,10.5103515432307
"120",20,2,10.5034467390627
"121",21,2,10.4076246726185
"122",22,2,10.4055713404156
"123",23,2,10.0982148979432
"124",24,2,10.9792591196406
"125",25,2,11.2236193423398
"126",26,2,11.2702225632544
"127",27,2,10.5614089895178
"128",28,2,10.4215628646983
"129",29,2,10.4483376495239
"130",30,2,10.7225794322877
"131",31,2,10.6911149913358
"132",32,2,10.7817977563099
"133",33,2,10.4702590456859
"134",34,2,11.051943757742
"135",35,2,10.6631836048636
"136",36,2,10.5454627399082
"137",37,2,11.5566327842698
"138",38,2,10.4846624842537
"139",39,2,10.4834991090107
"140",40,2,11.1263830102204
"141",41,2,10.6196978947353
"142",42,2,11.0449945136907
"143",43,2,11.6148461485473
"144",44,2,11.3009446441603
"145",45,2,10.3859491648623
"146",46,2,10.8801658590644
"147",47,2,10.7826080188248
"148",48,2,10.9650435107539
"149",49,2,10.5604837455005
"150",50,2,10.9389723456765
"151",51,2,19.0310049128342
"152",52,2,18.484127595287
"153",53,2,20.6546683352364
"154",54,2,18.1191697104171
"155",55,2,18.4246387336243
"156",56,2,18.0556169769555
"157",57,2,18.4651636215479
"158",58,2,18.9086594849641
"159",59,2,18.537761382888
"160",60,2,20.0426186258235
"161",61,2,18.4022513707364
"162",62,2,19.0052043476374
"163",63,2,18.3504203042814
"164",64,2,18.058137612502
"165",65,2,18.7970016071948
"166",66,2,18.3652828105577
"167",67,2,18.2748903894213
"168",68,2,18.869508796802
"169",69,2,18.1318296828978
"170",70,2,19.1838071175006
"171",71,2,19.187999912322
"172",72,2,19.7640446830228
"173",73,2,18.1887152748782
"174",74,2,18.5495337839805
"175",75,2,19.2701809369693
"176",76,2,18.9840231264663
"177",77,2,23.0375441332571
"178",78,2,18.7945049976957
"179",79,2,18.8828858777651
"180",80,2,19.3502895082379
"181",81,2,18.6214205058607
"182",82,2,19.0533793035466
"183",83,2,18.8159581744067
"184",84,2,18.7124882156958
"185",85,2,19.2660490192198
"186",86,2,18.444266714441
"187",87,2,17.9014895731259
"188",88,2,23.1365074842314
"189",89,2,19.5729591097701
"190",90,2,19.156735015372
"191",91,2,18.4871770853325
"192",92,2,20.1900678790056
"193",93,2,19.1976206663402
"194",94,2,19.5973693790275
"195",95,2,18.9786385430486
"196",96,2,18.8612484788373
"197",97,2,18.3372996328941
"198",98,2,18.087463216653
"199",99,2,17.7803817795359
"200",100,2,18.0249504647722
"201",1,3,9.75049766336434
"202",2,3,9.70063111266721
"203",3,3,0
"204",4,3,10.0545213755379
"205",5,3,9.64149752356379
"206",6,3,10.3180779884688
"207",7,3,10.1364390922778
"208",8,3,10.2075236524165
"209",9,3,10.0205398830626
"210",10,3,10.2063088850072
"211",11,3,10.0941963028934
"212",12,3,10.6306139901033
"213",13,3,10.4502828199679
"214",14,3,10.0944355142516
"215",15,3,9.97891125572874
"216",16,3,9.95007481684687
"217",17,3,9.98236840866652
"218",18,3,9.92049680617747
"219",19,3,9.88746510821291
"220",20,3,9.99962138307159
"221",21,3,9.91570853145869
"222",22,3,9.8571717461281
"223",23,3,10.0124711687327
"224",24,3,10.6868708108903
"225",25,3,10.3359486858617
"226",26,3,10.8164017216757
"227",27,3,10.1466324124162
"228",28,3,10.5785706015767
"229",29,3,10.4750643530188
"230",30,3,10.2204524519539
"231",31,3,10.457697005412
"232",32,3,10.6117106087469
"233",33,3,10.1950099387956
"234",34,3,10.8613527332598
"235",35,3,10.3572961388089
"236",36,3,10.2845665869325
"237",37,3,10.6983998927975
"238",38,3,10.2418385024814
"239",39,3,10.101153613293
"240",40,3,10.8686577218669
"241",41,3,10.1631111929174
"242",42,3,10.7403130451994
"243",43,3,10.9906464381259
"244",44,3,10.7575282227701
"245",45,3,10.0747444659722
"246",46,3,11.2983440911772
"247",47,3,10.4016751455541
"248",48,3,10.1202906024604
"249",49,3,10.2313163967894
"250",50,3,10.09589908821
"251",51,3,19.1041306126935
"252",52,3,18.390723962017
"253",53,3,20.9283735923534
"254",54,3,18.1774359243934
"255",55,3,18.3789093014946
"256",56,3,18.2285867454668
"257",57,3,18.3438478212965
"258",58,3,19.1728913169068
"259",59,3,18.7534644958556
"260",60,3,20.191674364343
"261",61,3,18.5718352964896
"262",62,3,19.061921289946
"263",63,3,18.5389562995308
"264",64,3,18.1237537648734
"265",65,3,18.841398023989
"266",66,3,18.5196099216552
"267",67,3,18.421219914576
"268",68,3,18.9767874992021
"269",69,3,18.2235340461214
"270",70,3,19.0289312918293
"271",71,3,19.2735854601345
"272",72,3,19.7356982367694
"273",73,3,18.351348069542
"274",74,3,18.6080735903981
"275",75,3,19.4766049008703
"276",76,3,19.2182004303413
"277",77,3,23.2355169227446
"278",78,3,18.9108700451751
"279",79,3,19.0676709823945
"280",80,3,19.442598973276
"281",81,3,18.8638553877669
"282",82,3,19.1676215400836
"283",83,3,18.6967514371117
"284",84,3,18.6811667545772
"285",85,3,19.1933460687943
"286",86,3,18.5678770572876
"287",87,3,18.2998783943644
"288",88,3,23.0939487763104
"289",89,3,19.540975099949
"290",90,3,19.3115634403018
"291",91,3,18.7150307827475
"292",92,3,20.1051993152955
"293",93,3,19.3562933505624
"294",94,3,19.5346327769267
"295",95,3,19.0772461401074
"296",96,3,18.8220759405152
"297",97,3,18.4126001005498
"298",98,3,18.2309808033684
"299",99,3,17.7991533795407
"300",100,3,18.1849722134261
"301",1,4,11.0085547828103
"302",2,4,10.4398478041062
"303",3,4,10.0545213755379
"304",4,4,0
"305",5,4,10.0018649456593
"306",6,4,10.1480027044372
"307",7,4,10.2713921508232
"308",8,4,10.7783987190288
"309",9,4,10.6264441247073
"310",10,4,10.3023512898919
"311",11,4,10.3659382553425
"312",12,4,10.5179599424403
"313",13,4,10.3668047725173
"314",14,4,10.3873650582828
"315",15,4,10.6371732320985
"316",16,4,9.89446293813717
"317",17,4,10.3485566582939
"318",18,4,10.5256150859727
"319",19,4,10.3896119462205
"320",20,4,10.5146256460461
"321",21,4,10.2808791247798
"322",22,4,10.0802488399882
"323",23,4,10.3438020209405
"324",24,4,10.8944733698954
"325",25,4,11.0614570097319
"326",26,4,11.3223555007898
"327",27,4,10.2708558703511
"328",28,4,10.7697379865612
"329",29,4,10.3617653423808
"330",30,4,10.841196560112
"331",31,4,10.6109574145828
"332",32,4,11.1870582597719
"333",33,4,10.8863287727786
"334",34,4,11.5241852991379
"335",35,4,10.4991937127438
"336",36,4,10.3978350800036
"337",37,4,11.1900226473975
"338",38,4,10.6106004228928
"339",39,4,10.5277161980442
"340",40,4,11.2175636607879
"341",41,4,10.5253214232516
"342",42,4,11.1837292329381
"343",43,4,11.6347846974545
"344",44,4,10.9195680066833
"345",45,4,10.6578607541075
"346",46,4,10.7685519874724
"347",47,4,10.6505044239029
"348",48,4,10.7492758952457
"349",49,4,10.4313158856799
"350",50,4,10.5320939775062
"351",51,4,19.9224685630828
"352",52,4,19.2697265797075
"353",53,4,21.3286479688677
"354",54,4,18.7216496594005
"355",55,4,18.948701492239
"356",56,4,18.7006990028874
"357",57,4,19.1142992019358
"358",58,4,19.6641915269411
"359",59,4,19.1694339445065
"360",60,4,20.8139274353448
"361",61,4,18.9195282617081
"362",62,4,19.6087712665633
"363",63,4,19.1189649475513
"364",64,4,18.9259029303479
"365",65,4,19.4332524251197
"366",66,4,19.0660481514704
"367",67,4,18.9919955747661
"368",68,4,19.4750019327062
"369",69,4,18.9218706098228
"370",70,4,19.668331783431
"371",71,4,19.7823942887687
"372",72,4,20.3132822146685
"373",73,4,19.1115381555494
"374",74,4,19.5288344328165
"375",75,4,20.1005894300536
"376",76,4,19.9222220920388
"377",77,4,23.9252964895103
"378",78,4,19.7582123060424
"379",79,4,19.7967023524233
"380",80,4,20.0626503398589
"381",81,4,19.4210493213844
"382",82,4,19.7729996276382
"383",83,4,19.5003773590923
"384",84,4,19.434118025936
"385",85,4,19.8145532512954
"386",86,4,19.3139355744655
"387",87,4,18.7318447115592
"388",88,4,23.8701884157778
"389",89,4,20.1073490247195
"390",90,4,19.7561824972903
"391",91,4,19.2337454821543
"392",92,4,20.8041379694962
"393",93,4,19.8775069904451
"394",94,4,20.1027458414398
"395",95,4,19.6936554574666
"396",96,4,19.3462204360888
"397",97,4,19.048555980032
"398",98,4,18.7392258115996
"399",99,4,18.4913398626803
"400",100,4,18.8545307658561
"401",1,5,10.1298700328042
"402",2,5,10.4078860339483
"403",3,5,9.64149752356379
"404",4,5,10.0018649456593
"405",5,5,0
"406",6,5,9.13102168555085
"407",7,5,9.09616007576432
"408",8,5,9.67788036494934
"409",9,5,9.74759669231121
"410",10,5,9.79151615601303
"411",11,5,10.1398467672877
"412",12,5,10.5625726604159
"413",13,5,10.1525757973117
"414",14,5,9.65639813568883
"415",15,5,9.77120028398918
"416",16,5,10.1051722381848
"417",17,5,9.88669614832465
"418",18,5,9.78945801987155
"419",19,5,10.0554452820641
"420",20,5,9.83968675404421
"421",21,5,9.76111760254082
"422",22,5,9.71863391622419
"423",23,5,9.58132185509387
"424",24,5,10.3360968413308
"425",25,5,10.6623234685091
"426",26,5,10.7321662891298
"427",27,5,9.84996981433209
"428",28,5,10.3694469410124
"429",29,5,10.8321617206044
"430",30,5,10.093641302352
"431",31,5,10.0030616892057
"432",32,5,10.6057636201572
"433",33,5,10.0251166971739
"434",34,5,10.367506865108
"435",35,5,10.012531846939
"436",36,5,10.3841149897993
"437",37,5,10.5408665522233
"438",38,5,10.1034302393852
"439",39,5,9.71632581254377
"440",40,5,10.7371834442979
"441",41,5,10.297645767395
"442",42,5,10.7336726590521
"443",43,5,10.8596817718409
"444",44,5,10.4953939909111
"445",45,5,10.0666220989349
"446",46,5,10.0509431800363
"447",47,5,10.1057029926613
"448",48,5,10.2954892530362
"449",49,5,9.94822910482235
"450",50,5,10.2566667717673
"451",51,5,18.887460791836
"452",52,5,18.2451935243632
"453",53,5,20.6974456438775
"454",54,5,17.9145026991371
"455",55,5,18.103235867606
"456",56,5,17.8888162981889
"457",57,5,18.0773200689509
"458",58,5,18.7427281127594
"459",59,5,18.3754664571163
"460",60,5,19.8967655995213
"461",61,5,18.1584956447169
"462",62,5,18.700441293109
"463",63,5,18.1436722695058
"464",64,5,17.9623230589677
"465",65,5,18.612802443943
"466",66,5,18.1906711131952
"467",67,5,18.216123782734
"468",68,5,18.6237389357025
"469",69,5,17.8254343340536
"470",70,5,18.8175566471756
"471",71,5,19.0057259224964
"472",72,5,19.5100957833517
"473",73,5,17.8982342612178
"474",74,5,18.3580498538112
"475",75,5,19.1127832060247
"476",76,5,18.903179758039
"477",77,5,23.2967979201352
"478",78,5,18.7516883927059
"479",79,5,18.81817928374
"480",80,5,19.1875658930414
"481",81,5,18.523085899853
"482",82,5,18.9523918889021
"483",83,5,18.6838370031719
"484",84,5,18.5327038640669
"485",85,5,19.1336179064565
"486",86,5,18.4341548719076
"487",87,5,17.8986487261465
"488",88,5,23.116289245906
"489",89,5,19.290672403662
"490",90,5,18.9664545021241
"491",91,5,18.3299767184484
"492",92,5,19.9530176783168
"493",93,5,18.9236105974265
"494",94,5,19.3073605513591
"495",95,5,18.7058409670019
"496",96,5,18.4908942315859
"497",97,5,18.1376768099576
"498",98,5,17.7494772136985
"499",99,5,17.5574866704899
"500",100,5,17.8076498067534
"501",1,6,10.3673429874601
"502",2,6,10.4873405190579
"503",3,6,10.3180779884688
"504",4,6,10.1480027044372
"505",5,6,9.13102168555085
"506",6,6,0
"507",7,6,9.29955118179652
"508",8,6,10.1435131655131
"509",9,6,9.57718520328955
"510",10,6,10.1221961851171
"511",11,6,10.2012283546331
"512",12,6,10.2414971362873
"513",13,6,10.1560778342696
"514",14,6,9.96892250209291
"515",15,6,10.2150799106621
"516",16,6,9.75691399058548
"517",17,6,9.71818270414627
"518",18,6,10.0134651445914
"519",19,6,10.2632953000172
"520",20,6,10.334841928808
"521",21,6,9.69482713307202
"522",22,6,9.8536873131383
"523",23,6,9.66332795729507
"524",24,6,10.6281060383343
"525",25,6,10.650827948725
"526",26,6,10.8694300992913
"527",27,6,9.97336243689546
"528",28,6,10.4257221679002
"529",29,6,10.1020269412754
"530",30,6,10.3587639273454
"531",31,6,9.90138421871079
"532",32,6,10.7052732905232
"533",33,6,10.1262192983323
"534",34,6,10.4779968439108
"535",35,6,9.76087530283612
"536",36,6,10.2507618886096
"537",37,6,10.7155609940122
"538",38,6,9.94349135855881
"539",39,6,9.61930010407164
"540",40,6,10.9754347705333
"541",41,6,10.1061194166845
"542",42,6,10.6222965095268
"543",43,6,10.9596592421277
"544",44,6,10.7211172291662
"545",45,6,10.1254706981127
"546",46,6,10.0961095268887
"547",47,6,10.3083596889356
"548",48,6,10.509884216693
"549",49,6,10.1642871360413
"550",50,6,9.92929099645241
"551",51,6,19.4960503582307
"552",52,6,18.8582379652021
"553",53,6,21.1519429419473
"554",54,6,18.2994502399713
"555",55,6,18.5839436132513
"556",56,6,18.3897157173529
"557",57,6,18.6746403769739
"558",58,6,19.3448459676382
"559",59,6,18.7702706538377
"560",60,6,20.5444090186563
"561",61,6,18.5256404504874
"562",62,6,19.2132799383147
"563",63,6,18.7695291114435
"564",64,6,18.4397537877552
"565",65,6,19.1322049525012
"566",66,6,18.5918063540666
"567",67,6,18.5006218668411
"568",68,6,19.2409862573284
"569",69,6,18.4097163489908
"570",70,6,19.4686490326945
"571",71,6,19.4333871951944
"572",72,6,20.0130165989798
"573",73,6,18.3812800607148
"574",74,6,18.9915632135947
"575",75,6,19.5844468631886
"576",76,6,19.400820680687
"577",77,6,23.7831820444766
"578",78,6,19.1618809844247
"579",79,6,19.1684323323311
"580",80,6,19.6193671889345
"581",81,6,18.9273304561637
"582",82,6,19.3706746072794
"583",83,6,19.0832016742293
"584",84,6,19.0756292633199
"585",85,6,19.6941651857038
"586",86,6,18.9553303357939
"587",87,6,18.4671602335027
"588",88,6,23.8318136031762
"589",89,6,19.8787668727627
"590",90,6,19.4465385097571
"591",91,6,19.0048665744812
"592",92,6,20.5563857829558
"593",93,6,19.4944597114513
"594",94,6,19.8331600644888
"595",95,6,19.3583048806214
"596",96,6,18.9668069795963
"597",97,6,18.6691057678388
"598",98,6,18.3528979515459
"599",99,6,18.2103435424791
"600",100,6,18.3673086561456
"601",1,7,9.79565557883211
"602",2,7,10.5107668880479
"603",3,7,10.1364390922778
"604",4,7,10.2713921508232
"605",5,7,9.09616007576432
"606",6,7,9.29955118179652
"607",7,7,0
"608",8,7,9.50727881046132
"609",9,7,9.44445692623521
"610",10,7,9.63212723140509
"611",11,7,9.73794083255008
"612",12,7,10.205708886969
"613",13,7,10.2365420199011
"614",14,7,9.77049886131669
"615",15,7,10.2016417393069
"616",16,7,10.007047944937
"617",17,7,9.75039568291731
"618",18,7,9.77807752698699
"619",19,7,10.0341699845916
"620",20,7,9.79434850277779
"621",21,7,9.46519472576036
"622",22,7,9.98359253990427
"623",23,7,9.53478192256586
"624",24,7,10.0934164930117
"625",25,7,10.4380896275532
"626",26,7,10.8205874211782
"627",27,7,10.0771295382929
"628",28,7,10.0719790795996
"629",29,7,10.4977773014052
"630",30,7,10.1734429875361
"631",31,7,9.95510914878395
"632",32,7,10.4275464273981
"633",33,7,10.0233664964299
"634",34,7,10.3071412331053
"635",35,7,9.71982134461898
"636",36,7,10.4103520546182
"637",37,7,10.5005732236875
"638",38,7,10.1792081995482
"639",39,7,9.43697477677611
"640",40,7,10.9915974010421
"641",41,7,10.1622068733408
"642",42,7,10.4246047039209
"643",43,7,10.5792828614444
"644",44,7,10.6724089182577
"645",45,7,10.0685901671313
"646",46,7,10.2895656770712
"647",47,7,10.3031286040486
"648",48,7,10.3295294089731
"649",49,7,9.6611082709236
"650",50,7,9.92475325049337
"651",51,7,19.225042950313
"652",52,7,18.6390541389491
"653",53,7,20.7152452375993
"654",54,7,18.1976637350027
"655",55,7,18.3857168180291
"656",56,7,18.1938266274376
"657",57,7,18.4358683955417
"658",58,7,18.9965977351535
"659",59,7,18.6967060582517
"660",60,7,20.2047081682631
"661",61,7,18.3573811834388
"662",62,7,18.8780493176569
"663",63,7,18.4475482911815
"664",64,7,18.276715079395
"665",65,7,18.9824434768554
"666",66,7,18.4527481651815
"667",67,7,18.3002304471148
"668",68,7,19.1698639799437
"669",69,7,18.2362022162293
"670",70,7,19.2584134594616
"671",71,7,19.2651938585906
"672",72,7,19.7970195286889
"673",73,7,18.3820551787813
"674",74,7,18.8948283381605
"675",75,7,19.4626893638771
"676",76,7,19.1355960960193
"677",77,7,23.473932842773
"678",78,7,19.0646970958416
"679",79,7,19.0453733148421
"680",80,7,19.5435596450867
"681",81,7,18.794563912295
"682",82,7,19.33370867988
"683",83,7,18.8582368500813
"684",84,7,18.6696356850058
"685",85,7,19.4720880757743
"686",86,7,18.7653944978941
"687",87,7,18.2286133048551
"688",88,7,23.398300751037
"689",89,7,19.5948423665186
"690",90,7,19.3156846095053
"691",91,7,18.7765581479409
"692",92,7,20.3091210647988
"693",93,7,19.2676197683257
"694",94,7,19.6283330549312
"695",95,7,19.0659478930474
"696",96,7,18.7144728120452
"697",97,7,18.3945013987695
"698",98,7,18.1354764094202
"699",99,7,17.9647129673922
"700",100,7,18.208703816574
"701",1,8,9.9796429738427
"702",2,8,10.6234531158034
"703",3,8,10.2075236524165
"704",4,8,10.7783987190288
"705",5,8,9.67788036494934
"706",6,8,10.1435131655131
"707",7,8,9.50727881046132
"708",8,8,0
"709",9,8,9.63785956507393
"710",10,8,9.58437151767336
"711",11,8,10.0420101229756
"712",12,8,10.7279373341702
"713",13,8,10.7129775199919
"714",14,8,9.86311612284329
"715",15,8,10.0388541597954
"716",16,8,10.257241553586
"717",17,8,10.1790049921708
"718",18,8,9.89892770898531
"719",19,8,10.1939575318689
"720",20,8,10.1622133266066
"721",21,8,9.65413037601482
"722",22,8,10.1678534799286
"723",23,8,9.96032480261022
"724",24,8,10.4778351531013
"725",25,8,10.4421250271593
"726",26,8,10.7183604365047
"727",27,8,10.2600140648214
"728",28,8,10.2809838490542
"729",29,8,10.8519596180367
"730",30,8,10.031888357236
"731",31,8,10.4454472908488
"732",32,8,10.5214779816288
"733",33,8,10.4207757889603
"734",34,8,10.4208040071026
"735",35,8,10.2917133202467
"736",36,8,10.5846235313996
"737",37,8,10.7150827443412
"738",38,8,10.2472188188998
"739",39,8,9.77199175543141
"740",40,8,10.5597690595325
"741",41,8,10.5206156105952
"742",42,8,10.5350485275597
"743",43,8,11.0762704349615
"744",44,8,11.035316394948
"745",45,8,10.4869527379157
"746",46,8,10.6916924656366
"747",47,8,10.4735273793422
"748",48,8,10.5025363944624
"749",49,8,9.97638304594725
"750",50,8,10.4267424927733
"751",51,8,18.9328966447836
"752",52,8,18.4960344123325
"753",53,8,20.8322225451539
"754",54,8,18.247332221082
"755",55,8,18.4727498970163
"756",56,8,18.1578311331478
"757",57,8,18.3784501658927
"758",58,8,19.0667370816013
"759",59,8,18.7392207568749
"760",60,8,19.953701789304
"761",61,8,18.5396042363019
"762",62,8,18.9442496864925
"763",63,8,18.3915070181306
"764",64,8,18.1792948121192
"765",65,8,18.8750799513065
"766",66,8,18.3563992187414
"767",67,8,18.2998167804911
"768",68,8,19.0293771641148
"769",69,8,18.0663982122545
"770",70,8,19.0468428120585
"771",71,8,19.1434004852755
"772",72,8,19.5294668368291
"773",73,8,18.031322224829
"774",74,8,18.6902790237963
"775",75,8,19.1311424025313
"776",76,8,18.8750082440635
"777",77,8,23.1093849127839
"778",78,8,18.9015151849615
"779",79,8,18.8133587472993
"780",80,8,19.3359474444477
"781",81,8,18.63992107143
"782",82,8,19.2520277488127
"783",83,8,18.7568037000221
"784",84,8,18.7139611696122
"785",85,8,19.1834884795333
"786",86,8,18.7735179197195
"787",87,8,18.2495047740863
"788",88,8,23.0465401411999
"789",89,8,19.4785811342635
"790",90,8,19.1575099394718
"791",91,8,18.7602023549418
"792",92,8,20.0913641154992
"793",93,8,19.2674415700991
"794",94,8,19.3818426684934
"795",95,8,19.0335139794931
"796",96,8,18.7108542730445
"797",97,8,18.1565609645334
"798",98,8,18.1414966532811
"799",99,8,17.9884454670036
"800",100,8,18.1566525266828
"801",1,9,9.58178787706449
"802",2,9,10.2838497766004
"803",3,9,10.0205398830626
"804",4,9,10.6264441247073
"805",5,9,9.74759669231121
"806",6,9,9.57718520328955
"807",7,9,9.44445692623521
"808",8,9,9.63785956507393
"809",9,9,0
"810",10,9,9.31738854487756
"811",11,9,9.71922143336101
"812",12,9,10.245543183706
"813",13,9,10.0159979697655
"814",14,9,9.75773204201684
"815",15,9,10.0924735799087
"816",16,9,10.2939561350728
"817",17,9,9.64220416917111
"818",18,9,9.89166581770938
"819",19,9,10.263165247826
"820",20,9,10.2151281772046
"821",21,9,9.59227922359024
"822",22,9,9.85654651016088
"823",23,9,9.96265461651867
"824",24,9,10.4254329170321
"825",25,9,10.3490633753822
"826",26,9,10.4914451351124
"827",27,9,9.72025462937243
"828",28,9,9.87454229022156
"829",29,9,10.1538778655943
"830",30,9,9.99941553855167
"831",31,9,10.2574320380716
"832",32,9,10.1599132721715
"833",33,9,10.061669890657
"834",34,9,9.9765192534765
"835",35,9,9.75699370392805
"836",36,9,10.4151008430962
"837",37,9,10.3047854473466
"838",38,9,9.97035808701257
"839",39,9,9.7504213117893
"840",40,9,10.3581151017166
"841",41,9,9.96619866421746
"842",42,9,10.0524023856926
"843",43,9,10.7925240114442
"844",44,9,10.6282398464958
"845",45,9,9.9167409187671
"846",46,9,10.6506962027536
"847",47,9,10.1318031267271
"848",48,9,10.0459301279547
"849",49,9,10.0490337454902
"850",50,9,10.2656887085036
"851",51,9,19.0051258215878
"852",52,9,18.3236753653078
"853",53,9,20.7168750959147
"854",54,9,17.9827456235139
"855",55,9,18.2129441687836
"856",56,9,18.0860394581901
"857",57,9,18.3069281075822
"858",58,9,18.8806651508354
"859",59,9,18.5724125061691
"860",60,9,20.1130651059893
"861",61,9,18.3483278414576
"862",62,9,18.8856771737418
"863",63,9,18.4357255993183
"864",64,9,18.0642524680031
"865",65,9,18.7286227948358
"866",66,9,18.3910099295803
"867",67,9,18.1850363998994
"868",68,9,18.7958633413904
"869",69,9,18.1433050005579
"870",70,9,18.9550901081838
"871",71,9,18.8766298807517
"872",72,9,19.5098038276798
"873",73,9,17.9643311104654
"874",74,9,18.6698626748076
"875",75,9,19.2629228574556
"876",76,9,19.0134512912695
"877",77,9,23.1009506712716
"878",78,9,18.9663869934248
"879",79,9,19.0061737360798
"880",80,9,19.4689856188658
"881",81,9,18.6886216611591
"882",82,9,19.0476416055973
"883",83,9,18.7935527535954
"884",84,9,18.7314070996854
"885",85,9,19.2046845735528
"886",86,9,18.6500600333729
"887",87,9,18.1154868369873
"888",88,9,23.1060995113936
"889",89,9,19.4350781964434
"890",90,9,19.1763470973036
"891",91,9,18.7228559718929
"892",92,9,20.0298552878581
"893",93,9,19.0927033378263
"894",94,9,19.4592495986257
"895",95,9,18.922600499565
"896",96,9,18.6732128613367
"897",97,9,18.3540868278369
"898",98,9,18.1175390007643
"899",99,9,17.8508488006525
"900",100,9,18.0288787512056
"901",1,10,10.0077819928804
"902",2,10,10.375573129628
"903",3,10,10.2063088850072
"904",4,10,10.3023512898919
"905",5,10,9.79151615601303
"906",6,10,10.1221961851171
"907",7,10,9.63212723140509
"908",8,10,9.58437151767336
"909",9,10,9.31738854487756
"910",10,10,0
"911",11,10,9.52964509270474
"912",12,10,9.88246438421677
"913",13,10,9.69645449964057
"914",14,10,9.63232007476725
"915",15,10,9.89174205164678
"916",16,10,10.1259788708835
"917",17,10,9.40844295005629
"918",18,10,9.71551070670459
"919",19,10,9.99425417959844
"920",20,10,9.93471017494928
"921",21,10,9.65861675468471
"922",22,10,9.80940577776961
"923",23,10,9.77226869468558
"924",24,10,10.1748819143855
"925",25,10,10.3950723056894
"926",26,10,10.842213607397
"927",27,10,9.94633304632286
"928",28,10,9.90680110356404
"929",29,10,10.4800079550296
"930",30,10,10.4717097793375
"931",31,10,10.0102211113766
"932",32,10,9.86211175136197
"933",33,10,9.89443332270235
"934",34,10,10.108366746038
"935",35,10,9.86712645058467
"936",36,10,10.179113687467
"937",37,10,10.5354417420796
"938",38,10,10.2212742330762
"939",39,10,10.1596998688567
"940",40,10,10.3136233561749
"941",41,10,10.3073435484479
"942",42,10,10.2147346016479
"943",43,10,10.9691458590542
"944",44,10,10.8233592412594
"945",45,10,10.1531051613136
"946",46,10,10.5963236215882
"947",47,10,10.0493576054638
"948",48,10,10.2312958488842
"949",49,10,9.90683413868621
"950",50,10,10.1680564042102
"951",51,10,18.8924983951123
"952",52,10,17.9707308420373
"953",53,10,20.5236309096014
"954",54,10,17.8664060996004
"955",55,10,17.96255359736
"956",56,10,17.7053926373651
"957",57,10,18.0256965181178
"958",58,10,18.6070166568288
"959",59,10,18.3157243790652
"960",60,10,19.8508115703503
"961",61,10,18.1540307701355
"962",62,10,18.5979982000708
"963",63,10,18.1858967644767
"964",64,10,17.8426840203285
"965",65,10,18.5048359669438
"966",66,10,17.9289535035472
"967",67,10,17.8108420205633
"968",68,10,18.5815556806046
"969",69,10,17.6344159644857
"970",70,10,18.6796713310344
"971",71,10,18.7164387979398
"972",72,10,19.3391316151851
"973",73,10,17.744239573321
"974",74,10,18.260076378746
"975",75,10,18.9750268687161
"976",76,10,18.7203759762351
"977",77,10,23.016071549455
"978",78,10,18.7086538259185
"979",79,10,18.7138042195
"980",80,10,19.1368275657788
"981",81,10,18.3130416698268
"982",82,10,18.7760569137733
"983",83,10,18.4249177183821
"984",84,10,18.2938535266173
"985",85,10,18.8754005759691
"986",86,10,18.3266384584874
"987",87,10,17.6510593863554
"988",88,10,23.0413698411248
"989",89,10,19.2234296614695
"990",90,10,18.8735167534891
"991",91,10,18.3584515524914
"992",92,10,19.7681756758351
"993",93,10,18.9129514030624
"994",94,10,19.1593774548598
"995",95,10,18.6907678484526
"996",96,10,18.3348463423652
"997",97,10,17.7241045001448
"998",98,10,17.704994935285
"999",99,10,17.5896190029714
"1000",100,10,17.651223803761
"1001",1,11,10.1810749745035
"1002",2,11,10.7080479688738
"1003",3,11,10.0941963028934
"1004",4,11,10.3659382553425
"1005",5,11,10.1398467672877
"1006",6,11,10.2012283546331
"1007",7,11,9.73794083255008
"1008",8,11,10.0420101229756
"1009",9,11,9.71922143336101
"1010",10,11,9.52964509270474
"1011",11,11,0
"1012",12,11,9.45123120036412
"1013",13,11,9.91696841458629
"1014",14,11,9.50159793972036
"1015",15,11,9.89451190510849
"1016",16,11,10.1194783319287
"1017",17,11,9.69743635623253
"1018",18,11,9.78287104729066
"1019",19,11,10.1522992989859
"1020",20,11,9.94257303634317
"1021",21,11,9.60992447230828
"1022",22,11,9.78078858247921
"1023",23,11,9.827906607666
"1024",24,11,10.354729798928
"1025",25,11,10.346372589618
"1026",26,11,10.6080581569656
"1027",27,11,9.95920696080435
"1028",28,11,10.1897150661666
"1029",29,11,10.289965423097
"1030",30,11,10.2865997007529
"1031",31,11,10.0638330969263
"1032",32,11,10.4719906289829
"1033",33,11,10.0551611592973
"1034",34,11,10.4192700114581
"1035",35,11,9.84468775250665
"1036",36,11,10.2443273767774
"1037",37,11,10.6520742483215
"1038",38,11,10.2772535668057
"1039",39,11,9.95518336227689
"1040",40,11,10.9571376627051
"1041",41,11,10.3053309017458
"1042",42,11,10.4804368860513
"1043",43,11,11.0175598335199
"1044",44,11,10.9361211077841
"1045",45,11,10.1485642189744
"1046",46,11,10.5952756097136
"1047",47,11,9.98821637317971
"1048",48,11,10.2360242070941
"1049",49,11,10.2707305933445
"1050",50,11,10.4409201578537
"1051",51,11,19.7588156177418
"1052",52,11,19.0553511445324
"1053",53,11,21.7264784998856
"1054",54,11,18.8157215128145
"1055",55,11,19.0508849646233
"1056",56,11,18.8300442647909
"1057",57,11,18.8623365438537
"1058",58,11,19.6987352297724
"1059",59,11,19.3387360092611
"1060",60,11,20.7793278657847
"1061",61,11,19.1009295227327
"1062",62,11,19.5792604293487
"1063",63,11,19.101686943631
"1064",64,11,18.822983715485
"1065",65,11,19.5159467531281
"1066",66,11,18.9260719978112
"1067",67,11,18.931537463045
"1068",68,11,19.5518091405572
"1069",69,11,18.8098084564751
"1070",70,11,19.7639500934122
"1071",71,11,19.7900490785096
"1072",72,11,20.2926133290871
"1073",73,11,18.7337961153071
"1074",74,11,19.4493760384863
"1075",75,11,20.0252672469169
"1076",76,11,19.6638111409309
"1077",77,11,23.9782074634066
"1078",78,11,19.658394841107
"1079",79,11,19.7020492564124
"1080",80,11,20.0137187984386
"1081",81,11,19.3855650333447
"1082",82,11,19.8988965834728
"1083",83,11,19.3195858526376
"1084",84,11,19.4008020132358
"1085",85,11,19.8146621171189
"1086",86,11,19.2934709102317
"1087",87,11,18.6761489148584
"1088",88,11,23.97352936401
"1089",89,11,20.2210366595115
"1090",90,11,19.8120590839153
"1091",91,11,19.3002822342084
"1092",92,11,20.778558095628
"1093",93,11,19.9472181277272
"1094",94,11,20.1659748426859
"1095",95,11,19.7553730339995
"1096",96,11,19.3829034123774
"1097",97,11,18.9417570835508
"1098",98,11,18.7010504314764
"1099",99,11,18.4022458885666
"1100",100,11,18.6051478498581
"1101",1,12,10.6463349868156
"1102",2,12,10.4212840850302
"1103",3,12,10.6306139901033
"1104",4,12,10.5179599424403
"1105",5,12,10.5625726604159
"1106",6,12,10.2414971362873
"1107",7,12,10.205708886969
"1108",8,12,10.7279373341702
"1109",9,12,10.245543183706
"1110",10,12,9.88246438421677
"1111",11,12,9.45123120036412
"1112",12,12,0
"1113",13,12,9.2350894226127
"1114",14,12,9.74551802190808
"1115",15,12,10.3633453786566
"1116",16,12,9.84710324182272
"1117",17,12,9.89803796065954
"1118",18,12,10.3011343058972
"1119",19,12,10.0483563683194
"1120",20,12,10.0741077080568
"1121",21,12,9.84573370454819
"1122",22,12,10.0882331248672
"1123",23,12,10.1525940401128
"1124",24,12,10.5767046591035
"1125",25,12,10.7494306269584
"1126",26,12,11.0387131935223
"1127",27,12,10.3339357648021
"1128",28,12,10.0378441863602
"1129",29,12,9.89301115606889
"1130",30,12,10.4464718365869
"1131",31,12,9.98769586558922
"1132",32,12,10.6412853286869
"1133",33,12,9.8433720142754
"1134",34,12,10.3128677650867
"1135",35,12,9.75662182916837
"1136",36,12,10.0686960134824
"1137",37,12,10.729247141982
"1138",38,12,10.3227839857859
"1139",39,12,9.90849216964874
"1140",40,12,10.7392842305001
"1141",41,12,10.359712469116
"1142",42,12,10.5283669466056
"1143",43,12,11.152819691134
"1144",44,12,10.9117134539626
"1145",45,12,9.91788659014484
"1146",46,12,10.3202910553094
"1147",47,12,10.3274541141448
"1148",48,12,10.7033146667392
"1149",49,12,10.0710138313245
"1150",50,12,10.0965713177162
"1151",51,12,19.8719564165545
"1152",52,12,19.1880806267984
"1153",53,12,21.5236789229818
"1154",54,12,18.8925327712006
"1155",55,12,19.0565284744716
"1156",56,12,18.9671155365875
"1157",57,12,19.0965459687725
"1158",58,12,19.8162449607831
"1159",59,12,19.4145006273914
"1160",60,12,20.8181853072733
"1161",61,12,19.1702273674916
"1162",62,12,19.6395531058848
"1163",63,12,19.1320629758007
"1164",64,12,18.9738277707752
"1165",65,12,19.646272868973
"1166",66,12,19.2132921065561
"1167",67,12,19.047407888698
"1168",68,12,19.6692034148503
"1169",69,12,18.9090346826589
"1170",70,12,19.8961872689613
"1171",71,12,19.8423668153766
"1172",72,12,20.3432521064375
"1173",73,12,19.0144237000665
"1174",74,12,19.6086490710293
"1175",75,12,20.1245733115401
"1176",76,12,19.748435159278
"1177",77,12,23.9430842214427
"1178",78,12,19.7653843014456
"1179",79,12,19.6463752220183
"1180",80,12,20.1540434703894
"1181",81,12,19.4434449939831
"1182",82,12,20.0710311472631
"1183",83,12,19.5459979390503
"1184",84,12,19.5168171593924
"1185",85,12,20.0862447711496
"1186",86,12,19.4750695793988
"1187",87,12,18.9853421037317
"1188",88,12,24.0806130811648
"1189",89,12,20.3251352197863
"1190",90,12,19.8856110059191
"1191",91,12,19.4071505763778
"1192",92,12,20.8839442592544
"1193",93,12,19.9361078723081
"1194",94,12,20.4785638979396
"1195",95,12,19.898541014065
"1196",96,12,19.584079635401
"1197",97,12,19.15430421756
"1198",98,12,18.8868051986279
"1199",99,12,18.6732783691324
"1200",100,12,18.7805585578864
"1201",1,13,10.3972480808891
"1202",2,13,10.4845051559401
"1203",3,13,10.4502828199679
"1204",4,13,10.3668047725173
"1205",5,13,10.1525757973117
"1206",6,13,10.1560778342696
"1207",7,13,10.2365420199011
"1208",8,13,10.7129775199919
"1209",9,13,10.0159979697655
"1210",10,13,9.69645449964057
"1211",11,13,9.91696841458629
"1212",12,13,9.2350894226127
"1213",13,13,0
"1214",14,13,9.88449058203759
"1215",15,13,10.300979585016
"1216",16,13,9.5873654505324
"1217",17,13,9.54197510144019
"1218",18,13,9.97633855122116
"1219",19,13,10.0802571317761
"1220",20,13,10.5954272989906
"1221",21,13,10.1508716819961
"1222",22,13,10.1243648880456
"1223",23,13,10.0094023096358
"1224",24,13,10.5332733863517
"1225",25,13,10.8348584885151
"1226",26,13,11.4673875019192
"1227",27,13,10.1319716916369
"1228",28,13,10.0135283863861
"1229",29,13,10.1313507597006
"1230",30,13,10.537684533366
"1231",31,13,9.77107225089713
"1232",32,13,10.4086558583539
"1233",33,13,9.77166211502716
"1234",34,13,10.8578860812248
"1235",35,13,9.8785954940948
"1236",36,13,10.1700648942203
"1237",37,13,11.117854376355
"1238",38,13,10.3028392247339
"1239",39,13,10.4442636931843
"1240",40,13,10.7636246529663
"1241",41,13,10.2764654277807
"1242",42,13,10.5318659040995
"1243",43,13,11.3193279079866
"1244",44,13,11.3250085484355
"1245",45,13,10.1842799910301
"1246",46,13,10.4169928233658
"1247",47,13,10.3707758617024
"1248",48,13,10.6150988485799
"1249",49,13,10.1846527157045
"1250",50,13,10.157410006919
"1251",51,13,19.8177838435292
"1252",52,13,18.8663991123415
"1253",53,13,21.4394397200174
"1254",54,13,18.7942659567421
"1255",55,13,18.9837765888408
"1256",56,13,18.7344598656963
"1257",57,13,19.0391723106897
"1258",58,13,19.6177009215393
"1259",59,13,19.222087645015
"1260",60,13,20.6030587370694
"1261",61,13,19.0961406702451
"1262",62,13,19.4476320260613
"1263",63,13,19.0432778388914
"1264",64,13,18.8309923263779
"1265",65,13,19.5176152293556
"1266",66,13,18.9252499943706
"1267",67,13,18.791882852545
"1268",68,13,19.4504898210084
"1269",69,13,18.8188156650636
"1270",70,13,19.8309997512195
"1271",71,13,19.8576390646343
"1272",72,13,20.3923095682532
"1273",73,13,18.8217988610053
"1274",74,13,19.1701365097315
"1275",75,13,19.8104177789774
"1276",76,13,19.6465766240493
"1277",77,13,23.8426440448973
"1278",78,13,19.4589134427306
"1279",79,13,19.4275553771268
"1280",80,13,19.9143144915675
"1281",81,13,19.3056379608966
"1282",82,13,19.7478057475767
"1283",83,13,19.2617051226047
"1284",84,13,19.4531181589659
"1285",85,13,20.0262102728953
"1286",86,13,19.3071078233651
"1287",87,13,18.9330890373327
"1288",88,13,24.024985715383
"1289",89,13,20.2333551302943
"1290",90,13,19.7966072384577
"1291",91,13,19.2540391078506
"1292",92,13,20.8093070990623
"1293",93,13,19.8771341594801
"1294",94,13,20.2878687832041
"1295",95,13,19.7108274151314
"1296",96,13,19.2900952085539
"1297",97,13,18.9092003085119
"1298",98,13,18.7184316208917
"1299",99,13,18.4686234161873
"1300",100,13,18.5915724027932
"1301",1,14,9.86959131719263
"1302",2,14,10.3727548476967
"1303",3,14,10.0944355142516
"1304",4,14,10.3873650582828
"1305",5,14,9.65639813568883
"1306",6,14,9.96892250209291
"1307",7,14,9.77049886131669
"1308",8,14,9.86311612284329
"1309",9,14,9.75773204201684
"1310",10,14,9.63232007476725
"1311",11,14,9.50159793972036
"1312",12,14,9.74551802190808
"1313",13,14,9.88449058203759
"1314",14,14,0
"1315",15,14,9.35002535337587
"1316",16,14,9.58697872207639
"1317",17,14,9.60011314181939
"1318",18,14,9.47840046622992
"1319",19,14,9.99307918617987
"1320",20,14,9.76763157872031
"1321",21,14,9.6730863310083
"1322",22,14,9.80684109837875
"1323",23,14,9.74063282865599
"1324",24,14,10.1338409689513
"1325",25,14,10.2216229662376
"1326",26,14,10.4539235824652
"1327",27,14,9.67437578839231
"1328",28,14,10.1274605219584
"1329",29,14,10.4091840363469
"1330",30,14,9.90483635836439
"1331",31,14,10.1141487072323
"1332",32,14,10.3559664488544
"1333",33,14,9.8375913459572
"1334",34,14,10.0879460635675
"1335",35,14,9.88573105069315
"1336",36,14,9.92173116115709
"1337",37,14,10.5408153474245
"1338",38,14,10.059639230032
"1339",39,14,9.69965022460069
"1340",40,14,10.5829509376456
"1341",41,14,9.99818448424988
"1342",42,14,10.2961919615733
"1343",43,14,10.8505818331205
"1344",44,14,10.4437909228198
"1345",45,14,9.83925604948027
"1346",46,14,10.0671135533384
"1347",47,14,9.55991365879139
"1348",48,14,10.0884757148806
"1349",49,14,9.86486032035729
"1350",50,14,10.1706192553302
"1351",51,14,19.2542732582935
"1352",52,14,18.6482287358547
"1353",53,14,21.0218924237386
"1354",54,14,18.2065678414027
"1355",55,14,18.4233945303878
"1356",56,14,18.2602318822391
"1357",57,14,18.5033481039723
"1358",58,14,19.182629950151
"1359",59,14,18.7988970836435
"1360",60,14,20.3206765550632
"1361",61,14,18.5892397365835
"1362",62,14,19.2179111098587
"1363",63,14,18.6895212162416
"1364",64,14,18.2635293801917
"1365",65,14,18.9374656427888
"1366",66,14,18.3627925235807
"1367",67,14,18.281722378987
"1368",68,14,19.1083527027775
"1369",69,14,18.3505374433324
"1370",70,14,19.1709054366752
"1371",71,14,19.1979034303424
"1372",72,14,19.7925734168793
"1373",73,14,18.3296104260079
"1374",74,14,18.8777693109924
"1375",75,14,19.4716351741162
"1376",76,14,19.1307775703924
"1377",77,14,23.4424714124188
"1378",78,14,19.0565653335153
"1379",79,14,19.1235924556369
"1380",80,14,19.6014979125594
"1381",81,14,18.8084053247104
"1382",82,14,19.3102938275698
"1383",83,14,19.008372439777
"1384",84,14,18.8144393453079
"1385",85,14,19.3851223632285
"1386",86,14,18.8742404647597
"1387",87,14,18.3199743156223
"1388",88,14,23.3178667734754
"1389",89,14,19.7223707094101
"1390",90,14,19.2579013283213
"1391",91,14,18.7668896483957
"1392",92,14,20.2871095247021
"1393",93,14,19.4803635607556
"1394",94,14,19.7617428194957
"1395",95,14,19.3470224426924
"1396",96,14,18.9719226342265
"1397",97,14,18.4772191906315
"1398",98,14,18.3356932504096
"1399",99,14,18.0270015140142
"1400",100,14,18.1159848376245
"1401",1,15,10.0045196180295
"1402",2,15,10.1423922446193
"1403",3,15,9.97891125572874
"1404",4,15,10.6371732320985
"1405",5,15,9.77120028398918
"1406",6,15,10.2150799106621
"1407",7,15,10.2016417393069
"1408",8,15,10.0388541597954
"1409",9,15,10.0924735799087
"1410",10,15,9.89174205164678
"1411",11,15,9.89451190510849
"1412",12,15,10.3633453786566
"1413",13,15,10.300979585016
"1414",14,15,9.35002535337587
"1415",15,15,0
