"","row","col","value"
"1",1,1,0
"2",2,1,9.36066659393015
"3",3,1,10.1666600260637
"4",4,1,10.3118807390472
"5",5,1,10.6800246401617
"6",6,1,10.7799110413816
"7",7,1,10.6229694462009
"8",8,1,10.7563614655253
"9",9,1,10.9027783638746
"10",10,1,11.0555260310576
"11",11,1,11.2079925742784
"12",12,1,11.5018709849829
"13",13,1,10.7524657147788
"14",14,1,11.0609180397845
"15",15,1,10.7839687776366
"16",16,1,10.4161298014669
"17",17,1,10.5681185124292
"18",18,1,10.550960905957
"19",19,1,10.4086061815809
"20",20,1,9.78805414531517
"21",21,1,10.2569396445167
"22",22,1,11.030514450258
"23",23,1,10.9944527719831
"24",24,1,13.4440608096418
"25",25,1,10.7030352279616
"26",26,1,10.7886182621654
"27",27,1,11.270069873913
"28",28,1,10.2229964181806
"29",29,1,10.4879030627561
"30",30,1,11.4453698220294
"31",31,1,11.2509027064313
"32",32,1,11.3148688072084
"33",33,1,11.928568568802
"34",34,1,10.7280642622967
"35",35,1,10.6844763031493
"36",36,1,11.3268624498148
"37",37,1,10.1013712460613
"38",38,1,12.9002974538712
"39",39,1,10.7597032554301
"40",40,1,11.0258166564554
"41",41,1,11.0542044103868
"42",42,1,10.7181990352387
"43",43,1,10.7214774409982
"44",44,1,10.4254245740079
"45",45,1,9.900885354038
"46",46,1,11.2037415483279
"47",47,1,10.9516561752558
"48",48,1,11.5669399754037
"49",49,1,11.3273139020407
"50",50,1,10.3063916936358
"51",51,1,15.8284686290409
"52",52,1,15.5707243075541
"53",53,1,17.3734852927428
"54",54,1,16.2426829721939
"55",55,1,15.4425960437693
"56",56,1,16.0391030653191
"57",57,1,16.1691942932691
"58",58,1,16.1835380634699
"59",59,1,16.3870578543517
"60",60,1,16.9019961538349
"61",61,1,15.9654129124255
"62",62,1,16.1407227732149
"63",63,1,15.8355405056259
"64",64,1,15.392690314858
"65",65,1,15.8665685522699
"66",66,1,16.1079440403534
"67",67,1,15.9418590249853
"68",68,1,16.4897933925796
"69",69,1,15.8946655714728
"70",70,1,15.4509093538581
"71",71,1,15.877410637109
"72",72,1,16.004673250349
"73",73,1,15.7226211992757
"74",74,1,15.2406033142902
"75",75,1,16.5359594069804
"76",76,1,15.6503737866237
"77",77,1,17.5626169914697
"78",78,1,15.7841603733647
"79",79,1,16.4827970451584
"80",80,1,16.6058574513033
"81",81,1,16.4335458186085
"82",82,1,16.3752037149736
"83",83,1,16.4393666769079
"84",84,1,15.793278091202
"85",85,1,16.0105284670289
"86",86,1,15.424233707939
"87",87,1,16.0169513088439
"88",88,1,17.0085932883074
"89",89,1,15.878962837076
"90",90,1,16.0751938383766
"91",91,1,16.6583062672674
"92",92,1,16.3648826156065
"93",93,1,16.3815361455381
"94",94,1,16.935226133247
"95",95,1,16.1251495147523
"96",96,1,16.0544281407472
"97",97,1,16.2110242832842
"98",98,1,16.5164214237964
"99",99,1,16.0603065756284
"100",100,1,15.9969818358359
"101",1,2,9.36066659393015
"102",2,2,0
"103",3,2,10.1685737222155
"104",4,2,10.6023651956605
"105",5,2,10.8285115352832
"106",6,2,11.1536508133915
"107",7,2,10.6826503760229
"108",8,2,11.2691165273501
"109",9,2,11.3670923062345
"110",10,2,11.4814572301692
"111",11,2,11.1535608992391
"112",12,2,11.5130153430052
"113",13,2,10.1554042935873
"114",14,2,11.1181240327598
"115",15,2,10.2514975131381
"116",16,2,10.31931592828
"117",17,2,10.2192753577607
"118",18,2,10.5575540409895
"119",19,2,10.2049289195354
"120",20,2,10.2010975008082
"121",21,2,10.3832669725244
"122",22,2,11.7403167961864
"123",23,2,11.6592549877958
"124",24,2,13.6716142259322
"125",25,2,10.7746367192473
"126",26,2,10.7233876420856
"127",27,2,11.1447915955387
"128",28,2,10.3422694220513
"129",29,2,10.5478920883514
"130",30,2,11.3799517403889
"131",31,2,11.4574746332516
"132",32,2,11.4714361336201
"133",33,2,11.8952579139488
"134",34,2,11.0242442121613
"135",35,2,10.9708727006654
"136",36,2,11.4420253442614
"137",37,2,10.5043580225765
"138",38,2,12.5011752658992
"139",39,2,11.0546305008258
"140",40,2,10.9309302496221
"141",41,2,10.6316256305004
"142",42,2,10.5671162715689
"143",43,2,10.7815769916494
"144",44,2,10.189964066626
"145",45,2,10.6458377640894
"146",46,2,11.3855048989334
"147",47,2,11.1663308225371
"148",48,2,11.7105053069002
"149",49,2,11.5371674195186
"150",50,2,11.129055824815
"151",51,2,15.8171953472532
"152",52,2,15.7182556785533
"153",53,2,17.6710795059466
"154",54,2,16.4315940779118
"155",55,2,15.6814722965221
"156",56,2,16.1801156846372
"157",57,2,16.3674568632951
"158",58,2,16.6897492382792
"159",59,2,16.6262972934901
"160",60,2,16.6147076286837
"161",61,2,16.4023350587971
"162",62,2,16.1928901461532
"163",63,2,16.167679616605
"164",64,2,15.4476193971973
"165",65,2,16.0352519353516
"166",66,2,16.4225172265466
"167",67,2,15.993939095409
"168",68,2,16.6626025062383
"169",69,2,16.1938792689409
"170",70,2,15.6030564307013
"171",71,2,16.085143632056
"172",72,2,16.0319676295195
"173",73,2,15.8135784382631
"174",74,2,15.5818192117683
"175",75,2,16.5256365982602
"176",76,2,15.7974745792927
"177",77,2,17.4764636701737
"178",78,2,15.8209351048269
"179",79,2,16.3951717166957
"180",80,2,16.7904412614421
"181",81,2,16.3676894499161
"182",82,2,16.5871844227472
"183",83,2,16.4771506986892
"184",84,2,15.8383667041233
"185",85,2,16.1291903401823
"186",86,2,15.7148609005904
"187",87,2,15.951861073173
"188",88,2,16.8325758405945
"189",89,2,15.63039536871
"190",90,2,16.0257968699431
"191",91,2,16.6547273335259
"192",92,2,16.434817714638
"193",93,2,16.4563182113919
"194",94,2,17.1732949186809
"195",95,2,16.4516421916117
"196",96,2,16.2960065844311
"197",97,2,16.6167956365256
"198",98,2,16.4950411046477
"199",99,2,16.1026161244035
"200",100,2,16.1109351097783
"201",1,3,10.1666600260637
"202",2,3,10.1685737222155
"203",3,3,0
"204",4,3,10.0365286274739
"205",5,3,10.6390930129935
"206",6,3,10.9075282763812
"207",7,3,11.1931109066704
"208",8,3,11.462660976097
"209",9,3,11.5041917262703
"210",10,3,11.4161080579151
"211",11,3,11.9977230527654
"212",12,3,12.0062356978751
"213",13,3,11.1572344856625
"214",14,3,12.0319833648874
"215",15,3,11.2512287828966
"216",16,3,11.2397635680344
"217",17,3,10.9088218333008
"218",18,3,11.0321555628742
"219",19,3,10.4032150137254
"220",20,3,10.4098541897428
"221",21,3,10.4917205905513
"222",22,3,10.9363217955055
"223",23,3,11.1494608733564
"224",24,3,13.2276310075593
"225",25,3,11.2408453510383
"226",26,3,11.0972051018592
"227",27,3,11.2253247154547
"228",28,3,10.2024561064664
"229",29,3,10.3862804464855
"230",30,3,11.1536910603069
"231",31,3,11.8888554072327
"232",32,3,11.3805890921159
"233",33,3,11.7066616918329
"234",34,3,10.8269425718592
"235",35,3,10.5217702952506
"236",36,3,11.3314214590599
"237",37,3,10.2086687833817
"238",38,3,12.357065897752
"239",39,3,11.0386177494813
"240",40,3,11.4799420655919
"241",41,3,11.3321983096433
"242",42,3,11.1950937181179
"243",43,3,11.1081985639497
"244",44,3,10.433127053613
"245",45,3,10.0201717797148
"246",46,3,11.1394948413018
"247",47,3,11.2061604084132
"248",48,3,11.6660452786634
"249",49,3,10.8414813852845
"250",50,3,10.67889681378
"251",51,3,15.8156871204466
"252",52,3,15.8077200324145
"253",53,3,17.5451691559018
"254",54,3,16.7470313815368
"255",55,3,16.2894594675832
"256",56,3,16.393471100587
"257",57,3,16.8485372323525
"258",58,3,16.8212993498716
"259",59,3,16.6516506322835
"260",60,3,16.6321190972103
"261",61,3,16.2888958327218
"262",62,3,16.2187605661578
"263",63,3,16.2195931321663
"264",64,3,15.4950430674188
"265",65,3,15.8967666627835
"266",66,3,16.5581492557091
"267",67,3,16.3123675746529
"268",68,3,16.4228718537078
"269",69,3,16.4568390687992
"270",70,3,15.5343698373458
"271",71,3,15.8088741545263
"272",72,3,15.7989772567207
"273",73,3,16.0995450573603
"274",74,3,15.6626569063422
"275",75,3,16.4220057837306
"276",76,3,15.9870799744466
"277",77,3,17.0324257775266
"278",78,3,16.1774130744579
"279",79,3,16.5203291917097
"280",80,3,16.6651187594473
"281",81,3,16.6120847546203
"282",82,3,16.6095245197064
"283",83,3,16.4304935502018
"284",84,3,16.0853596928034
"285",85,3,16.0588845050804
"286",86,3,15.6989788124669
"287",87,3,16.1090931135275
"288",88,3,16.2837139591609
"289",89,3,15.9265577587264
"290",90,3,16.3477481098467
"291",91,3,16.8706396629454
"292",92,3,16.3096771175914
"293",93,3,16.5333490039041
"294",94,3,17.0051490259555
"295",95,3,16.2929553370298
"296",96,3,16.5066197956791
"297",97,3,16.5869191584942
"298",98,3,16.8798573272623
"299",99,3,16.5299967900371
"300",100,3,16.6741245941254
"301",1,4,10.3118807390472
"302",2,4,10.6023651956605
"303",3,4,10.0365286274739
"304",4,4,0
"305",5,4,9.86594897671248
"306",6,4,11.1320429271306
"307",7,4,10.7943477778025
"308",8,4,10.6813896763038
"309",9,4,10.708318425956
"310",10,4,10.522347665662
"311",11,4,11.1441281615412
"312",12,4,10.5437708131634
"313",13,4,10.7084876249505
"314",14,4,12.2635303515246
"315",15,4,11.2241169004552
"316",16,4,10.9856822465784
"317",17,4,10.6176560747791
"318",18,4,10.4320494746098
"319",19,4,10.9516257039025
"320",20,4,9.96739117006185
"321",21,4,10.2093849193885
"322",22,4,11.0057068785311
"323",23,4,11.1392887195182
"324",24,4,13.2865263806321
"325",25,4,11.1460429760653
"326",26,4,11.2841781356329
"327",27,4,11.6857631180041
"328",28,4,10.1154422530006
"329",29,4,9.96547836106321
"330",30,4,10.841807200874
"331",31,4,11.0948476098462
"332",32,4,10.6249219057274
"333",33,4,13.3619113667748
"334",34,4,11.1674984062698
"335",35,4,11.6368508553407
"336",36,4,12.8145728820071
"337",37,4,10.84798052659
"338",38,4,12.5738473861295
"339",39,4,10.7025903890097
"340",40,4,10.5786257682487
"341",41,4,11.0738048598255
"342",42,4,11.4062066022062
"343",43,4,10.484035772879
"344",44,4,10.532777280643
"345",45,4,10.1938429798067
"346",46,4,11.0332683915559
"347",47,4,10.4904753729159
"348",48,4,10.6701615207894
"349",49,4,11.2763930567877
"350",50,4,10.7560986665503
"351",51,4,16.1578394349363
"352",52,4,15.6290431888377
"353",53,4,17.0638344084329
"354",54,4,15.9962327807806
"355",55,4,15.4157964011777
"356",56,4,15.6966043013192
"357",57,4,16.1600152787346
"358",58,4,16.0667643448572
"359",59,4,16.0527304002013
"360",60,4,16.3720235144726
"361",61,4,15.805425916446
"362",62,4,16.0250762970434
"363",63,4,15.7847286805708
"364",64,4,15.1800513721218
"365",65,4,15.7270528065263
"366",66,4,15.7071362339466
"367",67,4,15.6831063154121
"368",68,4,16.2822652095353
"369",69,4,15.7461320052062
"370",70,4,15.4456902476572
"371",71,4,15.9778892899238
"372",72,4,15.9596615952189
"373",73,4,15.1384632384799
"374",74,4,15.3600728413319
"375",75,4,15.8903860571928
"376",76,4,15.6652882135067
"377",77,4,17.8300086866818
"378",78,4,15.7476477881896
"379",79,4,16.0736581331819
"380",80,4,16.0779054606521
"381",81,4,16.0212229516687
"382",82,4,15.9265684566029
"383",83,4,16.0577245611901
"384",84,4,15.8266556821399
"385",85,4,16.2473189935485
"386",86,4,15.2161728940589
"387",87,4,15.5781671599738
"388",88,4,17.0493310139208
"389",89,4,15.5609768215013
"390",90,4,15.7708682539896
"391",91,4,16.1890063900581
"392",92,4,16.9532708730361
"393",93,4,16.2231892070936
"394",94,4,16.7770398747456
"395",95,4,15.8025752912247
"396",96,4,15.9526139500232
"397",97,4,15.7932692160638
"398",98,4,16.0357503533916
"399",99,4,15.7645991628932
"400",100,4,15.7856493126522
"401",1,5,10.6800246401617
"402",2,5,10.8285115352832
"403",3,5,10.6390930129935
"404",4,5,9.86594897671248
"405",5,5,0
"406",6,5,10.8793440832612
"407",7,5,10.4722324154899
"408",8,5,10.9868713106818
"409",9,5,11.3236718527298
"410",10,5,11.0150489769385
"411",11,5,11.4261589971073
"412",12,5,11.1961222928347
"413",13,5,10.201633525113
"414",14,5,11.6915386918348
"415",15,5,11.0189956892404
"416",16,5,10.9476728584532
"417",17,5,10.7583456581659
"418",18,5,10.276593799084
"419",19,5,10.7966012522851
"420",20,5,10.7222291005417
"421",21,5,10.852906758414
"422",22,5,11.6082197393749
"423",23,5,12.0091441771677
"424",24,5,13.8337075899844
"425",25,5,10.8477087828423
"426",26,5,10.8479676827545
"427",27,5,11.402681438306
"428",28,5,10.7562974519863
"429",29,5,10.4025444270432
"430",30,5,11.364098833498
"431",31,5,12.207069166563
"432",32,5,10.9216001528934
"433",33,5,13.2702413124865
"434",34,5,11.4074424222269
"435",35,5,11.5819081284871
"436",36,5,12.7502145879993
"437",37,5,11.2040379953788
"438",38,5,12.7281981296976
"439",39,5,10.9379031971281
"440",40,5,10.8244416177272
"441",41,5,11.3038908608129
"442",42,5,11.497267297595
"443",43,5,10.8274723253923
"444",44,5,10.9291282579606
"445",45,5,10.4320685689603
"446",46,5,11.1627564635406
"447",47,5,10.7779627506173
"448",48,5,11.1941483374992
"449",49,5,11.2713408623875
"450",50,5,11.1530262579927
"451",51,5,15.8835648045384
"452",52,5,15.8517449697618
"453",53,5,16.5728330832706
"454",54,5,15.7474009757535
"455",55,5,15.2760024693617
"456",56,5,15.4232379148426
"457",57,5,15.7347966953005
"458",58,5,15.8670719971503
"459",59,5,15.8687731549122
"460",60,5,15.9882175148268
"461",61,5,15.6117081889814
"462",62,5,15.6601271285567
"463",63,5,15.4708245995332
"464",64,5,15.0224222944458
"465",65,5,15.643008382533
"466",66,5,15.7800624332458
"467",67,5,15.3102770181317
"468",68,5,16.1405233967944
"469",69,5,15.7930771509363
"470",70,5,15.2964350027928
"471",71,5,15.6812592719888
"472",72,5,15.7867865026937
"473",73,5,15.3104280243886
"474",74,5,15.335667735605
"475",75,5,15.9886668364736
"476",76,5,15.533714966956
"477",77,5,17.78705640798
"478",78,5,16.0497822254011
"479",79,5,16.2310649420416
"480",80,5,16.0038195890663
"481",81,5,16.0838606366736
"482",82,5,15.9575416870386
"483",83,5,15.9280843551169
"484",84,5,15.6969813239975
"485",85,5,16.2048345196954
"486",86,5,15.2404235228069
"487",87,5,15.3466505451296
"488",88,5,16.9876133508644
"489",89,5,15.5332892301407
"490",90,5,15.6151358764342
"491",91,5,16.0114045244625
"492",92,5,16.6772660302254
"493",93,5,16.0019103043692
"494",94,5,16.6334620722732
"495",95,5,15.5654508077189
"496",96,5,15.6280305015545
"497",97,5,15.8469925842598
"498",98,5,15.9143687589665
"499",99,5,15.5287201040259
"500",100,5,15.7874201299518
"501",1,6,10.7799110413816
"502",2,6,11.1536508133915
"503",3,6,10.9075282763812
"504",4,6,11.1320429271306
"505",5,6,10.8793440832612
"506",6,6,0
"507",7,6,11.1793376215883
"508",8,6,11.3150711344795
"509",9,6,11.4004191210591
"510",10,6,11.7186503742678
"511",11,6,11.9152529153867
"512",12,6,11.6326727039947
"513",13,6,11.3795508971828
"514",14,6,10.8048557563449
"515",15,6,11.1317587405913
"516",16,6,11.3889587671753
"517",17,6,11.292245962622
"518",18,6,11.1932672319143
"519",19,6,10.8165216327998
"520",20,6,10.6497495201449
"521",21,6,10.4802019228037
"522",22,6,11.7104707703227
"523",23,6,11.7701136954025
"524",24,6,14.9565300746818
"525",25,6,11.7728138654638
"526",26,6,12.0110311899537
"527",27,6,12.2724328837332
"528",28,6,10.4062971274425
"529",29,6,11.196235621087
"530",30,6,12.593825870582
"531",31,6,11.9264729728275
"532",32,6,11.954776723379
"533",33,6,11.7140016803458
"534",34,6,10.9075105653551
"535",35,6,11.0414263836329
"536",36,6,11.9495421483478
"537",37,6,11.2539659893024
"538",38,6,14.1823394497076
"539",39,6,11.9073536549047
"540",40,6,11.799010972357
"541",41,6,11.7386230706749
"542",42,6,11.1750058293727
"543",43,6,11.3054147559547
"544",44,6,10.4313966896487
"545",45,6,10.6758987592945
"546",46,6,12.1482675782907
"547",47,6,11.5675522247308
"548",48,6,11.494420381234
"549",49,6,12.12820112473
"550",50,6,11.5798014724856
"551",51,6,15.9709572170431
"552",52,6,16.0033422232543
"553",53,6,17.5000165501019
"554",54,6,16.5914173844703
"555",55,6,16.253842191283
"556",56,6,16.5960736945052
"557",57,6,16.7920671388211
"558",58,6,16.8661612655276
"559",59,6,16.8561933191776
"560",60,6,17.2709702537334
"561",61,6,16.4281970149188
"562",62,6,16.3978349570984
"563",63,6,16.5233370728946
"564",64,6,15.6906119965602
"565",65,6,15.8389966353455
"566",66,6,16.7280205890938
"567",67,6,16.2317256923879
"568",68,6,16.5116297508942
"569",69,6,16.4144336547065
"570",70,6,15.6714878180514
"571",71,6,16.0657644294419
"572",72,6,15.9225699359155
"573",73,6,16.0661210785091
"574",74,6,15.6967988412376
"575",75,6,16.8496454274588
"576",76,6,15.8787473340429
"577",77,6,18.0715247751528
"578",78,6,15.824056441887
"579",79,6,16.772980486435
"580",80,6,16.744174984196
"581",81,6,16.7287236223995
"582",82,6,16.4934058473706
"583",83,6,16.8380461926142
"584",84,6,16.2039986691962
"585",85,6,16.1754105890021
"586",86,6,15.8862300822665
"587",87,6,16.3503050774447
"588",88,6,17.0131869056782
"589",89,6,15.998285327985
"590",90,6,16.3819106910003
"591",91,6,17.0379544102492
"592",92,6,16.2994766116885
"593",93,6,16.8182911925823
"594",94,6,17.1387493284377
"595",95,6,16.3681936568226
"596",96,6,16.5757359846598
"597",97,6,16.5960410927903
"598",98,6,16.8263354409268
"599",99,6,16.4462135337899
"600",100,6,16.619976879496
"601",1,7,10.6229694462009
"602",2,7,10.6826503760229
"603",3,7,11.1931109066704
"604",4,7,10.7943477778025
"605",5,7,10.4722324154899
"606",6,7,11.1793376215883
"607",7,7,0
"608",8,7,10.8393988042927
"609",9,7,10.9817052448741
"610",10,7,11.4046450856947
"611",11,7,11.2526794462984
"612",12,7,11.3048971303577
"613",13,7,10.4006007518728
"614",14,7,11.6102065606115
"615",15,7,11.2186538557903
"616",16,7,10.7086845840365
"617",17,7,10.9717727646252
"618",18,7,10.7854995840206
"619",19,7,11.227393257601
"620",20,7,11.0690666823143
"621",21,7,10.7399920900635
"622",22,7,12.135335511255
"623",23,7,12.2170021520212
"624",24,7,13.4862869350875
"625",25,7,11.1176134320007
"626",26,7,11.3595183360397
"627",27,7,11.3389351076585
"628",28,7,10.6942327873413
"629",29,7,10.7642881605566
"630",30,7,11.4251069151398
"631",31,7,11.8362473938667
"632",32,7,11.1440870378123
"633",33,7,13.2538893868213
"634",34,7,11.7141103000503
"635",35,7,12.0499636347107
"636",36,7,13.1760661562077
"637",37,7,11.1789147348199
"638",38,7,13.1639138208691
"639",39,7,11.5354325518748
"640",40,7,10.813213334181
"641",41,7,11.222881861401
"642",42,7,11.5036121138532
"643",43,7,11.1629080975416
"644",44,7,11.4665764613087
"645",45,7,10.8028631754524
"646",46,7,11.5787765302909
"647",47,7,11.226304649815
"648",48,7,11.2100818742406
"649",49,7,11.8895307411589
"650",50,7,11.3704646269505
"651",51,7,16.213505043572
"652",52,7,16.1382606785125
"653",53,7,17.12897189923
"654",54,7,16.5971426790706
"655",55,7,15.8265466981996
"656",56,7,16.3732196451004
"657",57,7,16.3211195086171
"658",58,7,16.762441411584
"659",59,7,16.5532588208945
"660",60,7,16.4315310740684
"661",61,7,16.5606725305752
"662",62,7,16.2834578674526
"663",63,7,16.172270440597
"664",64,7,15.4343124543321
"665",65,7,16.5745658716487
"666",66,7,16.5072617660221
"667",67,7,16.0778363526582
"668",68,7,16.9276423560406
"669",69,7,16.4047060399473
"670",70,7,15.8105811261528
"671",71,7,16.4726336697846
"672",72,7,16.4160945195061
"673",73,7,15.8040185888541
"674",74,7,15.8437148944447
"675",75,7,16.8143263099931
"676",76,7,15.938112423883
"677",77,7,17.8579951068749
"678",78,7,16.5927586100834
"679",79,7,16.7959889370969
"680",80,7,16.7315728402771
"681",81,7,16.7677820495764
"682",82,7,16.568178739928
"683",83,7,16.5734228765516
"684",84,7,16.1996318223427
"685",85,7,16.6702386721056
"686",86,7,15.7549215216465
"687",87,7,15.9298936902389
"688",88,7,17.3311657840995
"689",89,7,15.6962423052239
"690",90,7,16.236600757621
"691",91,7,16.7910343516158
"692",92,7,17.1802284611997
"693",93,7,16.5077969686724
"694",94,7,17.442403980015
"695",95,7,16.3152379801024
"696",96,7,16.3998004729659
"697",97,7,16.6386623215572
"698",98,7,16.7471353578572
"699",99,7,16.1234840465364
"700",100,7,16.3239839272009
"701",1,8,10.7563614655253
"702",2,8,11.2691165273501
"703",3,8,11.462660976097
"704",4,8,10.6813896763038
"705",5,8,10.9868713106818
"706",6,8,11.3150711344795
"707",7,8,10.8393988042927
"708",8,8,0
"709",9,8,9.97571014940614
"710",10,8,10.2888588949258
"711",11,8,10.4000861731185
"712",12,8,10.4193168877327
"713",13,8,10.5689475710442
"714",14,8,11.7062255082705
"715",15,8,11.1837469686835
"716",16,8,11.0755520031535
"717",17,8,10.6472044113737
"718",18,8,10.318007073846
"719",19,8,11.5188872920875
"720",20,8,10.3386660103349
"721",21,8,10.2258850383622
"722",22,8,11.7142162045359
"723",23,8,11.851731172375
"724",24,8,14.8300072025669
"725",25,8,11.2964900281151
"726",26,8,11.6346293931988
"727",27,8,13.4481941070087
"728",28,8,10.9823678805562
"729",29,8,10.9589273840351
"730",30,8,12.0996932597113
"731",31,8,11.0460875749594
"732",32,8,11.1170755759679
"733",33,8,13.3990164136825
"734",34,8,11.1388821053883
"735",35,8,11.9112853608384
"736",36,8,13.5237695999899
"737",37,8,12.2003160459576
"738",38,8,14.2139228920485
"739",39,8,11.6327242206049
"740",40,8,11.1446658877203
"741",41,8,11.5531520044777
"742",42,8,11.4473882262047
"743",43,8,11.0183372636306
"744",44,8,11.2739465047414
"745",45,8,11.1592304924225
"746",46,8,11.8058895298773
"747",47,8,11.3884042696929
"748",48,8,11.3365183285505
"749",49,8,12.4225196670254
"750",50,8,11.5231634643597
"751",51,8,16.0421003639679
"752",52,8,15.6530034260892
"753",53,8,16.4704404765994
"754",54,8,15.5441307687412
"755",55,8,15.3591622086238
"756",56,8,15.1141057950894
"757",57,8,15.5927754686537
"758",58,8,15.8970193199338
"759",59,8,15.4556015249081
"760",60,8,16.736362139704
"761",61,8,15.6593433528355
"762",62,8,15.9622753579198
"763",63,8,15.7326791964869
"764",64,8,15.0484227947731
"765",65,8,15.5426940307023
"766",66,8,15.4730649063124
"767",67,8,15.5184141121889
"768",68,8,16.4661019525238
"769",69,8,15.7779504549813
"770",70,8,15.787151574539
"771",71,8,16.1543488540128
"772",72,8,16.2341717074391
"773",73,8,15.2428010252509
"774",74,8,15.4697460580778
"775",75,8,16.630791773688
"776",76,8,15.6228581408915
"777",77,8,19.5120553299872
"778",78,8,15.8716657917959
"779",79,8,15.7911815887295
"780",80,8,15.9327953681092
"781",81,8,15.6437167528306
"782",82,8,15.6286564491255
"783",83,8,15.9954978676671
"784",84,8,15.7448706047944
"785",85,8,16.5178488267914
"786",86,8,15.2267965478088
"787",87,8,15.3802808214994
"788",88,8,18.6687596530074
"789",89,8,15.6696492164506
"790",90,8,15.6590769155385
"791",91,8,15.6298268696367
"792",92,8,16.7915891484829
"793",93,8,16.3900648976439
"794",94,8,16.5322008024965
"795",95,8,15.9188668925615
"796",96,8,15.9721933471144
"797",97,8,15.7286579656444
"798",98,8,15.9347379314042
"799",99,8,15.2184991117427
"800",100,8,15.386600496028
"801",1,9,10.9027783638746
"802",2,9,11.3670923062345
"803",3,9,11.5041917262703
"804",4,9,10.708318425956
"805",5,9,11.3236718527298
"806",6,9,11.4004191210591
"807",7,9,10.9817052448741
"808",8,9,9.97571014940614
"809",9,9,0
"810",10,9,10.2074206095016
"811",11,9,10.1700284049761
"812",12,9,10.5244021335294
"813",13,9,10.7190008760818
"814",14,9,12.0113898598802
"815",15,9,11.2586085865939
"816",16,9,10.7301851979558
"817",17,9,10.3612056406921
"818",18,9,10.559528911726
"819",19,9,11.737070976172
"820",20,9,10.8113381607322
"821",21,9,10.6782632897242
"822",22,9,12.2342737870468
"823",23,9,11.9679405399398
"824",24,9,14.7954670381999
"825",25,9,11.1025843436903
"826",26,9,11.7839710361039
"827",27,9,13.6346823965559
"828",28,9,11.187231999737
"829",29,9,11.1538042372325
"830",30,9,12.1745156019712
"831",31,9,11.145269635204
"832",32,9,11.0732312201572
"833",33,9,13.9661097535027
"834",34,9,11.4732997324657
"835",35,9,12.1340371370707
"836",36,9,13.8478357996076
"837",37,9,12.7647653643713
"838",38,9,14.2217516335847
"839",39,9,11.9166562715653
"840",40,9,11.2438340393581
"841",41,9,11.5807152586117
"842",42,9,11.5952548773453
"843",43,9,11.1110461482128
"844",44,9,11.2396816090233
"845",45,9,11.317850599468
"846",46,9,12.0462456889542
"847",47,9,11.3877611046244
"848",48,9,11.6634988701314
"849",49,9,12.6200666485799
"850",50,9,11.5629262760058
"851",51,9,16.7750906762095
"852",52,9,16.2235769965184
"853",53,9,16.4842950533368
"854",54,9,15.9949600253227
"855",55,9,15.5992605343067
"856",56,9,15.5592995149496
"857",57,9,16.1315728419453
"858",58,9,16.2556469991611
"859",59,9,16.2153500026161
"860",60,9,17.0231090160921
"861",61,9,15.8762522637468
"862",62,9,16.4390605330043
"863",63,9,16.1383663253594
"864",64,9,15.3195716394978
"865",65,9,16.0469871310843
"866",66,9,15.9501109282601
"867",67,9,15.9468631099137
"868",68,9,16.9985188248652
"869",69,9,16.0609465128645
"870",70,9,15.9988614962441
"871",71,9,16.2101331545246
"872",72,9,16.6055478450492
"873",73,9,15.5991134178735
"874",74,9,15.7333530228041
"875",75,9,16.8066098634798
"876",76,9,15.8959614490446
"877",77,9,19.6384767437136
"878",78,9,16.4563485843935
"879",79,9,16.3346097277154
"880",80,9,15.9705516358583
"881",81,9,15.8647062159822
"882",82,9,15.7182088870015
"883",83,9,16.2277619669642
"884",84,9,16.053996829057
"885",85,9,17.0342750549585
"886",86,9,15.3632184578218
"887",87,9,15.8210352686839
"888",88,9,19.1020669306993
"889",89,9,15.7834592899167
"890",90,9,15.9395856872606
"891",91,9,16.0394929660715
"892",92,9,17.3889848388988
"893",93,9,16.6827327335376
"894",94,9,16.6852793729098
"895",95,9,16.1337864271159
"896",96,9,16.4087311513228
"897",97,9,16.002338223276
"898",98,9,16.3522531974745
"899",99,9,15.9745025961092
"900",100,9,15.9096861228501
"901",1,10,11.0555260310576
"902",2,10,11.4814572301692
"903",3,10,11.4161080579151
"904",4,10,10.522347665662
"905",5,10,11.0150489769385
"906",6,10,11.7186503742678
"907",7,10,11.4046450856947
"908",8,10,10.2888588949258
"909",9,10,10.2074206095016
"910",10,10,0
"911",11,10,9.66098241522042
"912",12,10,9.98311968888915
"913",13,10,10.4205318242063
"914",14,10,11.9680271188364
"915",15,10,11.1181592300862
"916",16,10,11.2088240852831
"917",17,10,10.1858685495933
"918",18,10,10.4926183629086
"919",19,10,11.2663190152135
"920",20,10,10.2437476464118
"921",21,10,10.471175503581
"922",22,10,11.682495574373
"923",23,10,11.7844082176364
"924",24,10,14.6016945327722
"925",25,10,11.4887670299712
"926",26,10,11.7564831719652
"927",27,10,13.1954590698151
"928",28,10,10.9718334808534
"929",29,10,11.1182693136503
"930",30,10,12.0000357979571
"931",31,10,11.6195428372878
"932",32,10,10.6201355325033
"933",33,10,13.6678599870358
"934",34,10,10.7041769361522
"935",35,10,12.247468363971
"936",36,10,14.0866071284558
"937",37,10,11.9569269509122
"938",38,10,14.3948897340873
"939",39,10,11.5425548598145
"940",40,10,11.1028967809254
"941",41,10,11.2836135407887
"942",42,10,11.3123957210635
"943",43,10,11.056046142594
"944",44,10,11.2939028568635
"945",45,10,11.2983233779283
"946",46,10,12.0208602034396
"947",47,10,10.9044696172872
"948",48,10,11.0691114769662
"949",49,10,12.3414711579485
"950",50,10,11.6166778622081
"951",51,10,16.1697651079652
"952",52,10,15.4358165418208
"953",53,10,15.9612940833068
"954",54,10,15.4087858928462
"955",55,10,15.107058846173
"956",56,10,14.9614337706471
"957",57,10,15.4875667235612
"958",58,10,15.583443145462
"959",59,10,15.4132597162662
"960",60,10,16.5316255486514
"961",61,10,15.4482113900015
"962",62,10,15.794551540934
"963",63,10,15.7581411657994
"964",64,10,14.8171225249245
"965",65,10,15.4948676554812
"966",66,10,15.3564437626741
"967",67,10,15.4355441850869
"968",68,10,16.2418131668654
"969",69,10,15.6083437443618
"970",70,10,15.7453364668528
"971",71,10,15.9829020090631
"972",72,10,16.189528047583
"973",73,10,14.7405280061508
"974",74,10,15.2924293033832
"975",75,10,16.2779399007585
"976",76,10,15.6354973929805
"977",77,10,19.1614371944375
"978",78,10,15.8730549013652
"979",79,10,15.6710367683052
"980",80,10,15.3904209324638
"981",81,10,15.2816675304984
"982",82,10,15.3781729800288
"983",83,10,15.8461871943032
"984",84,10,15.6219914847582
"985",85,10,16.5255486501051
"986",86,10,15.2809541404065
"987",87,10,15.3704100530272
"988",88,10,18.3096016816047
"989",89,10,15.4941789043511
"990",90,10,15.5783647229848
"991",91,10,15.4149830617363
"992",92,10,16.911198101235
"993",93,10,16.0495822359616
"994",94,10,16.3513029638375
"995",95,10,15.6627805841808
"996",96,10,15.7722176280212
"997",97,10,15.4708041774868
"998",98,10,15.667065468433
"999",99,10,15.0063333460568
"1000",100,10,15.3956416785162
"1001",1,11,11.2079925742784
"1002",2,11,11.1535608992391
"1003",3,11,11.9977230527654
"1004",4,11,11.1441281615412
"1005",5,11,11.4261589971073
"1006",6,11,11.9152529153867
"1007",7,11,11.2526794462984
"1008",8,11,10.4000861731185
"1009",9,11,10.1700284049761
"1010",10,11,9.66098241522042
"1011",11,11,0
"1012",12,11,9.38909203775043
"1013",13,11,9.88853832328385
"1014",14,11,12.0595147355948
"1015",15,11,11.1601366577733
"1016",16,11,11.3340846988156
"1017",17,11,10.4093134701182
"1018",18,11,10.4717490047693
"1019",19,11,11.4734309130117
"1020",20,11,10.4602165028516
"1021",21,11,10.4779610187845
"1022",22,11,11.9646645898395
"1023",23,11,12.0529948441655
"1024",24,11,14.1801175254662
"1025",25,11,11.139912118929
"1026",26,11,11.6767859696274
"1027",27,11,13.1950636567284
"1028",28,11,11.0297895705458
"1029",29,11,11.3239223131566
"1030",30,11,11.933896428926
"1031",31,11,11.6258213624309
"1032",32,11,10.7337937977675
"1033",33,11,14.1837682969458
"1034",34,11,11.6591049176251
"1035",35,11,12.2790235861661
"1036",36,11,14.0959385311112
"1037",37,11,11.9775566237809
"1038",38,11,14.3872360377753
"1039",39,11,11.6969018494506
"1040",40,11,11.3047676993405
"1041",41,11,11.4637421061771
"1042",42,11,11.4648111660788
"1043",43,11,11.2322163331771
"1044",44,11,11.4653977123074
"1045",45,11,11.3557875760417
"1046",46,11,12.0859177838912
"1047",47,11,11.8330608804021
"1048",48,11,11.6071442410438
"1049",49,11,12.8365040229512
"1050",50,11,11.883450080503
"1051",51,11,15.7948849569641
"1052",52,11,15.1615174938326
"1053",53,11,15.1932365703092
"1054",54,11,15.0052660800329
"1055",55,11,14.4574759221074
"1056",56,11,14.7874619302387
"1057",57,11,15.1557088829739
"1058",58,11,15.2897955011183
"1059",59,11,14.9808863973482
"1060",60,11,16.0325279268129
"1061",61,11,15.0510844524151
"1062",62,11,15.4872057319371
"1063",63,11,15.5541340043458
"1064",64,11,14.4860088277444
"1065",65,11,15.2870722098603
"1066",66,11,15.1442878518279
"1067",67,11,15.0442455251432
"1068",68,11,16.2719698222101
"1069",69,11,15.4251942848483
"1070",70,11,15.3368636670483
"1071",71,11,15.669623390844
"1072",72,11,15.8375086257922
"1073",73,11,14.8245505045904
"1074",74,11,15.0303153418699
"1075",75,11,15.8850672254574
"1076",76,11,14.9112971495211
"1077",77,11,18.6232330181759
"1078",78,11,15.5672420013955
"1079",79,11,15.4849157608402
"1080",80,11,15.0023906888242
"1081",81,11,15.0796115073945
"1082",82,11,14.8465113696587
"1083",83,11,15.4664518500376
"1084",84,11,15.2144998322779
"1085",85,11,16.2278978291111
"1086",86,11,14.8327648559154
"1087",87,11,15.0845028142233
"1088",88,11,17.7363019693931
"1089",89,11,14.9575309019953
"1090",90,11,15.2216154162752
"1091",91,11,15.2916450302842
"1092",92,11,16.739926865817
"1093",93,11,15.9345197970151
"1094",94,11,16.0695092669929
"1095",95,11,15.4870727384114
"1096",96,11,15.3580615142113
"1097",97,11,15.2785678730089
"1098",98,11,15.6299259225465
"1099",99,11,14.9008454726474
"1100",100,11,15.2414349492541
"1101",1,12,11.5018709849829
"1102",2,12,11.5130153430052
"1103",3,12,12.0062356978751
"1104",4,12,10.5437708131634
"1105",5,12,11.1961222928347
"1106",6,12,11.6326727039947
"1107",7,12,11.3048971303577
"1108",8,12,10.4193168877327
"1109",9,12,10.5244021335294
"1110",10,12,9.98311968888915
"1111",11,12,9.38909203775043
"1112",12,12,0
"1113",13,12,9.65472954315815
"1114",14,12,11.5988957404129
"1115",15,12,11.2453870679021
"1116",16,12,11.0716082590996
"1117",17,12,10.3565113701613
"1118",18,12,10.1288636700189
"1119",19,12,11.4258811303872
"1120",20,12,10.2796401311773
"1121",21,12,10.2448742164498
"1122",22,12,11.8346225931729
"1123",23,12,12.0893392040744
"1124",24,12,14.6051461848581
"1125",25,12,11.4884556762521
"1126",26,12,11.8843260670231
"1127",27,12,13.38699394914
"1128",28,12,11.0832645117419
"1129",29,12,11.2881493205845
"1130",30,12,12.0195212110555
"1131",31,12,11.633273183684
"1132",32,12,10.6479619191034
"1133",33,12,14.3006434386778
"1134",34,12,11.1793864617724
"1135",35,12,12.5990714522384
"1136",36,12,14.273184974028
"1137",37,12,12.3848461372836
"1138",38,12,14.3418966008637
"1139",39,12,11.7105707555132
"1140",40,12,11.2483019736075
"1141",41,12,11.5925272486978
"1142",42,12,11.6107278010828
"1143",43,12,11.1103497611099
"1144",44,12,11.470775463082
"1145",45,12,11.4618477779244
"1146",46,12,11.787582258569
"1147",47,12,11.2574547594476
"1148",48,12,11.2223531827404
"1149",49,12,12.6554587653562
"1150",50,12,11.8579206753545
"1151",51,12,15.8937316320097
"1152",52,12,15.4679164102104
"1153",53,12,15.9787726144389
"1154",54,12,15.1134320536346
"1155",55,12,14.8133622531554
"1156",56,12,14.6901774148519
"1157",57,12,15.1522498056593
"1158",58,12,15.4779698123512
"1159",59,12,15.2083828175467
"1160",60,12,16.2509036743012
"1161",61,12,15.1658508491507
"1162",62,12,15.7139800776913
"1163",63,12,15.5550200199948
"1164",64,12,14.6776984701741
"1165",65,12,15.4333590832208
"1166",66,12,15.218766862634
"1167",67,12,15.0653371537276
"1168",68,12,16.0183829488231
"1169",69,12,15.3525134762308
"1170",70,12,15.5464367381838
"1171",71,12,15.8506255760232
"1172",72,12,16.1106430932558
"1173",73,12,14.6976373041941
"1174",74,12,14.9610215684244
"1175",75,12,15.9118088474975
"1176",76,12,15.3781891948071
"1177",77,12,19.0631378499801
"1178",78,12,15.5842884214719
"1179",79,12,15.3651190383594
"1180",80,12,15.1355884298885
"1181",81,12,15.2566251026442
"1182",82,12,15.0544996401531
"1183",83,12,15.6600846509612
"1184",84,12,15.5925844580126
"1185",85,12,16.6326445309172
"1186",86,12,14.8968966734145
"1187",87,12,14.960858644943
"1188",88,12,18.1901320002278
"1189",89,12,15.2805296394367
"1190",90,12,15.3351007919547
"1191",91,12,15.1548137226234
"1192",92,12,16.7745691972083
"1193",93,12,16.2023168920514
"1194",94,12,16.3485168652601
"1195",95,12,15.5846158676059
"1196",96,12,15.4990315892526
"1197",97,12,15.2770217983172
"1198",98,12,15.3994594832472
"1199",99,12,14.8071502195885
"1200",100,12,15.2153256619183
"1201",1,13,10.7524657147788
"1202",2,13,10.1554042935873
"1203",3,13,11.1572344856625
"1204",4,13,10.7084876249505
"1205",5,13,10.201633525113
"1206",6,13,11.3795508971828
"1207",7,13,10.4006007518728
"1208",8,13,10.5689475710442
"1209",9,13,10.7190008760818
"1210",10,13,10.4205318242063
"1211",11,13,9.88853832328385
"1212",12,13,9.65472954315815
"1213",13,13,0
"1214",14,13,10.9782786944412
"1215",15,13,9.92249032269542
"1216",16,13,10.4651381749791
"1217",17,13,9.81924174323655
"1218",18,13,9.62867052571394
"1219",19,13,10.5790805673373
"1220",20,13,10.1135029521408
"1221",21,13,10.1167417183162
"1222",22,13,11.4002458591831
"1223",23,13,11.7685776165608
"1224",24,13,13.415303419272
"1225",25,13,10.3963673857635
"1226",26,13,10.5177636990467
"1227",27,13,11.8504781093318
"1228",28,13,10.4047121700829
"1229",29,13,10.488774253699
"1230",30,13,11.2596641443985
"1231",31,13,11.9376698800625
"1232",32,13,10.5450166214211
"1233",33,13,13.0686975980403
"1234",34,13,10.7231257969398
"1235",35,13,11.1771087352462
"1236",36,13,13.1700553550031
"1237",37,13,11.099057762231
"1238",38,13,12.9808063327253
"1239",39,13,10.8575796751827
"1240",40,13,10.914650792318
"1241",41,13,10.8706128422451
"1242",42,13,11.0731163454037
"1243",43,13,10.6016366652775
"1244",44,13,10.4893333150994
"1245",45,13,10.586181730335
"1246",46,13,10.9987207089736
"1247",47,13,10.9665397305057
"1248",48,13,11.0968725708268
"1249",49,13,11.4688096899132
"1250",50,13,11.1406865637658
"1251",51,13,15.6953778420878
"1252",52,13,15.4374158897611
"1253",53,13,16.4562255200723
"1254",54,13,15.5008916999148
"1255",55,13,14.9500413620576
"1256",56,13,15.1359665226242
"1257",57,13,15.6528454391937
"1258",58,13,15.733303904248
"1259",59,13,15.6078159980064
"1260",60,13,15.9812707923046
"1261",61,13,15.3898776482214
"1262",62,13,15.6146627913533
"1263",63,13,15.5493481610159
"1264",64,13,14.7755389236287
"1265",65,13,15.5822545567582
"1266",66,13,15.6481220307898
"1267",67,13,15.3469697516882
"1268",68,13,16.0840990384059
"1269",69,13,15.7370191540765
"1270",70,13,15.4805824487454
"1271",71,13,15.6825751290977
"1272",72,13,15.9498928126673
"1273",73,13,15.0910405025431
"1274",74,13,15.3176796811826
"1275",75,13,16.0987154041135
"1276",76,13,15.4671068960962
"1277",77,13,17.8742016830795
"1278",78,13,15.5319308861193
"1279",79,13,15.768292162957
"1280",80,13,15.8627515856978
"1281",81,13,15.7479375640897
"1282",82,13,15.5866171653583
"1283",83,13,15.6899635170748
"1284",84,13,15.3893408959711
"1285",85,13,16.2084214433226
"1286",86,13,14.9775079777736
"1287",87,13,15.0620896832459
"1288",88,13,17.1165587419014
"1289",89,13,15.2730830977021
"1290",90,13,15.4786071108453
"1291",91,13,15.5769039332447
"1292",92,13,16.7486383649329
"1293",93,13,16.0780171502013
"1294",94,13,16.4984821347658
"1295",95,13,15.6013033286504
"1296",96,13,15.7168245874315
"1297",97,13,15.527622814967
"1298",98,13,15.6224696503874
"1299",99,13,14.9761113138229
"1300",100,13,15.2107517388205
"1301",1,14,11.0609180397845
"1302",2,14,11.1181240327598
"1303",3,14,12.0319833648874
"1304",4,14,12.2635303515246
"1305",5,14,11.6915386918348
"1306",6,14,10.8048557563449
"1307",7,14,11.6102065606115
"1308",8,14,11.7062255082705
"1309",9,14,12.0113898598802
"1310",10,14,11.9680271188364
"1311",11,14,12.0595147355948
"1312",12,14,11.5988957404129
"1313",13,14,10.9782786944412
"1314",14,14,0
"1315",15,14,10.0492854795472
"1316",16,14,10.8199791408948
"1317",17,14,11.5127032477477
"1318",18,14,11.43616999016
"1319",19,14,11.0084103322788
"1320",20,14,10.4781861007857
"1321",21,14,10.6571432803392
"1322",22,14,13.0171468076967
"1323",23,14,12.2158420156933
"1324",24,14,16.0975185205869
"1325",25,14,11.5816357439083
"1326",26,14,11.7873749330072
"1327",27,14,12.6802670193341
"1328",28,14,11.5554081825717
"1329",29,14,11.7978746177405
"1330",30,14,13.5353684615312
"1331",31,14,12.4742805720513
"1332",32,14,12.6695802908293
"1333",33,14,11.8100220393659
"1334",34,14,11.2777952187134
"1335",35,14,11.4088849913411
"1336",36,14,12.4413777597498
"1337",37,14,11.9849520505687
"1338",38,14,15.1236640945931
"1339",39,14,12.4172259599357
"1340",40,14,12.0954261752372
"1341",41,14,11.990176451428
"1342",42,14,11.3431987323387
"1343",43,14,12.0166439120693
"1344",44,14,11.1132569544003
"1345",45,14,11.8374685302699
"1346",46,14,13.3046224823766
"1347",47,14,12.442564661585
"1348",48,14,12.4744088796406
"1349",49,14,12.7356587640501
"1350",50,14,11.9509730687946
"1351",51,14,16.3495547225983
"1352",52,14,16.5903338757695
"1353",53,14,17.7399703047766
"1354",54,14,16.8779792315093
"1355",55,14,16.2002495075053
"1356",56,14,16.6365833143039
"1357",57,14,16.937589149789
"1358",58,14,17.1176458138739
"1359",59,14,16.9306282558889
"1360",60,14,18.0373410864149
"1361",61,14,16.7397220895199
"1362",62,14,16.9235074980376
"1363",63,14,16.8939617116758
"1364",64,14,16.1039884899432
"1365",65,14,16.4390544651248
"1366",66,14,17.1080757691777
"1367",67,14,16.752328421229
"1368",68,14,17.365084889295
"1369",69,14,16.7800240877925
"1370",70,14,16.4403147390614
"1371",71,14,16.6297545271388
"1372",72,14,16.788968667339
"1373",73,14,16.7796573710151
"1374",74,14,16.3800086940684
"1375",75,14,17.8341545181901
"1376",76,14,16.4843257163614
"1377",77,14,19.0061417720216
"1378",78,14,16.6237284238777
"1379",79,14,17.4166767337115
"1380",80,14,17.333540481632
"1381",81,14,17.2230975712724
"1382",82,14,17.159126884605
"1383",83,14,17.3049835922747
"1384",84,14,16.5401604939784
"1385",85,14,16.6938568739569
"1386",86,14,16.4498713695526
"1387",87,14,16.4651746522032
"1388",88,14,18.2646233792686
"1389",89,14,16.6240335228929
"1390",90,14,17.1105842968242
"1391",91,14,17.4288450839216
"1392",92,14,16.6469743903477
"1393",93,14,17.2752232776901
"1394",94,14,17.7897913520012
"1395",95,14,17.0300366245132
"1396",96,14,16.8173078914644
"1397",97,14,16.9892691293138
"1398",98,14,16.9816821101518
"1399",99,14,16.5144961821313
"1400",100,14,16.9685458452363
"1401",1,15,10.7839687776366
"1402",2,15,10.2514975131381
"1403",3,15,11.2512287828966
"1404",4,15,11.2241169004552
"1405",5,15,11.0189956892404
"1406",6,15,11.1317587405913
"1407",7,15,11.2186538557903
"1408",8,15,11.1837469686835
"1409",9,15,11.2586085865939
"1410",10,15,11.1181592300862
"1411",11,15,11.1601366577733
"1412",12,15,11.2453870679021
"1413",13,15,9.92249032269542
"1414",14,15,10.0492854795472
"1415",15,15,0
