"","row","col","value"
"1",1,1,0
"2",2,1,9.20687675365349
"3",3,1,9.46591298633821
"4",4,1,9.46492229237069
"5",5,1,9.74801020060643
"6",6,1,9.7830870715459
"7",7,1,10.050978397974
"8",8,1,9.92333587282171
"9",9,1,9.97928907555875
"10",10,1,9.73350583271697
"11",11,1,9.92385654268077
"12",12,1,9.92973951786704
"13",13,1,9.81545166762604
"14",14,1,9.4459034883193
"15",15,1,9.51307766842413
"16",16,1,9.94624766425848
"17",17,1,9.74013883511281
"18",18,1,9.90730309381747
"19",19,1,9.98489639012633
"20",20,1,10.1980279772617
"21",21,1,9.72489421230019
"22",22,1,9.81648718308853
"23",23,1,9.94157279623874
"24",24,1,10.1077535151777
"25",25,1,9.84983123659536
"26",26,1,9.76887373783408
"27",27,1,9.43843365216889
"28",28,1,9.22492597274491
"29",29,1,9.71399060553388
"30",30,1,9.74694166219096
"31",31,1,9.80606130867275
"32",32,1,9.60242656513728
"33",33,1,10.2820642411993
"34",34,1,9.95700236356897
"35",35,1,10.09413950168
"36",36,1,9.53978781290444
"37",37,1,9.91048048733533
"38",38,1,10.3088602313001
"39",39,1,10.1796335213748
"40",40,1,10.2608036288965
"41",41,1,9.64588114769706
"42",42,1,9.58339539888655
"43",43,1,9.9671134840239
"44",44,1,9.77740408848936
"45",45,1,10.322060345541
"46",46,1,10.1547775629223
"47",47,1,10.1884403770651
"48",48,1,9.89140064349284
"49",49,1,10.035617513968
"50",50,1,9.91053534846083
"51",51,1,18.6936020617575
"52",52,1,18.2805047563476
"53",53,1,18.4130523516781
"54",54,1,17.8852027587812
"55",55,1,18.415558100936
"56",56,1,18.3155519207656
"57",57,1,18.6255701548133
"58",58,1,18.9247953930514
"59",59,1,18.5635998848803
"60",60,1,18.6030475382467
"61",61,1,18.5155157363658
"62",62,1,18.7201443646864
"63",63,1,18.329397265707
"64",64,1,19.0111236948611
"65",65,1,18.8974991774137
"66",66,1,19.5648611587731
"67",67,1,18.4923336125434
"68",68,1,18.9265426280582
"69",69,1,18.6821865854298
"70",70,1,19.1014101529681
"71",71,1,18.6750078134316
"72",72,1,19.2848193851801
"73",73,1,18.4539186217194
"74",74,1,19.5701307444342
"75",75,1,19.6631520715777
"76",76,1,18.7243339411358
"77",77,1,19.1965785433189
"78",78,1,18.2958927069567
"79",79,1,19.0527064242644
"80",80,1,18.3877994146423
"81",81,1,19.1192356080246
"82",82,1,18.444990857977
"83",83,1,19.0539178413432
"84",84,1,19.7740677291658
"85",85,1,18.7795702046086
"86",86,1,19.3439266979978
"87",87,1,18.9588648373931
"88",88,1,19.2357268910854
"89",89,1,18.4481492696094
"90",90,1,18.6996354752073
"91",91,1,18.8427163613106
"92",92,1,18.0970361846787
"93",93,1,18.8218739930605
"94",94,1,18.6812220567681
"95",95,1,18.3108396638997
"96",96,1,18.9754596824026
"97",97,1,18.2305372046949
"98",98,1,18.1329534908852
"99",99,1,18.2098449401143
"100",100,1,18.1962606008491
"101",1,2,9.20687675365349
"102",2,2,0
"103",3,2,8.61520679222182
"104",4,2,8.44711536186269
"105",5,2,9.10898934669389
"106",6,2,8.94953174314885
"107",7,2,9.53510823609214
"108",8,2,8.76935345048437
"109",9,2,9.26580379178128
"110",10,2,8.67015367809581
"111",11,2,9.43720376134154
"112",12,2,9.23113494264629
"113",13,2,9.12164689740072
"114",14,2,8.67128133656785
"115",15,2,9.01235393763426
"116",16,2,9.3593750151066
"117",17,2,8.73553871884602
"118",18,2,9.52144597950108
"119",19,2,9.84984651440915
"120",20,2,9.49371686658685
"121",21,2,9.34182859819818
"122",22,2,9.70352056924554
"123",23,2,8.83045984832281
"124",24,2,9.18191584466658
"125",25,2,9.14212713179578
"126",26,2,9.12740288642878
"127",27,2,9.47366396433035
"128",28,2,8.87155691950459
"129",29,2,8.88245804510484
"130",30,2,8.98556178452436
"131",31,2,8.73479364630522
"132",32,2,8.98191941902312
"133",33,2,9.79195638049945
"134",34,2,9.21344830367268
"135",35,2,9.67653818195141
"136",36,2,9.0382515462832
"137",37,2,9.70131988117199
"138",38,2,9.48515134978386
"139",39,2,8.69396247659318
"140",40,2,9.29018815543016
"141",41,2,9.08641102512931
"142",42,2,9.09481033479234
"143",43,2,9.19299240204579
"144",44,2,9.06653135896636
"145",45,2,9.42662209237739
"146",46,2,9.1210847898783
"147",47,2,9.33990446083396
"148",48,2,9.55623737374012
"149",49,2,9.41105489441227
"150",50,2,9.41555913579102
"151",51,2,18.222997222097
"152",52,2,17.840988232132
"153",53,2,17.9758425911167
"154",54,2,17.4325115385898
"155",55,2,17.977531252786
"156",56,2,17.8419831824572
"157",57,2,18.0469540512761
"158",58,2,18.4903359684177
"159",59,2,17.9888802306047
"160",60,2,18.261525984692
"161",61,2,18.2037693717361
"162",62,2,18.2977238384782
"163",63,2,17.8864273779026
"164",64,2,18.6266237830757
"165",65,2,18.569176862748
"166",66,2,19.2138836358868
"167",67,2,18.2775342307272
"168",68,2,18.6927107260605
"169",69,2,18.2577090497239
"170",70,2,18.7388452597048
"171",71,2,18.3353165286411
"172",72,2,18.9021632487432
"173",73,2,18.133016864413
"174",74,2,18.9423338945983
"175",75,2,19.1588225454619
"176",76,2,18.357292812803
"177",77,2,18.748014192055
"178",78,2,17.8372454229821
"179",79,2,18.4735326106277
"180",80,2,18.0216363711562
"181",81,2,18.6296411418205
"182",82,2,18.1912564637662
"183",83,2,18.6453605290234
"184",84,2,19.4673283896068
"185",85,2,18.4119307921382
"186",86,2,19.0536397687539
"187",87,2,18.6719971536772
"188",88,2,18.8398989816972
"189",89,2,17.8429314277654
"190",90,2,18.3002166012655
"191",91,2,18.2488361662055
"192",92,2,17.7169857962115
"193",93,2,18.4289779622822
"194",94,2,18.384270573729
"195",95,2,17.9231669641556
"196",96,2,18.5032627571886
"197",97,2,17.8233139448158
"198",98,2,17.7634389813137
"199",99,2,17.9908090500572
"200",100,2,17.9420496125458
"201",1,3,9.46591298633821
"202",2,3,8.61520679222182
"203",3,3,0
"204",4,3,8.66840870362615
"205",5,3,8.92750391103783
"206",6,3,9.00350117984154
"207",7,3,9.55407805914195
"208",8,3,8.9477754657498
"209",9,3,9.3513082836582
"210",10,3,9.19039269156262
"211",11,3,9.7622165228792
"212",12,3,9.07780201702902
"213",13,3,9.04951154368493
"214",14,3,8.9479378286914
"215",15,3,9.39821854571142
"216",16,3,9.40138059236468
"217",17,3,8.98914692725405
"218",18,3,9.28378615592979
"219",19,3,10.0811316179516
"220",20,3,9.9063389454495
"221",21,3,9.50177072594513
"222",22,3,9.83109177924986
"223",23,3,9.21522506201565
"224",24,3,9.68572403930257
"225",25,3,9.30586270747185
"226",26,3,9.1031778118457
"227",27,3,9.71377949847113
"228",28,3,8.9747982072095
"229",29,3,8.93606853724295
"230",30,3,9.1056672878762
"231",31,3,8.93652550154667
"232",32,3,9.41186574869614
"233",33,3,10.2562094071939
"234",34,3,9.33156098024359
"235",35,3,9.63564441937879
"236",36,3,9.34193736667103
"237",37,3,9.39344857505635
"238",38,3,9.60426806842043
"239",39,3,9.02730578391722
"240",40,3,9.62679174084535
"241",41,3,9.26902868865228
"242",42,3,9.21268701057678
"243",43,3,9.38509297241531
"244",44,3,9.03095314842859
"245",45,3,9.58427276567492
"246",46,3,9.45263742835281
"247",47,3,9.89114313772256
"248",48,3,9.35479176782456
"249",49,3,9.19698591178536
"250",50,3,9.30626223039547
"251",51,3,18.2147694848545
"252",52,3,17.8452218330274
"253",53,3,17.9877121626058
"254",54,3,17.5259734869442
"255",55,3,17.9934040372214
"256",56,3,17.8542323683543
"257",57,3,18.0683913583584
"258",58,3,18.5321203298208
"259",59,3,18.0301979673113
"260",60,3,18.3380542929388
"261",61,3,18.3562594028684
"262",62,3,18.4281237341471
"263",63,3,17.9483997326843
"264",64,3,18.6884108177839
"265",65,3,18.6054796600064
"266",66,3,19.0968949802643
"267",67,3,18.2773636565382
"268",68,3,18.6439015567757
"269",69,3,18.2716109137171
"270",70,3,18.7730941128967
"271",71,3,18.3353169351219
"272",72,3,18.983320115637
"273",73,3,18.1986089659891
"274",74,3,19.1825655657927
"275",75,3,19.362621132324
"276",76,3,18.4153544915213
"277",77,3,18.8396351188537
"278",78,3,17.8788406966407
"279",79,3,18.6004466067465
"280",80,3,18.0418237629819
"281",81,3,18.7680121605697
"282",82,3,18.0253705999017
"283",83,3,18.7484199854848
"284",84,3,19.5680544010072
"285",85,3,18.4115841826382
"286",86,3,19.0124497078952
"287",87,3,18.7103937976962
"288",88,3,18.8873542468886
"289",89,3,18.0532271722569
"290",90,3,18.2657095756754
"291",91,3,18.2844063094178
"292",92,3,17.6792142125554
"293",93,3,18.337831393117
"294",94,3,18.4025480017446
"295",95,3,17.948575709732
"296",96,3,18.5180134254315
"297",97,3,17.8435656735182
"298",98,3,17.7170452893557
"299",99,3,17.8468871051231
"300",100,3,18.0141687203589
"301",1,4,9.46492229237069
"302",2,4,8.44711536186269
"303",3,4,8.66840870362615
"304",4,4,0
"305",5,4,8.20975805713301
"306",6,4,8.39051350969613
"307",7,4,9.12738966581844
"308",8,4,8.94404148983463
"309",9,4,9.30132914151905
"310",10,4,8.77296294128393
"311",11,4,9.40960529702875
"312",12,4,9.13348416040684
"313",13,4,8.89530287018424
"314",14,4,8.7377797043447
"315",15,4,9.0642595113121
"316",16,4,8.62669208367426
"317",17,4,8.44716948231498
"318",18,4,9.03148074966257
"319",19,4,9.40394754351749
"320",20,4,9.68348207831279
"321",21,4,9.04327365487141
"322",22,4,9.24502841487905
"323",23,4,8.78863362653732
"324",24,4,9.09319396795902
"325",25,4,9.09359526818109
"326",26,4,9.30537787512822
"327",27,4,9.389026505293
"328",28,4,8.70564172821531
"329",29,4,8.91173220692612
"330",30,4,9.03223999322384
"331",31,4,8.52978164251662
"332",32,4,8.82494288223951
"333",33,4,9.40324336247934
"334",34,4,8.92229483196994
"335",35,4,9.30738130408046
"336",36,4,9.14959258653956
"337",37,4,8.8756045080274
"338",38,4,9.3507477402985
"339",39,4,8.78447372879945
"340",40,4,9.35714345451702
"341",41,4,9.11125984718018
"342",42,4,9.06779714018898
"343",43,4,8.99499981873007
"344",44,4,8.83599001805979
"345",45,4,9.20026354149572
"346",46,4,9.27160707363033
"347",47,4,9.23109301203022
"348",48,4,9.32139347762742
"349",49,4,8.82593545640689
"350",50,4,9.36446836811006
"351",51,4,17.7574084723773
"352",52,4,17.3372261743226
"353",53,4,17.4610492966098
"354",54,4,16.8516732873248
"355",55,4,17.4812900687771
"356",56,4,17.3613147811486
"357",57,4,17.4948145576026
"358",58,4,17.9634312773123
"359",59,4,17.5392485987039
"360",60,4,17.6437213596154
"361",61,4,17.609598001138
"362",62,4,17.8776189685495
"363",63,4,17.4207119748793
"364",64,4,18.075277197056
"365",65,4,17.9904909926869
"366",66,4,18.5779180794973
"367",67,4,17.6562405564611
"368",68,4,18.0690146626567
"369",69,4,17.6912955393515
"370",70,4,18.2407566881274
"371",71,4,17.787112975614
"372",72,4,18.4960866885379
"373",73,4,17.6131887461385
"374",74,4,18.659283851093
"375",75,4,18.8685246456521
"376",76,4,17.8136713946598
"377",77,4,18.376290624983
"378",78,4,17.3323448152803
"379",79,4,18.166616889916
"380",80,4,17.5726955039887
"381",81,4,18.1544931808908
"382",82,4,17.7804993568114
"383",83,4,18.2086619672642
"384",84,4,18.9837710374726
"385",85,4,17.9779836032813
"386",86,4,18.374192938859
"387",87,4,18.1066825839159
"388",88,4,18.4044293998548
"389",89,4,17.3868901272566
"390",90,4,17.7652510359627
"391",91,4,17.78983524561
"392",92,4,17.2152939277352
"393",93,4,17.9218207330949
"394",94,4,17.9344815942484
"395",95,4,17.3772772303987
"396",96,4,17.9428035467862
"397",97,4,17.3007391733417
"398",98,4,17.2606274125124
"399",99,4,17.3911003527791
"400",100,4,17.4456952121037
"401",1,5,9.74801020060643
"402",2,5,9.10898934669389
"403",3,5,8.92750391103783
"404",4,5,8.20975805713301
"405",5,5,0
"406",6,5,8.62148038201762
"407",7,5,9.27705392381184
"408",8,5,9.26899116107713
"409",9,5,9.3325332084796
"410",10,5,9.40480708560905
"411",11,5,9.49946539460388
"412",12,5,9.48455707017905
"413",13,5,9.21501315073942
"414",14,5,8.69032568425684
"415",15,5,9.16763542527991
"416",16,5,9.20366851565416
"417",17,5,8.8951985515393
"418",18,5,8.99286008860737
"419",19,5,9.72485325678308
"420",20,5,10.3593967831032
"421",21,5,9.49466320541349
"422",22,5,9.53694628933332
"423",23,5,9.17443698687386
"424",24,5,9.35391290472319
"425",25,5,9.3533896813065
"426",26,5,9.51551641865211
"427",27,5,9.41159436739034
"428",28,5,8.73522772539328
"429",29,5,9.13959327340639
"430",30,5,9.19054201037464
"431",31,5,8.80990217169742
"432",32,5,8.87240699274155
"433",33,5,9.3998388248909
"434",34,5,9.06156377980859
"435",35,5,9.16847353741658
"436",36,5,9.50466202839257
"437",37,5,9.05912762061642
"438",38,5,9.97536364657256
"439",39,5,9.22967718739024
"440",40,5,9.59391226961829
"441",41,5,9.37258689417837
"442",42,5,9.37642494276595
"443",43,5,9.11470161176661
"444",44,5,9.22556061074153
"445",45,5,9.54211549473614
"446",46,5,9.29773844142683
"447",47,5,9.48598258738081
"448",48,5,9.55204362711014
"449",49,5,9.71479347905929
"450",50,5,9.51796244465843
"451",51,5,18.6797958348722
"452",52,5,18.158481785242
"453",53,5,18.2684396675295
"454",54,5,17.686627628934
"455",55,5,18.2834547985166
"456",56,5,18.1903633718558
"457",57,5,18.3957255512706
"458",58,5,18.8912501504079
"459",59,5,18.4250345297086
"460",60,5,18.599650775365
"461",61,5,18.4317523630556
"462",62,5,18.5081879785389
"463",63,5,18.2505720310496
"464",64,5,18.74737893775
"465",65,5,18.7489377137016
"466",66,5,19.2148535543249
"467",67,5,18.5057568011196
"468",68,5,18.8106153685352
"469",69,5,18.5239523921357
"470",70,5,18.9462800378416
"471",71,5,18.6102815101911
"472",72,5,19.3762848039259
"473",73,5,18.493801924772
"474",74,5,19.4164972222167
"475",75,5,19.6564935097267
"476",76,5,18.6377737188788
"477",77,5,19.0967563462279
"478",78,5,18.1415994064033
"479",79,5,18.9743737105812
"480",80,5,18.4586613154343
"481",81,5,19.0338796253988
"482",82,5,18.5033828428206
"483",83,5,19.0026791114324
"484",84,5,19.7593815683371
"485",85,5,18.6574442210448
"486",86,5,19.3482916107325
"487",87,5,18.8902160965762
"488",88,5,19.304068508781
"489",89,5,18.2529798506449
"490",90,5,18.4816885537033
"491",91,5,18.5763297932296
"492",92,5,18.0195092455595
"493",93,5,18.6936339019925
"494",94,5,18.7497958560524
"495",95,5,18.2960238703633
"496",96,5,18.7858290440092
"497",97,5,18.1439363647269
"498",98,5,18.1035741397692
"499",99,5,18.2227857029593
"500",100,5,18.3709027967945
"501",1,6,9.7830870715459
"502",2,6,8.94953174314885
"503",3,6,9.00350117984154
"504",4,6,8.39051350969613
"505",5,6,8.62148038201762
"506",6,6,0
"507",7,6,8.28021997213596
"508",8,6,8.52408755790565
"509",9,6,8.81818614399925
"510",10,6,8.62984929513817
"511",11,6,8.71774041364932
"512",12,6,8.96351984122896
"513",13,6,8.4799892267025
"514",14,6,8.92111521489776
"515",15,6,9.56256446446094
"516",16,6,9.26433376707751
"517",17,6,8.81831794363615
"518",18,6,8.78303640879885
"519",19,6,10.0016745653622
"520",20,6,9.99539589295471
"521",21,6,9.60067983058767
"522",22,6,9.40525635106797
"523",23,6,9.08319116751492
"524",24,6,9.22644128982129
"525",25,6,8.83205381152573
"526",26,6,9.33693319053295
"527",27,6,9.60681222020642
"528",28,6,8.70206760826363
"529",29,6,8.53473676762646
"530",30,6,8.91626967963378
"531",31,6,8.74357055675709
"532",32,6,8.93196951964658
"533",33,6,8.82633154717799
"534",34,6,8.83804702290148
"535",35,6,8.55697181816529
"536",36,6,8.99346743326365
"537",37,6,9.02104217950894
"538",38,6,9.91553882060524
"539",39,6,8.96711364315434
"540",40,6,9.06675236559046
"541",41,6,9.33916818751438
"542",42,6,8.89574638275618
"543",43,6,8.87707914705445
"544",44,6,9.04635086835916
"545",45,6,9.1835822591762
"546",46,6,8.78049310250434
"547",47,6,9.0471190018439
"548",48,6,9.08896420228863
"549",49,6,8.99006923978138
"550",50,6,8.74184016055083
"551",51,6,17.2858660903699
"552",52,6,16.9114540233596
"553",53,6,16.9480980286526
"554",54,6,16.4845651125212
"555",55,6,16.9272946118644
"556",56,6,16.7452303375174
"557",57,6,16.9525720290037
"558",58,6,17.4589222553482
"559",59,6,17.1308475938595
"560",60,6,17.1768055086235
"561",61,6,17.1953775225492
"562",62,6,17.3691482418114
"563",63,6,16.8671122804223
"564",64,6,17.6404310068983
"565",65,6,17.5795221190085
"566",66,6,18.1071924290414
"567",67,6,17.325344315238
"568",68,6,17.8105489126908
"569",69,6,17.2641051497853
"570",70,6,17.8772628273037
"571",71,6,17.3877134015437
"572",72,6,17.9719896996223
"573",73,6,17.2337166736951
"574",74,6,18.1379209605906
"575",75,6,18.2789858332016
"576",76,6,17.35961957634
"577",77,6,17.7715026964917
"578",78,6,16.8340998551718
"579",79,6,17.7732028039722
"580",80,6,17.1486625924329
"581",81,6,17.7203220250461
"582",82,6,17.2419287703855
"583",83,6,17.7707243846318
"584",84,6,18.5172650534141
"585",85,6,17.4092577854164
"586",86,6,18.019516584219
"587",87,6,17.7120766848848
"588",88,6,17.9549316108391
"589",89,6,17.2011287222447
"590",90,6,17.2218910961755
"591",91,6,17.2368213339288
"592",92,6,16.7018920108976
"593",93,6,17.3731554411079
"594",94,6,17.4387287198254
"595",95,6,16.9564983214824
"596",96,6,17.539075806477
"597",97,6,16.847051142291
"598",98,6,16.7894168972833
"599",99,6,17.0222465010318
"600",100,6,17.1363199320295
"601",1,7,10.050978397974
"602",2,7,9.53510823609214
"603",3,7,9.55407805914195
"604",4,7,9.12738966581844
"605",5,7,9.27705392381184
"606",6,7,8.28021997213596
"607",7,7,0
"608",8,7,8.88540851721681
"609",9,7,9.39952990653703
"610",10,7,9.17473916259504
"611",11,7,9.28452132180405
"612",12,7,9.19387374083946
"613",13,7,8.96151383558786
"614",14,7,9.22219496757518
"615",15,7,9.99818346969638
"616",16,7,9.68998129913088
"617",17,7,9.53681095613767
"618",18,7,9.311817824917
"619",19,7,10.4121924531962
"620",20,7,10.4263635234904
"621",21,7,9.61059825812088
"622",22,7,9.78204671775756
"623",23,7,9.36619820548533
"624",24,7,9.31673039511853
"625",25,7,9.20675128211239
"626",26,7,9.67061247287229
"627",27,7,9.89980822141064
"628",28,7,8.84186540600095
"629",29,7,9.24024832350833
"630",30,7,9.42684037540905
"631",31,7,9.3212389489704
"632",32,7,9.24181874945177
"633",33,7,9.53853864854687
"634",34,7,8.90777711592487
"635",35,7,9.41870255595686
"636",36,7,9.53600620644165
"637",37,7,9.26150789469582
"638",38,7,10.0976571422176
"639",39,7,9.54180346118993
"640",40,7,9.57068948364507
"641",41,7,9.93371142763538
"642",42,7,9.48502006158531
"643",43,7,9.673663651886
"644",44,7,9.44591304665991
"645",45,7,9.67495801844777
"646",46,7,9.42555712066207
"647",47,7,9.20368059280469
"648",48,7,9.63659424804964
"649",49,7,9.61339388905003
"650",50,7,9.60733108202004
"651",51,7,18.1215131367858
"652",52,7,17.632104626968
"653",53,7,17.7132362176229
"654",54,7,17.2920046021451
"655",55,7,17.7343321351976
"656",56,7,17.6333110643818
"657",57,7,17.8263044930969
"658",58,7,18.2463561828972
"659",59,7,17.8270041737028
"660",60,7,18.1094722403448
"661",61,7,18.0204768059039
"662",62,7,18.1470536666735
"663",63,7,17.6232583989444
"664",64,7,18.3639605798571
"665",65,7,18.2971639383562
"666",66,7,18.7922641375602
"667",67,7,17.8580734853797
"668",68,7,18.4160044634855
"669",69,7,18.0190428453188
"670",70,7,18.5446316387201
"671",71,7,18.0454618229962
"672",72,7,18.7259261504732
"673",73,7,17.7693004482795
"674",74,7,19.0075110066272
"675",75,7,19.0843873437552
"676",76,7,18.0667149597893
"677",77,7,18.5095336531001
"678",78,7,17.5886548335201
"679",79,7,18.2751705616399
"680",80,7,17.7786291513604
"681",81,7,18.4737642088118
"682",82,7,18.0073652979503
"683",83,7,18.4682617686787
"684",84,7,19.2403616764126
"685",85,7,18.1269414386619
"686",86,7,18.6052020733011
"687",87,7,18.5036105843996
"688",88,7,18.709388854036
"689",89,7,17.8298815614643
"690",90,7,18.0436982337458
"691",91,7,17.9392018121505
"692",92,7,17.5081327374062
"693",93,7,18.2124336066146
"694",94,7,18.2106239826858
"695",95,7,17.7614244502326
"696",96,7,18.2735037367901
"697",97,7,17.5057347195655
"698",98,7,17.6035311752739
"699",99,7,17.595443725262
"700",100,7,17.9138785111424
"701",1,8,9.92333587282171
"702",2,8,8.76935345048437
"703",3,8,8.9477754657498
"704",4,8,8.94404148983463
"705",5,8,9.26899116107713
"706",6,8,8.52408755790565
"707",7,8,8.88540851721681
"708",8,8,0
"709",9,8,9.20823660181092
"710",10,8,8.63418830213768
"711",11,8,9.08300118441498
"712",12,8,8.9494133028573
"713",13,8,9.04330936103102
"714",14,8,8.8385060431661
"715",15,8,9.32780317034296
"716",16,8,9.4828406363747
"717",17,8,8.99263430571666
"718",18,8,9.48954414243086
"719",19,8,10.0034049317128
"720",20,8,9.84788230640964
"721",21,8,9.21762294371458
"722",22,8,9.9804537776591
"723",23,8,9.0187132231426
"724",24,8,9.25103666741784
"725",25,8,9.18528734542122
"726",26,8,9.53050322767323
"727",27,8,9.72445419544444
"728",28,8,8.86523185662537
"729",29,8,8.84917177385168
"730",30,8,8.97687257418469
"731",31,8,8.92382534894268
"732",32,8,9.08895183419346
"733",33,8,9.66965199813694
"734",34,8,9.11425121717257
"735",35,8,9.19171855138785
"736",36,8,9.31993454657836
"737",37,8,9.13678941737226
"738",38,8,9.53369761707953
"739",39,8,8.61139493127306
"740",40,8,9.30454229754968
"741",41,8,9.47646798720792
"742",42,8,9.02621835188868
"743",43,8,9.05733346868951
"744",44,8,9.12638786855846
"745",45,8,9.38426727531444
"746",46,8,9.10503647314293
"747",47,8,9.56468918833431
"748",48,8,9.46866417138313
"749",49,8,9.36096355918709
"750",50,8,9.35249214948274
"751",51,8,17.8105316621932
"752",52,8,17.4550362257357
"753",53,8,17.4689480244053
"754",54,8,16.9008330537921
"755",55,8,17.557055952417
"756",56,8,17.2466481418963
"757",57,8,17.4321774380725
"758",58,8,18.0585091102738
"759",59,8,17.5259681471368
"760",60,8,17.7456424397725
"761",61,8,17.6845617749462
"762",62,8,17.8925318634795
"763",63,8,17.3863189363778
"764",64,8,18.0573179533903
"765",65,8,18.1471474012279
"766",66,8,18.6385364971452
"767",67,8,17.7185110987779
"768",68,8,18.3388983931971
"769",69,8,17.7488298213549
"770",70,8,18.2976233711031
"771",71,8,17.8176188172945
"772",72,8,18.5558374187508
"773",73,8,17.6233950835584
"774",74,8,18.6868574403056
"775",75,8,18.9053770406097
"776",76,8,18.0410607780905
"777",77,8,18.2498965745606
"778",78,8,17.3686184864139
"779",79,8,18.155066886989
"780",80,8,17.5789006815183
"781",81,8,18.2555077187973
"782",82,8,17.7753337155206
"783",83,8,18.0406141242202
"784",84,8,19.1297628073123
"785",85,8,17.9443456966632
"786",86,8,18.5275167290844
"787",87,8,18.3307155539436
"788",88,8,18.4997023354845
"789",89,8,17.7037046131287
"790",90,8,17.8005079568967
"791",91,8,17.8058152965307
"792",92,8,17.3035957414038
"793",93,8,17.977611697595
"794",94,8,18.0623859171722
"795",95,8,17.5453817675015
"796",96,8,18.09342589157
"797",97,8,17.3724957660467
"798",98,8,17.3196636566849
"799",99,8,17.5646004997207
"800",100,8,17.6797785481872
"801",1,9,9.97928907555875
"802",2,9,9.26580379178128
"803",3,9,9.3513082836582
"804",4,9,9.30132914151905
"805",5,9,9.3325332084796
"806",6,9,8.81818614399925
"807",7,9,9.39952990653703
"808",8,9,9.20823660181092
"809",9,9,0
"810",10,9,8.73996284997048
"811",11,9,9.05252887817866
"812",12,9,9.80342296844954
"813",13,9,9.05595336274196
"814",14,9,9.12074637967467
"815",15,9,9.6692128081013
"816",16,9,9.68582799486786
"817",17,9,9.34709679619916
"818",18,9,9.32221679609198
"819",19,9,10.3179895146031
"820",20,9,10.2165856446869
"821",21,9,10.0667860142548
"822",22,9,9.91904793775401
"823",23,9,9.48007106626891
"824",24,9,9.86171361674617
"825",25,9,9.32325805049747
"826",26,9,9.52931691139795
"827",27,9,10.0429221377804
"828",28,9,9.24995040669238
"829",29,9,9.33416156205122
"830",30,9,9.12933127934989
"831",31,9,9.6157888841691
"832",32,9,9.60786652899115
"833",33,9,10.0195804757934
"834",34,9,9.42414163112734
"835",35,9,9.41288390475045
"836",36,9,9.71118820363129
"837",37,9,9.78802686660815
"838",38,9,9.77863854860244
"839",39,9,9.20910994648581
"840",40,9,9.53356942294009
"841",41,9,9.6437927670149
"842",42,9,9.59952486023496
"843",43,9,9.72414356297962
"844",44,9,9.4147300717773
"845",45,9,9.08450432978093
"846",46,9,9.32266133754323
"847",47,9,9.36114065943971
"848",48,9,9.71653396600095
"849",49,9,9.34716812743815
"850",50,9,9.54931527608261
"851",51,9,17.9250416654057
"852",52,9,17.5211321562981
"853",53,9,17.5356354574619
"854",54,9,17.0779305263368
"855",55,9,17.4531411972977
"856",56,9,17.4575875044921
"857",57,9,17.7054558232882
"858",58,9,17.9967620064473
"859",59,9,17.6613443199411
"860",60,9,17.7479899749314
"861",61,9,17.854679451033
"862",62,9,17.9615147129631
"863",63,9,17.6632262193945
"864",64,9,18.2898546467154
"865",65,9,18.2764651155663
"866",66,9,18.5452417354695
"867",67,9,17.9473409504463
"868",68,9,18.4757052652135
"869",69,9,17.8778164453221
"870",70,9,18.4019318171619
"871",71,9,17.7811488526073
"872",72,9,18.582689623957
"873",73,9,17.6750038761191
"874",74,9,18.5996268250769
"875",75,9,18.7912400334358
"876",76,9,17.8846580436187
"877",77,9,18.2106421165676
"878",78,9,17.4092987120028
"879",79,9,18.0950160162698
"880",80,9,17.6365663304053
"881",81,9,18.3403551359284
"882",82,9,17.7116414304675
"883",83,9,18.1353636004619
"884",84,9,19.128114275599
"885",85,9,17.9012153449719
"886",86,9,18.3894617862027
"887",87,9,18.099673237991
"888",88,9,18.435364560442
"889",89,9,17.7065915523211
"890",90,9,17.8140987204388
"891",91,9,17.9365596117965
"892",92,9,17.1814160257087
"893",93,9,17.9152015197556
"894",94,9,18.0352707368957
"895",95,9,17.6179354975348
"896",96,9,18.2396015906206
"897",97,9,17.4601186136575
"898",98,9,17.4034341692666
"899",99,9,17.5105065524809
"900",100,9,17.5561903888666
"901",1,10,9.73350583271697
"902",2,10,8.67015367809581
"903",3,10,9.19039269156262
"904",4,10,8.77296294128393
"905",5,10,9.40480708560905
"906",6,10,8.62984929513817
"907",7,10,9.17473916259504
"908",8,10,8.63418830213768
"909",9,10,8.73996284997048
"910",10,10,0
"911",11,10,8.92122220268864
"912",12,10,9.14122227429406
"913",13,10,8.65493340494276
"914",14,10,8.58198696544931
"915",15,10,9.14894116279532
"916",16,10,9.38303822431915
"917",17,10,9.18265008278113
"918",18,10,9.24322704300046
"919",19,10,10.315826023318
"920",20,10,9.82344956687661
"921",21,10,9.18851847517311
"922",22,10,9.66811100329262
"923",23,10,9.182820538715
"924",24,10,9.69899628451124
"925",25,10,9.34415397648141
"926",26,10,8.98740431185894
"927",27,10,9.54819027689642
"928",28,10,9.02303948431068
"929",29,10,8.86189033736345
"930",30,10,9.276121030693
"931",31,10,9.36189956560982
"932",32,10,9.13005017206521
"933",33,10,9.84579947241805
"934",34,10,9.16335161809267
"935",35,10,9.67218107558137
"936",36,10,9.2978535203272
"937",37,10,9.40534386435413
"938",38,10,9.66853600213993
"939",39,10,8.75349730142472
"940",40,10,9.23863028816898
"941",41,10,9.55490531367995
"942",42,10,9.38865612750133
"943",43,10,9.12919709420895
"944",44,10,9.35899426876031
"945",45,10,9.57569563810131
"946",46,10,9.27268472849312
"947",47,10,9.69439222785705
"948",48,10,9.9568613350674
"949",49,10,9.17639385443956
"950",50,10,9.38221212014129
"951",51,10,18.0669015595442
"952",52,10,17.5981424327449
"953",53,10,17.7317200002277
"954",54,10,17.1548011253066
"955",55,10,17.6195005741071
"956",56,10,17.5482404943696
"957",57,10,17.7479809518178
"958",58,10,18.187360261776
"959",59,10,17.792589390404
"960",60,10,17.9165642921251
"961",61,10,17.8899592928928
"962",62,10,18.086155179228
"963",63,10,17.6369567129527
"964",64,10,18.2928531565326
"965",65,10,18.2532575960547
"966",66,10,18.8321172586577
"967",67,10,17.8753021467195
"968",68,10,18.4651181876793
"969",69,10,17.9351945640723
"970",70,10,18.5115419830274
"971",71,10,17.9921716940909
"972",72,10,18.6219909041408
"973",73,10,17.8470640383982
"974",74,10,18.8386101439442
"975",75,10,18.9860902115991
"976",76,10,18.0290362672076
"977",77,10,18.4541591821155
"978",78,10,17.5819961854655
"979",79,10,18.3929059085371
"980",80,10,17.6809972959913
"981",81,10,18.4577303692262
"982",82,10,17.9579586032521
"983",83,10,18.3440554240125
"984",84,10,19.2176048599324
"985",85,10,18.0099800757082
"986",86,10,18.6965859353361
"987",87,10,18.4255239128378
"988",88,10,18.5865534783497
"989",89,10,17.7581716944985
"990",90,10,17.9600445222587
"991",91,10,18.0414626687153
"992",92,10,17.4335337244824
"993",93,10,18.1938816900304
"994",94,10,18.0453648274468
"995",95,10,17.7779192822195
"996",96,10,18.3243822862576
"997",97,10,17.4597798278249
"998",98,10,17.472418557781
"999",99,10,17.5863347936895
"1000",100,10,17.6969263791729
"1001",1,11,9.92385654268077
"1002",2,11,9.43720376134154
"1003",3,11,9.7622165228792
"1004",4,11,9.40960529702875
"1005",5,11,9.49946539460388
"1006",6,11,8.71774041364932
"1007",7,11,9.28452132180405
"1008",8,11,9.08300118441498
"1009",9,11,9.05252887817866
"1010",10,11,8.92122220268864
"1011",11,11,0
"1012",12,11,9.03135942479693
"1013",13,11,8.80654630563735
"1014",14,11,9.14416247965977
"1015",15,11,9.72513561239113
"1016",16,11,9.50488970072798
"1017",17,11,9.26173031418482
"1018",18,11,9.35344856956644
"1019",19,11,10.3343162888376
"1020",20,11,10.4579058779329
"1021",21,11,9.90195349365317
"1022",22,11,9.68419184619139
"1023",23,11,9.44074891654606
"1024",24,11,9.29502223971061
"1025",25,11,9.10777969899236
"1026",26,11,9.98309984723844
"1027",27,11,9.98989314610868
"1028",28,11,9.12297029008559
"1029",29,11,9.39409515462458
"1030",30,11,9.4005648316139
"1031",31,11,9.19350549201338
"1032",32,11,9.35409431469668
"1033",33,11,9.46953230009167
"1034",34,11,9.15416562560665
"1035",35,11,9.12925725525019
"1036",36,11,9.57719797870729
"1037",37,11,9.40968908292572
"1038",38,11,10.3688305978806
"1039",39,11,9.07732061025248
"1040",40,11,9.28483801010298
"1041",41,11,9.58890001638452
"1042",42,11,9.22193923606943
"1043",43,11,9.14210223214514
"1044",44,11,9.39970435557707
"1045",45,11,8.99067722559115
"1046",46,11,9.13859077370575
"1047",47,11,9.27350180772092
"1048",48,11,9.45734396056717
"1049",49,11,9.32509128711355
"1050",50,11,9.46460455850644
"1051",51,11,17.9476188714353
"1052",52,11,17.3988527951933
"1053",53,11,17.4722444395275
"1054",54,11,16.9316706117237
"1055",55,11,17.5037176804099
"1056",56,11,17.3341157458204
"1057",57,11,17.5824090802236
"1058",58,11,18.1605271911671
"1059",59,11,17.7533934469678
"1060",60,11,17.7967996505665
"1061",61,11,17.8504821639162
"1062",62,11,18.022789789427
"1063",63,11,17.6145145525352
"1064",64,11,18.3074665550976
"1065",65,11,18.3605867072768
"1066",66,11,18.7702771204585
"1067",67,11,17.9032238030903
"1068",68,11,18.5475168027243
"1069",69,11,17.8997872581468
"1070",70,11,18.3796746460055
"1071",71,11,17.8210195848159
"1072",72,11,18.6237921946601
"1073",73,11,17.8205184555818
"1074",74,11,18.6941655475994
"1075",75,11,18.830530638834
"1076",76,11,17.9502857928559
"1077",77,11,18.3020563920266
"1078",78,11,17.5373593275675
"1079",79,11,18.268235307266
"1080",80,11,17.6459729500673
"1081",81,11,18.2896632809336
"1082",82,11,17.9238834101845
"1083",83,11,18.1407619719453
"1084",84,11,19.0384567678316
"1085",85,11,17.9276930807519
"1086",86,11,18.4933996230989
"1087",87,11,18.1629043886405
"1088",88,11,18.3991101095468
"1089",89,11,17.7802997935025
"1090",90,11,17.8771177278518
"1091",91,11,17.8905814283808
"1092",92,11,17.4729942193008
"1093",93,11,17.8896790190298
"1094",94,11,17.961542283624
"1095",95,11,17.5264568735803
"1096",96,11,18.0975105098157
"1097",97,11,17.173490543923
"1098",98,11,17.334467352947
"1099",99,11,17.5692406346195
"1100",100,11,17.7661155864626
"1101",1,12,9.92973951786704
"1102",2,12,9.23113494264629
"1103",3,12,9.07780201702902
"1104",4,12,9.13348416040684
"1105",5,12,9.48455707017905
"1106",6,12,8.96351984122896
"1107",7,12,9.19387374083946
"1108",8,12,8.9494133028573
"1109",9,12,9.80342296844954
"1110",10,12,9.14122227429406
"1111",11,12,9.03135942479693
"1112",12,12,0
"1113",13,12,8.93524724536626
"1114",14,12,8.66865350409572
"1115",15,12,9.42392446777058
"1116",16,12,9.15325509380594
"1117",17,12,9.12059804695857
"1118",18,12,9.45600054069857
"1119",19,12,10.2370082374362
"1120",20,12,9.82001922770623
"1121",21,12,9.37356094082078
"1122",22,12,10.0307356615864
"1123",23,12,9.30423660873563
"1124",24,12,9.25602622269061
"1125",25,12,9.35817284758296
"1126",26,12,9.65113342869713
"1127",27,12,9.45831530026433
"1128",28,12,8.92886385843864
"1129",29,12,9.16207999547154
"1130",30,12,9.31168458836761
"1131",31,12,9.2835459981177
"1132",32,12,9.07763347807236
"1133",33,12,9.87225181881997
"1134",34,12,9.04467048610446
"1135",35,12,9.63066756708726
"1136",36,12,9.69460093559129
"1137",37,12,9.23927650105855
"1138",38,12,9.90540147348077
"1139",39,12,9.18338322664219
"1140",40,12,9.7713790267596
"1141",41,12,9.3794588664379
"1142",42,12,9.07349706002544
"1143",43,12,9.3522864570201
"1144",44,12,9.33562759396579
"1145",45,12,9.68434790265497
"1146",46,12,9.21675145878001
"1147",47,12,9.80285951278882
"1148",48,12,9.4574001048174
"1149",49,12,9.56303561900414
"1150",50,12,10.0430282003361
"1151",51,12,18.0634536480895
"1152",52,12,17.631691697318
"1153",53,12,18.0951084501596
"1154",54,12,17.5142529239545
"1155",55,12,17.9492343948435
"1156",56,12,17.6482418718091
"1157",57,12,18.0663654476818
"1158",58,12,18.367456152434
"1159",59,12,17.9979525000007
"1160",60,12,18.2380083663052
"1161",61,12,18.208402487022
"1162",62,12,18.1842668980767
"1163",63,12,17.7826914855926
"1164",64,12,18.5109146710357
"1165",65,12,18.4320454380385
"1166",66,12,18.9701138485629
"1167",67,12,17.9323813290639
"1168",68,12,18.4389300198251
"1169",69,12,18.122708765626
"1170",70,12,18.5649798754948
"1171",71,12,18.1271552482991
"1172",72,12,18.8321402345782
"1173",73,12,17.8571382462194
"1174",74,12,18.9526026982568
"1175",75,12,19.2118585732575
"1176",76,12,18.2685291935867
"1177",77,12,18.6191482604014
"1178",78,12,17.7311524109308
"1179",79,12,18.5225824879544
"1180",80,12,17.9932444236737
"1181",81,12,18.705236128824
"1182",82,12,18.184137303258
"1183",83,12,18.641046874998
"1184",84,12,19.5455943120982
"1185",85,12,18.2011729606342
"1186",86,12,18.7102388633352
"1187",87,12,18.5079329149929
"1188",88,12,18.9360621568329
"1189",89,12,17.8018575958898
"1190",90,12,18.2290520275702
"1191",91,12,18.0312664021371
"1192",92,12,17.707144737651
"1193",93,12,18.2634544233442
"1194",94,12,18.2630254849976
"1195",95,12,17.7984833936947
"1196",96,12,18.3052360415399
"1197",97,12,17.6888365363836
"1198",98,12,17.6857521722005
"1199",99,12,17.81697785549
"1200",100,12,17.9068632471913
"1201",1,13,9.81545166762604
"1202",2,13,9.12164689740072
"1203",3,13,9.04951154368493
"1204",4,13,8.89530287018424
"1205",5,13,9.21501315073942
"1206",6,13,8.4799892267025
"1207",7,13,8.96151383558786
"1208",8,13,9.04330936103102
"1209",9,13,9.05595336274196
"1210",10,13,8.65493340494276
"1211",11,13,8.80654630563735
"1212",12,13,8.93524724536626
"1213",13,13,0
"1214",14,13,8.60028847018943
"1215",15,13,9.18337944193954
"1216",16,13,9.33422453940073
"1217",17,13,9.22979508670513
"1218",18,13,9.24699656378112
"1219",19,13,10.3980932976374
"1220",20,13,9.89194156759799
"1221",21,13,9.39686737310385
"1222",22,13,9.48532105261227
"1223",23,13,9.43469370115472
"1224",24,13,9.60685937545893
"1225",25,13,9.39978780124672
"1226",26,13,9.10543762771246
"1227",27,13,9.66703751946243
"1228",28,13,8.97147054029954
"1229",29,13,9.3044725958555
"1230",30,13,8.78528802801295
"1231",31,13,9.24637157325133
"1232",32,13,9.15300243886143
"1233",33,13,9.70420131255437
"1234",34,13,8.97460939658456
"1235",35,13,9.24905513927126
"1236",36,13,9.49286651745113
"1237",37,13,9.11428156085054
"1238",38,13,9.7480912812755
"1239",39,13,8.99134969578123
"1240",40,13,9.43794404518279
"1241",41,13,9.38688812184812
"1242",42,13,9.13111149158184
"1243",43,13,9.27183083145813
"1244",44,13,9.34201049578294
"1245",45,13,9.58580208695606
"1246",46,13,9.39839138186821
"1247",47,13,9.1098543070278
"1248",48,13,9.6329300856681
"1249",49,13,9.52465701806677
"1250",50,13,9.13459342620924
"1251",51,13,17.627517856586
"1252",52,13,17.2060984003253
"1253",53,13,17.4067420404484
"1254",54,13,16.9178032560745
"1255",55,13,17.3803433181009
"1256",56,13,17.2406310980751
"1257",57,13,17.4297125468122
"1258",58,13,17.9111947816897
"1259",59,13,17.4541927917383
"1260",60,13,17.6707094020345
"1261",61,13,17.6585209507442
"1262",62,13,17.7528808581776
"1263",63,13,17.4087124279722
"1264",64,13,18.0428797957598
"1265",65,13,17.9826378116746
"1266",66,13,18.5310224981132
"1267",67,13,17.6361600960734
"1268",68,13,18.0671266826578
"1269",69,13,17.7185526061388
"1270",70,13,18.3119844313027
"1271",71,13,17.5878149968694
"1272",72,13,18.3689647559067
"1273",73,13,17.568872370234
"1274",74,13,18.6071223265031
"1275",75,13,18.8060952814178
"1276",76,13,17.8690055890454
"1277",77,13,18.2742814186917
"1278",78,13,17.3352846259488
"1279",79,13,18.0866140006709
"1280",80,13,17.5585401836967
"1281",81,13,18.2522284552624
"1282",82,13,17.5372059240272
"1283",83,13,18.0235139433696
"1284",84,13,18.9332776446214
"1285",85,13,17.7688569073188
"1286",86,13,18.3447719750862
"1287",87,13,18.1550331846906
"1288",88,13,18.2923839088411
"1289",89,13,17.4534710816803
"1290",90,13,17.7361866201822
"1291",91,13,17.7586699493122
"1292",92,13,17.1168523363996
"1293",93,13,17.7636107078483
"1294",94,13,17.801213516844
"1295",95,13,17.3887202966745
"1296",96,13,17.9154929886461
"1297",97,13,17.1500328722264
"1298",98,13,17.2752181188099
"1299",99,13,17.3542892228241
"1300",100,13,17.5131137636072
"1301",1,14,9.4459034883193
"1302",2,14,8.67128133656785
"1303",3,14,8.9479378286914
"1304",4,14,8.7377797043447
"1305",5,14,8.69032568425684
"1306",6,14,8.92111521489776
"1307",7,14,9.22219496757518
"1308",8,14,8.8385060431661
"1309",9,14,9.12074637967467
"1310",10,14,8.58198696544931
"1311",11,14,9.14416247965977
"1312",12,14,8.66865350409572
"1313",13,14,8.60028847018943
"1314",14,14,0
"1315",15,14,8.36722718689797
"1316",16,14,8.93330404279009
"1317",17,14,8.53102831891873
"1318",18,14,9.14702854935746
"1319",19,14,9.46305358443771
"1320",20,14,9.60779185325136
"1321",21,14,9.02809859078208
"1322",22,14,9.38953314980391
"1323",23,14,8.77116654028285
"1324",24,14,9.58645050552024
"1325",25,14,9.31043003280843
"1326",26,14,8.91787493823712
"1327",27,14,9.10680381875401
"1328",28,14,8.34901660725207
"1329",29,14,9.12116874547415
"1330",30,14,9.08467080168216
"1331",31,14,8.88561527936941
"1332",32,14,8.84090871307481
"1333",33,14,9.62118588985042
"1334",34,14,8.91927281511273
"1335",35,14,9.61946307690428
"1336",36,14,9.26051592954726
"1337",37,14,9.19920088954844
"1338",38,14,9.29328871630969
"1339",39,14,8.84031915605216
"1340",40,14,9.21455558026937
"1341",41,14,9.0420883823734
"1342",42,14,9.01117069468905
"1343",43,14,8.96828994814696
"1344",44,14,9.13853571069259
"1345",45,14,9.41592235547357
"1346",46,14,8.94156362564286
"1347",47,14,9.47800791638819
"1348",48,14,9.63480976457479
"1349",49,14,9.38720752995867
"1350",50,14,9.57676060375911
"1351",51,14,18.4693947732732
"1352",52,14,18.0973308059286
"1353",53,14,18.2228706975799
"1354",54,14,17.7301700281824
"1355",55,14,18.1562534497235
"1356",56,14,18.0738379109574
"1357",57,14,18.3674504279457
"1358",58,14,18.7508860760697
"1359",59,14,18.3124468378877
"1360",60,14,18.4606597638704
"1361",61,14,18.4315317026175
"1362",62,14,18.6153992631423
"1363",63,14,18.1868701723814
"1364",64,14,18.7606297209614
"1365",65,14,18.8335494619534
"1366",66,14,19.3840405459005
"1367",67,14,18.412995331692
"1368",68,14,18.9623377405969
"1369",69,14,18.4665159278635
"1370",70,14,19.0048877988778
"1371",71,14,18.451766179955
"1372",72,14,19.1569056771946
"1373",73,14,18.3591716957513
"1374",74,14,19.430288336791
"1375",75,14,19.5672821275733
"1376",76,14,18.6510506845393
"1377",77,14,19.1360881051296
"1378",78,14,18.1779774766241
"1379",79,14,18.9558861131524
"1380",80,14,18.3916895543173
"1381",81,14,19.0017592750666
"1382",82,14,18.4736826789344
"1383",83,14,18.869448090859
"1384",84,14,19.8338297725491
"1385",85,14,18.6856700558023
"1386",86,14,19.1934326324158
"1387",87,14,18.8107013314373
"1388",88,14,19.198875938336
"1389",89,14,18.2503872930678
"1390",90,14,18.5136231091383
"1391",91,14,18.5836786059808
"1392",92,14,18.000593964127
"1393",93,14,18.5948610050213
"1394",94,14,18.6481280817503
"1395",95,14,18.2983149044511
"1396",96,14,18.7902431419926
"1397",97,14,18.0896112522474
"1398",98,14,18.0746927527586
"1399",99,14,18.1914840239226
"1400",100,14,18.1653296855036
"1401",1,15,9.51307766842413
"1402",2,15,9.01235393763426
"1403",3,15,9.39821854571142
"1404",4,15,9.0642595113121
"1405",5,15,9.16763542527991
"1406",6,15,9.56256446446094
"1407",7,15,9.99818346969638
"1408",8,15,9.32780317034296
"1409",9,15,9.6692128081013
"1410",10,15,9.14894116279532
"1411",11,15,9.72513561239113
"1412",12,15,9.42392446777058
"1413",13,15,9.18337944193954
"1414",14,15,8.36722718689797
"1415",15,15,0
"1416",16,15,8.97508193211946
