"","row","col","value"
"1",1,1,0
"2",2,1,9.20687675365349
"3",3,1,9.46591298633821
"4",4,1,9.46492229237069
"5",5,1,9.74801020060643
"6",6,1,9.7830870715459
"7",7,1,10.050978397974
"8",8,1,9.92333587282171
"9",9,1,9.97928907555875
"10",10,1,9.73350583271697
"11",11,1,9.92385654268077
"12",12,1,9.92973951786704
"13",13,1,9.81545166762604
"14",14,1,9.4459034883193
"15",15,1,9.51307766842413
"16",16,1,9.94624766425848
"17",17,1,9.74013883511281
"18",18,1,9.90730309381747
"19",19,1,9.98489639012633
"20",20,1,10.1980279772617
"21",21,1,9.72489421230019
"22",22,1,9.81648718308853
"23",23,1,9.94157279623874
"24",24,1,10.1077535151777
"25",25,1,9.84983123659536
"26",26,1,9.76887373783408
"27",27,1,9.43843365216889
"28",28,1,9.22492597274491
"29",29,1,9.71399060553388
"30",30,1,9.74694166219096
"31",31,1,9.80606130867275
"32",32,1,9.60242656513728
"33",33,1,10.2820642411993
"34",34,1,9.95700236356897
"35",35,1,10.09413950168
"36",36,1,9.53978781290444
"37",37,1,9.91048048733533
"38",38,1,10.3088602313001
"39",39,1,10.1796335213748
"40",40,1,10.2608036288965
"41",41,1,9.64588114769706
"42",42,1,9.58339539888655
"43",43,1,9.9671134840239
"44",44,1,9.77740408848936
"45",45,1,10.322060345541
"46",46,1,10.1547775629223
"47",47,1,10.1884403770651
"48",48,1,9.89140064349284
"49",49,1,10.035617513968
"50",50,1,9.91053534846083
"51",51,1,17.4891694916986
"52",52,1,17.8513977123594
"53",53,1,18.5848446202592
"54",54,1,17.724390905179
"55",55,1,17.3823641445937
"56",56,1,18.7595268110487
"57",57,1,18.0552440878695
"58",58,1,17.8499401700036
"59",59,1,17.879850053808
"60",60,1,17.5896333829554
"61",61,1,18.050861719795
"62",62,1,17.4028763823409
"63",63,1,17.2096416982286
"64",64,1,18.6478086219568
"65",65,1,17.4338704538671
"66",66,1,17.5649510785512
"67",67,1,17.3361725074299
"68",68,1,17.0287715595519
"69",69,1,18.3103681024333
"70",70,1,17.3963654448504
"71",71,1,17.3212336196317
"72",72,1,18.6186274442285
"73",73,1,18.5371436719231
"74",74,1,21.9477932322228
"75",75,1,17.6837690972744
"76",76,1,18.1700531092365
"77",77,1,19.7498358800304
"78",78,1,18.0432151521038
"79",79,1,18.3227700007383
"80",80,1,19.4482611030181
"81",81,1,19.0101692928901
"82",82,1,18.0996847707363
"83",83,1,20.6273834035309
"84",84,1,18.0470231306088
"85",85,1,18.9117719020725
"86",86,1,20.1629297994345
"87",87,1,18.6511076152668
"88",88,1,21.1160691910683
"89",89,1,18.3899374065011
"90",90,1,17.883227624644
"91",91,1,17.6313764324262
"92",92,1,18.0666412451545
"93",93,1,17.8001664692008
"94",94,1,18.0495426737637
"95",95,1,18.4655046482819
"96",96,1,19.2989345487967
"97",97,1,18.2133683895853
"98",98,1,17.797382359018
"99",99,1,19.018157167676
"100",100,1,17.8784189936063
"101",1,2,9.20687675365349
"102",2,2,0
"103",3,2,8.61520679222182
"104",4,2,8.44711536186269
"105",5,2,9.10898934669389
"106",6,2,8.94953174314885
"107",7,2,9.53510823609214
"108",8,2,8.76935345048437
"109",9,2,9.26580379178128
"110",10,2,8.67015367809581
"111",11,2,9.43720376134154
"112",12,2,9.23113494264629
"113",13,2,9.12164689740072
"114",14,2,8.67128133656785
"115",15,2,9.01235393763426
"116",16,2,9.3593750151066
"117",17,2,8.73553871884602
"118",18,2,9.52144597950108
"119",19,2,9.84984651440915
"120",20,2,9.49371686658685
"121",21,2,9.34182859819818
"122",22,2,9.70352056924554
"123",23,2,8.83045984832281
"124",24,2,9.18191584466658
"125",25,2,9.14212713179578
"126",26,2,9.12740288642878
"127",27,2,9.47366396433035
"128",28,2,8.87155691950459
"129",29,2,8.88245804510484
"130",30,2,8.98556178452436
"131",31,2,8.73479364630522
"132",32,2,8.98191941902312
"133",33,2,9.79195638049945
"134",34,2,9.21344830367268
"135",35,2,9.67653818195141
"136",36,2,9.0382515462832
"137",37,2,9.70131988117199
"138",38,2,9.48515134978386
"139",39,2,8.69396247659318
"140",40,2,9.29018815543016
"141",41,2,9.08641102512931
"142",42,2,9.09481033479234
"143",43,2,9.19299240204579
"144",44,2,9.06653135896636
"145",45,2,9.42662209237739
"146",46,2,9.1210847898783
"147",47,2,9.33990446083396
"148",48,2,9.55623737374012
"149",49,2,9.41105489441227
"150",50,2,9.41555913579102
"151",51,2,17.0591923296471
"152",52,2,17.6689596771134
"153",53,2,18.197495553846
"154",54,2,17.1818310749273
"155",55,2,16.9785738493586
"156",56,2,18.4358858317193
"157",57,2,17.7609197027901
"158",58,2,17.5291583506363
"159",59,2,17.6011415438086
"160",60,2,17.1811804868852
"161",61,2,17.8439008231138
"162",62,2,17.0693626584894
"163",63,2,16.8615126798655
"164",64,2,18.2814473150715
"165",65,2,17.4613694216366
"166",66,2,17.1982097923038
"167",67,2,17.0303188140928
"168",68,2,16.5150095989462
"169",69,2,17.861499604525
"170",70,2,16.805899563287
"171",71,2,16.7365232951127
"172",72,2,18.1096565543185
"173",73,2,18.0130562570603
"174",74,2,21.3986159466984
"175",75,2,17.4444623711422
"176",76,2,17.6718472648879
"177",77,2,19.3028890007431
"178",78,2,17.5087183576962
"179",79,2,17.7969841540476
"180",80,2,18.9142109755928
"181",81,2,18.4606851087129
"182",82,2,17.6874271291508
"183",83,2,20.2797957281156
"184",84,2,17.6110625720281
"185",85,2,18.7155722163761
"186",86,2,19.9389297752548
"187",87,2,18.1371780197411
"188",88,2,20.582069080719
"189",89,2,17.8864759219503
"190",90,2,17.6053498763924
"191",91,2,17.5067217161005
"192",92,2,17.669178298567
"193",93,2,17.3760629279713
"194",94,2,17.8474985290508
"195",95,2,17.852187980275
"196",96,2,18.7302569624959
"197",97,2,17.7368815975276
"198",98,2,17.4361142103201
"199",99,2,18.6597195965327
"200",100,2,17.6171608565696
"201",1,3,9.46591298633821
"202",2,3,8.61520679222182
"203",3,3,0
"204",4,3,8.66840870362615
"205",5,3,8.92750391103783
"206",6,3,9.00350117984154
"207",7,3,9.55407805914195
"208",8,3,8.9477754657498
"209",9,3,9.3513082836582
"210",10,3,9.19039269156262
"211",11,3,9.7622165228792
"212",12,3,9.07780201702902
"213",13,3,9.04951154368493
"214",14,3,8.9479378286914
"215",15,3,9.39821854571142
"216",16,3,9.40138059236468
"217",17,3,8.98914692725405
"218",18,3,9.28378615592979
"219",19,3,10.0811316179516
"220",20,3,9.9063389454495
"221",21,3,9.50177072594513
"222",22,3,9.83109177924986
"223",23,3,9.21522506201565
"224",24,3,9.68572403930257
"225",25,3,9.30586270747185
"226",26,3,9.1031778118457
"227",27,3,9.71377949847113
"228",28,3,8.9747982072095
"229",29,3,8.93606853724295
"230",30,3,9.1056672878762
"231",31,3,8.93652550154667
"232",32,3,9.41186574869614
"233",33,3,10.2562094071939
"234",34,3,9.33156098024359
"235",35,3,9.63564441937879
"236",36,3,9.34193736667103
"237",37,3,9.39344857505635
"238",38,3,9.60426806842043
"239",39,3,9.02730578391722
"240",40,3,9.62679174084535
"241",41,3,9.26902868865228
"242",42,3,9.21268701057678
"243",43,3,9.38509297241531
"244",44,3,9.03095314842859
"245",45,3,9.58427276567492
"246",46,3,9.45263742835281
"247",47,3,9.89114313772256
"248",48,3,9.35479176782456
"249",49,3,9.19698591178536
"250",50,3,9.30626223039547
"251",51,3,16.9100913297334
"252",52,3,17.5810918218585
"253",53,3,18.1450597845722
"254",54,3,17.2755556474431
"255",55,3,17.1701507526162
"256",56,3,18.3833344926227
"257",57,3,17.6815009809927
"258",58,3,17.4501744657695
"259",59,3,17.5300033633617
"260",60,3,17.2040095448227
"261",61,3,17.6260911861809
"262",62,3,17.0895691567211
"263",63,3,16.845555538574
"264",64,3,18.2180878937454
"265",65,3,17.2647619304899
"266",66,3,17.064892982765
"267",67,3,16.9699064547405
"268",68,3,16.5234401808249
"269",69,3,17.9471365242483
"270",70,3,16.9201860656116
"271",71,3,16.7429539356794
"272",72,3,18.1647238329617
"273",73,3,18.0584042753362
"274",74,3,21.3725774227792
"275",75,3,17.4031112340676
"276",76,3,17.6603869087548
"277",77,3,19.3052621830714
"278",78,3,17.5036578991282
"279",79,3,17.7462052563729
"280",80,3,19.003035027562
"281",81,3,18.3482055709089
"282",82,3,17.6559208395474
"283",83,3,20.1407281845135
"284",84,3,17.5666921103513
"285",85,3,18.6659224473122
"286",86,3,19.8564037564047
"287",87,3,18.1646090785907
"288",88,3,20.5717287036491
"289",89,3,17.7960656607406
"290",90,3,17.5050400315823
"291",91,3,17.5079169096382
"292",92,3,17.7110278689877
"293",93,3,17.3379906922921
"294",94,3,17.928459219015
"295",95,3,17.947071871733
"296",96,3,18.8115663397963
"297",97,3,17.8867934410729
"298",98,3,17.5646251408169
"299",99,3,18.5756809034073
"300",100,3,17.5702880430886
"301",1,4,9.46492229237069
"302",2,4,8.44711536186269
"303",3,4,8.66840870362615
"304",4,4,0
"305",5,4,8.20975805713301
"306",6,4,8.39051350969613
"307",7,4,9.12738966581844
"308",8,4,8.94404148983463
"309",9,4,9.30132914151905
"310",10,4,8.77296294128393
"311",11,4,9.40960529702875
"312",12,4,9.13348416040684
"313",13,4,8.89530287018424
"314",14,4,8.7377797043447
"315",15,4,9.0642595113121
"316",16,4,8.62669208367426
"317",17,4,8.44716948231498
"318",18,4,9.03148074966257
"319",19,4,9.40394754351749
"320",20,4,9.68348207831279
"321",21,4,9.04327365487141
"322",22,4,9.24502841487905
"323",23,4,8.78863362653732
"324",24,4,9.09319396795902
"325",25,4,9.09359526818109
"326",26,4,9.30537787512822
"327",27,4,9.389026505293
"328",28,4,8.70564172821531
"329",29,4,8.91173220692612
"330",30,4,9.03223999322384
"331",31,4,8.52978164251662
"332",32,4,8.82494288223951
"333",33,4,9.40324336247934
"334",34,4,8.92229483196994
"335",35,4,9.30738130408046
"336",36,4,9.14959258653956
"337",37,4,8.8756045080274
"338",38,4,9.3507477402985
"339",39,4,8.78447372879945
"340",40,4,9.35714345451702
"341",41,4,9.11125984718018
"342",42,4,9.06779714018898
"343",43,4,8.99499981873007
"344",44,4,8.83599001805979
"345",45,4,9.20026354149572
"346",46,4,9.27160707363033
"347",47,4,9.23109301203022
"348",48,4,9.32139347762742
"349",49,4,8.82593545640689
"350",50,4,9.36446836811006
"351",51,4,16.8541662539589
"352",52,4,17.360045022725
"353",53,4,17.7978572258103
"354",54,4,17.0334351300188
"355",55,4,16.6371822572869
"356",56,4,17.9837148804596
"357",57,4,17.485270594085
"358",58,4,16.8734237497801
"359",59,4,17.1659285421786
"360",60,4,16.6616451126538
"361",61,4,17.1397444004515
"362",62,4,16.4843317439926
"363",63,4,16.4364457540693
"364",64,4,17.9454267147056
"365",65,4,16.8523077527018
"366",66,4,16.8918421940407
"367",67,4,16.6953532464416
"368",68,4,16.0495065877934
"369",69,4,17.4162504333017
"370",70,4,16.5466917264178
"371",71,4,16.4069318348171
"372",72,4,17.8345107294097
"373",73,4,17.6813630783513
"374",74,4,21.1327531482975
"375",75,4,17.0951433229817
"376",76,4,17.3885140969662
"377",77,4,18.9718948664856
"378",78,4,17.1746958175742
"379",79,4,17.3682761977312
"380",80,4,18.5859181804895
"381",81,4,18.1488166999359
"382",82,4,17.2561562811315
"383",83,4,19.8296120059897
"384",84,4,17.2081232118058
"385",85,4,18.2603848986672
"386",86,4,19.5762745901276
"387",87,4,17.8433633247691
"388",88,4,20.1055168231556
"389",89,4,17.4221944069959
"390",90,4,17.1403308773647
"391",91,4,17.0857214929279
"392",92,4,17.4114577540162
"393",93,4,17.0886467770352
"394",94,4,17.5088028473314
"395",95,4,17.6307875470376
"396",96,4,18.1710462850503
"397",97,4,17.5290625707092
"398",98,4,17.1416303154327
"399",99,4,18.2489345465489
"400",100,4,17.1627106780143
"401",1,5,9.74801020060643
"402",2,5,9.10898934669389
"403",3,5,8.92750391103783
"404",4,5,8.20975805713301
"405",5,5,0
"406",6,5,8.62148038201762
"407",7,5,9.27705392381184
"408",8,5,9.26899116107713
"409",9,5,9.3325332084796
"410",10,5,9.40480708560905
"411",11,5,9.49946539460388
"412",12,5,9.48455707017905
"413",13,5,9.21501315073942
"414",14,5,8.69032568425684
"415",15,5,9.16763542527991
"416",16,5,9.20366851565416
"417",17,5,8.8951985515393
"418",18,5,8.99286008860737
"419",19,5,9.72485325678308
"420",20,5,10.3593967831032
"421",21,5,9.49466320541349
"422",22,5,9.53694628933332
"423",23,5,9.17443698687386
"424",24,5,9.35391290472319
"425",25,5,9.3533896813065
"426",26,5,9.51551641865211
"427",27,5,9.41159436739034
"428",28,5,8.73522772539328
"429",29,5,9.13959327340639
"430",30,5,9.19054201037464
"431",31,5,8.80990217169742
"432",32,5,8.87240699274155
"433",33,5,9.3998388248909
"434",34,5,9.06156377980859
"435",35,5,9.16847353741658
"436",36,5,9.50466202839257
"437",37,5,9.05912762061642
"438",38,5,9.97536364657256
"439",39,5,9.22967718739024
"440",40,5,9.59391226961829
"441",41,5,9.37258689417837
"442",42,5,9.37642494276595
"443",43,5,9.11470161176661
"444",44,5,9.22556061074153
"445",45,5,9.54211549473614
"446",46,5,9.29773844142683
"447",47,5,9.48598258738081
"448",48,5,9.55204362711014
"449",49,5,9.71479347905929
"450",50,5,9.51796244465843
"451",51,5,17.4191092282197
"452",52,5,18.3093803367182
"453",53,5,18.6380003168093
"454",54,5,17.734802774714
"455",55,5,17.3711298874608
"456",56,5,18.675640989888
"457",57,5,18.1456550902039
"458",58,5,17.8071110926652
"459",59,5,17.9269909555121
"460",60,5,17.5772119871843
"461",61,5,17.9250629163635
"462",62,5,17.2048993651622
"463",63,5,17.1880042462555
"464",64,5,18.6668346884245
"465",65,5,17.6475287944828
"466",66,5,17.7514729212155
"467",67,5,17.4367235245198
"468",68,5,16.8698187439226
"469",69,5,18.0935453224932
"470",70,5,17.2932753735672
"471",71,5,17.0875637781364
"472",72,5,18.3623194460565
"473",73,5,18.4258691746433
"474",74,5,21.928420844068
"475",75,5,17.9112941951815
"476",76,5,17.9993718959474
"477",77,5,19.6457203696015
"478",78,5,17.9582612574231
"479",79,5,18.1570963909508
"480",80,5,19.1798259325025
"481",81,5,18.8642085102486
"482",82,5,18.0213345842142
"483",83,5,20.6383551146237
"484",84,5,17.9162438624248
"485",85,5,18.9677651235119
"486",86,5,20.3328089289926
"487",87,5,18.7597276066943
"488",88,5,21.0106144818563
"489",89,5,18.2002899625999
"490",90,5,17.8493530872205
"491",91,5,17.6807284938013
"492",92,5,18.1985905082172
"493",93,5,17.8516721318147
"494",94,5,18.2802076300019
"495",95,5,18.4285183215701
"496",96,5,19.0734506992119
"497",97,5,18.3324619454471
"498",98,5,17.8145123075843
"499",99,5,19.0233178214455
"500",100,5,17.8181179652335
"501",1,6,9.7830870715459
"502",2,6,8.94953174314885
"503",3,6,9.00350117984154
"504",4,6,8.39051350969613
"505",5,6,8.62148038201762
"506",6,6,0
"507",7,6,8.28021997213596
"508",8,6,8.52408755790565
"509",9,6,8.81818614399925
"510",10,6,8.62984929513817
"511",11,6,8.71774041364932
"512",12,6,8.96351984122896
"513",13,6,8.4799892267025
"514",14,6,8.92111521489776
"515",15,6,9.56256446446094
"516",16,6,9.26433376707751
"517",17,6,8.81831794363615
"518",18,6,8.78303640879885
"519",19,6,10.0016745653622
"520",20,6,9.99539589295471
"521",21,6,9.60067983058767
"522",22,6,9.40525635106797
"523",23,6,9.08319116751492
"524",24,6,9.22644128982129
"525",25,6,8.83205381152573
"526",26,6,9.33693319053295
"527",27,6,9.60681222020642
"528",28,6,8.70206760826363
"529",29,6,8.53473676762646
"530",30,6,8.91626967963378
"531",31,6,8.74357055675709
"532",32,6,8.93196951964658
"533",33,6,8.82633154717799
"534",34,6,8.83804702290148
"535",35,6,8.55697181816529
"536",36,6,8.99346743326365
"537",37,6,9.02104217950894
"538",38,6,9.91553882060524
"539",39,6,8.96711364315434
"540",40,6,9.06675236559046
"541",41,6,9.33916818751438
"542",42,6,8.89574638275618
"543",43,6,8.87707914705445
"544",44,6,9.04635086835916
"545",45,6,9.1835822591762
"546",46,6,8.78049310250434
"547",47,6,9.0471190018439
"548",48,6,9.08896420228863
"549",49,6,8.99006923978138
"550",50,6,8.74184016055083
"551",51,6,16.4181281969483
"552",52,6,17.1356359694807
"553",53,6,17.544708620415
"554",54,6,16.4205123830607
"555",55,6,16.292337047732
"556",56,6,17.674783308849
"557",57,6,17.0753968574299
"558",58,6,16.5827846662906
"559",59,6,16.8942250507314
"560",60,6,16.2478729155472
"561",61,6,16.795342822528
"562",62,6,16.1463136041481
"563",63,6,16.1967155330655
"564",64,6,17.7833298500303
"565",65,6,16.7713843833249
"566",66,6,16.6387240847947
"567",67,6,16.2942827778816
"568",68,6,15.8467129131643
"569",69,6,17.2269741324245
"570",70,6,16.117758008931
"571",71,6,16.125672831298
"572",72,6,17.3111844545432
"573",73,6,17.3397611862441
"574",74,6,20.7451947755713
"575",75,6,16.9375805604802
"576",76,6,17.2622819023146
"577",77,6,18.712015163327
"578",78,6,16.8812267661668
"579",79,6,17.1081754799499
"580",80,6,18.0879666613668
"581",81,6,17.8575871662651
"582",82,6,16.8719563373175
"583",83,6,19.7166727846539
"584",84,6,16.8410281658124
"585",85,6,17.9842586089224
"586",86,6,19.4759795127225
"587",87,6,17.4718036020661
"588",88,6,19.6289265871743
"589",89,6,17.0554459656577
"590",90,6,16.8074548650102
"591",91,6,16.6976663190714
"592",92,6,16.9207689664234
"593",93,6,16.6991465930709
"594",94,6,17.2128165585672
"595",95,6,17.4124583493385
"596",96,6,17.9942295605464
"597",97,6,17.006280354904
"598",98,6,16.6259582062522
"599",99,6,18.0112055947237
"600",100,6,16.8528006739971
"601",1,7,10.050978397974
"602",2,7,9.53510823609214
"603",3,7,9.55407805914195
"604",4,7,9.12738966581844
"605",5,7,9.27705392381184
"606",6,7,8.28021997213596
"607",7,7,0
"608",8,7,8.88540851721681
"609",9,7,9.39952990653703
"610",10,7,9.17473916259504
"611",11,7,9.28452132180405
"612",12,7,9.19387374083946
"613",13,7,8.96151383558786
"614",14,7,9.22219496757518
"615",15,7,9.99818346969638
"616",16,7,9.68998129913088
"617",17,7,9.53681095613767
"618",18,7,9.311817824917
"619",19,7,10.4121924531962
"620",20,7,10.4263635234904
"621",21,7,9.61059825812088
"622",22,7,9.78204671775756
"623",23,7,9.36619820548533
"624",24,7,9.31673039511853
"625",25,7,9.20675128211239
"626",26,7,9.67061247287229
"627",27,7,9.89980822141064
"628",28,7,8.84186540600095
"629",29,7,9.24024832350833
"630",30,7,9.42684037540905
"631",31,7,9.3212389489704
"632",32,7,9.24181874945177
"633",33,7,9.53853864854687
"634",34,7,8.90777711592487
"635",35,7,9.41870255595686
"636",36,7,9.53600620644165
"637",37,7,9.26150789469582
"638",38,7,10.0976571422176
"639",39,7,9.54180346118993
"640",40,7,9.57068948364507
"641",41,7,9.93371142763538
"642",42,7,9.48502006158531
"643",43,7,9.673663651886
"644",44,7,9.44591304665991
"645",45,7,9.67495801844777
"646",46,7,9.42555712066207
"647",47,7,9.20368059280469
"648",48,7,9.63659424804964
"649",49,7,9.61339388905003
"650",50,7,9.60733108202004
"651",51,7,17.3358009335215
"652",52,7,18.0074287271625
"653",53,7,18.363117312094
"654",54,7,17.3940122884332
"655",55,7,17.08725495259
"656",56,7,18.5760575970641
"657",57,7,17.9635885458976
"658",58,7,17.3293230910591
"659",59,7,17.6189961737401
"660",60,7,17.1789815774002
"661",61,7,17.6349355759741
"662",62,7,16.965210388944
"663",63,7,16.9693023049155
"664",64,7,18.4217005673397
"665",65,7,17.3932665129424
"666",66,7,17.401739384766
"667",67,7,17.1060279915237
"668",68,7,16.579244862981
"669",69,7,18.122021890657
"670",70,7,16.8715328982187
"671",71,7,16.7584711832054
"672",72,7,18.2568199975698
"673",73,7,18.0031732081744
"674",74,7,21.4021337828494
"675",75,7,17.3770858543987
"676",76,7,17.7809153130425
"677",77,7,19.430991389164
"678",78,7,17.8704882758404
"679",79,7,17.9303379191959
"680",80,7,18.9307410268056
"681",81,7,18.5737781512539
"682",82,7,17.565429885217
"683",83,7,20.3892032305972
"684",84,7,17.8064138249441
"685",85,7,18.7846820596258
"686",86,7,20.1939445402923
"687",87,7,18.3160445079493
"688",88,7,20.4626013778244
"689",89,7,17.8204884759668
"690",90,7,17.7231887060731
"691",91,7,17.5745081887878
"692",92,7,17.9585819462895
"693",93,7,17.7046310414679
"694",94,7,17.8896859373334
"695",95,7,18.1213316775546
"696",96,7,18.845171540586
"697",97,7,17.9587029055743
"698",98,7,17.5135766930676
"699",99,7,18.6675831172272
"700",100,7,17.6404424307146
"701",1,8,9.92333587282171
"702",2,8,8.76935345048437
"703",3,8,8.9477754657498
"704",4,8,8.94404148983463
"705",5,8,9.26899116107713
"706",6,8,8.52408755790565
"707",7,8,8.88540851721681
"708",8,8,0
"709",9,8,9.20823660181092
"710",10,8,8.63418830213768
"711",11,8,9.08300118441498
"712",12,8,8.9494133028573
"713",13,8,9.04330936103102
"714",14,8,8.8385060431661
"715",15,8,9.32780317034296
"716",16,8,9.4828406363747
"717",17,8,8.99263430571666
"718",18,8,9.48954414243086
"719",19,8,10.0034049317128
"720",20,8,9.84788230640964
"721",21,8,9.21762294371458
"722",22,8,9.9804537776591
"723",23,8,9.0187132231426
"724",24,8,9.25103666741784
"725",25,8,9.18528734542122
"726",26,8,9.53050322767323
"727",27,8,9.72445419544444
"728",28,8,8.86523185662537
"729",29,8,8.84917177385168
"730",30,8,8.97687257418469
"731",31,8,8.92382534894268
"732",32,8,9.08895183419346
"733",33,8,9.66965199813694
"734",34,8,9.11425121717257
"735",35,8,9.19171855138785
"736",36,8,9.31993454657836
"737",37,8,9.13678941737226
"738",38,8,9.53369761707953
"739",39,8,8.61139493127306
"740",40,8,9.30454229754968
"741",41,8,9.47646798720792
"742",42,8,9.02621835188868
"743",43,8,9.05733346868951
"744",44,8,9.12638786855846
"745",45,8,9.38426727531444
"746",46,8,9.10503647314293
"747",47,8,9.56468918833431
"748",48,8,9.46866417138313
"749",49,8,9.36096355918709
"750",50,8,9.35249214948274
"751",51,8,16.7139684294447
"752",52,8,17.6333259492149
"753",53,8,17.801222455261
"754",54,8,16.9021105906019
"755",55,8,16.7399598959964
"756",56,8,18.174539203254
"757",57,8,17.5068927243823
"758",58,8,17.0699356494454
"759",59,8,17.1720606677369
"760",60,8,16.835972555817
"761",61,8,17.3080156576541
"762",62,8,16.6258341129232
"763",63,8,16.5943141686619
"764",64,8,18.0273932211165
"765",65,8,17.1445751844364
"766",66,8,17.0782528836264
"767",67,8,16.7776913390083
"768",68,8,16.228628623183
"769",69,8,17.6087735959035
"770",70,8,16.4040236839983
"771",71,8,16.4178114147761
"772",72,8,17.7458145703823
"773",73,8,17.7167292160815
"774",74,8,20.9903924249311
"775",75,8,17.3036968781099
"776",76,8,17.4632969384208
"777",77,8,19.124131523534
"778",78,8,17.2379628049519
"779",79,8,17.4113973516403
"780",80,8,18.5146701936368
"781",81,8,18.084141461482
"782",82,8,17.3239142119302
"783",83,8,19.9597816377593
"784",84,8,17.3454261246888
"785",85,8,18.4583842413009
"786",86,8,19.7083896433083
"787",87,8,17.8846453392916
"788",88,8,20.0147611920532
"789",89,8,17.5712338223476
"790",90,8,17.2343364365867
"791",91,8,17.1315210582412
"792",92,8,17.4381070771588
"793",93,8,17.0789391006995
"794",94,8,17.539037975817
"795",95,8,17.7156604067988
"796",96,8,18.4274277197815
"797",97,8,17.438679623217
"798",98,8,17.1760536656388
"799",99,8,18.3481635361619
"800",100,8,17.2401929951441
"801",1,9,9.97928907555875
"802",2,9,9.26580379178128
"803",3,9,9.3513082836582
"804",4,9,9.30132914151905
"805",5,9,9.3325332084796
"806",6,9,8.81818614399925
"807",7,9,9.39952990653703
"808",8,9,9.20823660181092
"809",9,9,0
"810",10,9,8.73996284997048
"811",11,9,9.05252887817866
"812",12,9,9.80342296844954
"813",13,9,9.05595336274196
"814",14,9,9.12074637967467
"815",15,9,9.6692128081013
"816",16,9,9.68582799486786
"817",17,9,9.34709679619916
"818",18,9,9.32221679609198
"819",19,9,10.3179895146031
"820",20,9,10.2165856446869
"821",21,9,10.0667860142548
"822",22,9,9.91904793775401
"823",23,9,9.48007106626891
"824",24,9,9.86171361674617
"825",25,9,9.32325805049747
"826",26,9,9.52931691139795
"827",27,9,10.0429221377804
"828",28,9,9.24995040669238
"829",29,9,9.33416156205122
"830",30,9,9.12933127934989
"831",31,9,9.6157888841691
"832",32,9,9.60786652899115
"833",33,9,10.0195804757934
"834",34,9,9.42414163112734
"835",35,9,9.41288390475045
"836",36,9,9.71118820363129
"837",37,9,9.78802686660815
"838",38,9,9.77863854860244
"839",39,9,9.20910994648581
"840",40,9,9.53356942294009
"841",41,9,9.6437927670149
"842",42,9,9.59952486023496
"843",43,9,9.72414356297962
"844",44,9,9.4147300717773
"845",45,9,9.08450432978093
"846",46,9,9.32266133754323
"847",47,9,9.36114065943971
"848",48,9,9.71653396600095
"849",49,9,9.34716812743815
"850",50,9,9.54931527608261
"851",51,9,16.8846385628999
"852",52,9,17.422428781248
"853",53,9,17.8445281367978
"854",54,9,17.072569169188
"855",55,9,16.8950704384875
"856",56,9,18.1536991321206
"857",57,9,17.46589690769
"858",58,9,17.0650653509872
"859",59,9,17.2515864707788
"860",60,9,16.7278224014477
"861",61,9,17.2802079635396
"862",62,9,16.6730563509506
"863",63,9,16.7046527694521
"864",64,9,18.1465166840482
"865",65,9,17.2651394471944
"866",66,9,16.8274090836326
"867",67,9,16.681799177603
"868",68,9,16.0595515182772
"869",69,9,17.5603309327733
"870",70,9,16.5240904078602
"871",71,9,16.3451791320424
"872",72,9,17.7393603531186
"873",73,9,17.559972182218
"874",74,9,20.9604662604382
"875",75,9,17.2173112056702
"876",76,9,17.4682347464781
"877",77,9,19.0998418885028
"878",78,9,17.2521256605261
"879",79,9,17.4269730925934
"880",80,9,18.4341426755547
"881",81,9,17.9042108083404
"882",82,9,17.3108271886633
"883",83,9,19.9547091330985
"884",84,9,17.3557118990137
"885",85,9,18.2995426193602
"886",86,9,19.628806981988
"887",87,9,17.8733075470938
"888",88,9,20.0894862697599
"889",89,9,17.7655072146436
"890",90,9,17.2082263881974
"891",91,9,17.1544047315153
"892",92,9,17.3801640935996
"893",93,9,16.9916818488488
"894",94,9,17.7579138503088
"895",95,9,17.7438339737647
"896",96,9,18.2166003609347
"897",97,9,17.421298482921
"898",98,9,17.0971854233987
"899",99,9,18.3092942545475
"900",100,9,17.0559593033176
"901",1,10,9.73350583271697
"902",2,10,8.67015367809581
"903",3,10,9.19039269156262
"904",4,10,8.77296294128393
"905",5,10,9.40480708560905
"906",6,10,8.62984929513817
"907",7,10,9.17473916259504
"908",8,10,8.63418830213768
"909",9,10,8.73996284997048
"910",10,10,0
"911",11,10,8.92122220268864
"912",12,10,9.14122227429406
"913",13,10,8.65493340494276
"914",14,10,8.58198696544931
"915",15,10,9.14894116279532
"916",16,10,9.38303822431915
"917",17,10,9.18265008278113
"918",18,10,9.24322704300046
"919",19,10,10.315826023318
"920",20,10,9.82344956687661
"921",21,10,9.18851847517311
"922",22,10,9.66811100329262
"923",23,10,9.182820538715
"924",24,10,9.69899628451124
"925",25,10,9.34415397648141
"926",26,10,8.98740431185894
"927",27,10,9.54819027689642
"928",28,10,9.02303948431068
"929",29,10,8.86189033736345
"930",30,10,9.276121030693
"931",31,10,9.36189956560982
"932",32,10,9.13005017206521
"933",33,10,9.84579947241805
"934",34,10,9.16335161809267
"935",35,10,9.67218107558137
"936",36,10,9.2978535203272
"937",37,10,9.40534386435413
"938",38,10,9.66853600213993
"939",39,10,8.75349730142472
"940",40,10,9.23863028816898
"941",41,10,9.55490531367995
"942",42,10,9.38865612750133
"943",43,10,9.12919709420895
"944",44,10,9.35899426876031
"945",45,10,9.57569563810131
"946",46,10,9.27268472849312
"947",47,10,9.69439222785705
"948",48,10,9.9568613350674
"949",49,10,9.17639385443956
"950",50,10,9.38221212014129
"951",51,10,17.0649319875823
"952",52,10,17.8131288976017
"953",53,10,18.1482032114966
"954",54,10,17.2501877628178
"955",55,10,16.9914816304083
"956",56,10,18.3225528202108
"957",57,10,17.7648855324913
"958",58,10,17.2625873791505
"959",59,10,17.4524300467454
"960",60,10,16.9760900510315
"961",61,10,17.5289578590238
"962",62,10,16.8330900707773
"963",63,10,16.6955732668502
"964",64,10,18.1463683438284
"965",65,10,17.337762429791
"966",66,10,17.1988787202631
"967",67,10,16.8694106910695
"968",68,10,16.3831547597951
"969",69,10,17.7435744080783
"970",70,10,16.6937650792821
"971",71,10,16.6593415570935
"972",72,10,17.9461159940024
"973",73,10,17.8082785323813
"974",74,10,21.3566585201977
"975",75,10,17.4220124156201
"976",76,10,17.7636204036532
"977",77,10,19.1689481796107
"978",78,10,17.432562834242
"979",79,10,17.7184218321331
"980",80,10,18.7538349963214
"981",81,10,18.4027136957157
"982",82,10,17.6846394965418
"983",83,10,20.1979218967474
"984",84,10,17.5142350136919
"985",85,10,18.6190544698349
"986",86,10,19.9096969010032
"987",87,10,18.0747762312365
"988",88,10,20.3847009520345
"989",89,10,17.79478355478
"990",90,10,17.442753683404
"991",91,10,17.3947969412056
"992",92,10,17.6411394131233
"993",93,10,17.4584447277427
"994",94,10,17.8401477167214
"995",95,10,17.9720374222449
"996",96,10,18.5886008445125
"997",97,10,17.7084124304223
"998",98,10,17.3919764369831
"999",99,10,18.5915751239746
"1000",100,10,17.5419700339605
"1001",1,11,9.92385654268077
"1002",2,11,9.43720376134154
"1003",3,11,9.7622165228792
"1004",4,11,9.40960529702875
"1005",5,11,9.49946539460388
"1006",6,11,8.71774041364932
"1007",7,11,9.28452132180405
"1008",8,11,9.08300118441498
"1009",9,11,9.05252887817866
"1010",10,11,8.92122220268864
"1011",11,11,0
"1012",12,11,9.03135942479693
"1013",13,11,8.80654630563735
"1014",14,11,9.14416247965977
"1015",15,11,9.72513561239113
"1016",16,11,9.50488970072798
"1017",17,11,9.26173031418482
"1018",18,11,9.35344856956644
"1019",19,11,10.3343162888376
"1020",20,11,10.4579058779329
"1021",21,11,9.90195349365317
"1022",22,11,9.68419184619139
"1023",23,11,9.44074891654606
"1024",24,11,9.29502223971061
"1025",25,11,9.10777969899236
"1026",26,11,9.98309984723844
"1027",27,11,9.98989314610868
"1028",28,11,9.12297029008559
"1029",29,11,9.39409515462458
"1030",30,11,9.4005648316139
"1031",31,11,9.19350549201338
"1032",32,11,9.35409431469668
"1033",33,11,9.46953230009167
"1034",34,11,9.15416562560665
"1035",35,11,9.12925725525019
"1036",36,11,9.57719797870729
"1037",37,11,9.40968908292572
"1038",38,11,10.3688305978806
"1039",39,11,9.07732061025248
"1040",40,11,9.28483801010298
"1041",41,11,9.58890001638452
"1042",42,11,9.22193923606943
"1043",43,11,9.14210223214514
"1044",44,11,9.39970435557707
"1045",45,11,8.99067722559115
"1046",46,11,9.13859077370575
"1047",47,11,9.27350180772092
"1048",48,11,9.45734396056717
"1049",49,11,9.32509128711355
"1050",50,11,9.46460455850644
"1051",51,11,16.8227752934997
"1052",52,11,17.5561662126472
"1053",53,11,17.9398218209323
"1054",54,11,16.8479828489113
"1055",55,11,16.6824938042018
"1056",56,11,18.1430639173502
"1057",57,11,17.5486835528395
"1058",58,11,16.9964409337593
"1059",59,11,17.1472430890137
"1060",60,11,16.7015751158952
"1061",61,11,17.1555156718427
"1062",62,11,16.3410597544617
"1063",63,11,16.632222473395
"1064",64,11,18.0043789847174
"1065",65,11,17.1300755932416
"1066",66,11,16.9190193092672
"1067",67,11,16.7092195164509
"1068",68,11,15.9308001773725
"1069",69,11,17.4519007890385
"1070",70,11,16.2747486928643
"1071",71,11,16.1473015022272
"1072",72,11,17.5840704598961
"1073",73,11,17.7247950221317
"1074",74,11,21.0223345371569
"1075",75,11,17.1437499657804
"1076",76,11,17.552865959771
"1077",77,11,19.1261754055955
"1078",78,11,17.2153274184902
"1079",79,11,17.4330472395056
"1080",80,11,18.4332576468807
"1081",81,11,18.1094005947185
"1082",82,11,17.261768774316
"1083",83,11,20.0531342176106
"1084",84,11,17.247532975528
"1085",85,11,18.2878082046766
"1086",86,11,19.6809344532133
"1087",87,11,17.9162208561358
"1088",88,11,20.0788807663902
"1089",89,11,17.4571533969625
"1090",90,11,17.2137255454339
"1091",91,11,17.0868185702405
"1092",92,11,17.4455698436929
"1093",93,11,17.0961792672564
"1094",94,11,17.6335698389889
"1095",95,11,17.5788416573249
"1096",96,11,18.2832565361165
"1097",97,11,17.3762072479332
"1098",98,11,17.0701653563253
"1099",99,11,18.3388083043677
"1100",100,11,17.1565561288639
"1101",1,12,9.92973951786704
"1102",2,12,9.23113494264629
"1103",3,12,9.07780201702902
"1104",4,12,9.13348416040684
"1105",5,12,9.48455707017905
"1106",6,12,8.96351984122896
"1107",7,12,9.19387374083946
"1108",8,12,8.9494133028573
"1109",9,12,9.80342296844954
"1110",10,12,9.14122227429406
"1111",11,12,9.03135942479693
"1112",12,12,0
"1113",13,12,8.93524724536626
"1114",14,12,8.66865350409572
"1115",15,12,9.42392446777058
"1116",16,12,9.15325509380594
"1117",17,12,9.12059804695857
"1118",18,12,9.45600054069857
"1119",19,12,10.2370082374362
"1120",20,12,9.82001922770623
"1121",21,12,9.37356094082078
"1122",22,12,10.0307356615864
"1123",23,12,9.30423660873563
"1124",24,12,9.25602622269061
"1125",25,12,9.35817284758296
"1126",26,12,9.65113342869713
"1127",27,12,9.45831530026433
"1128",28,12,8.92886385843864
"1129",29,12,9.16207999547154
"1130",30,12,9.31168458836761
"1131",31,12,9.2835459981177
"1132",32,12,9.07763347807236
"1133",33,12,9.87225181881997
"1134",34,12,9.04467048610446
"1135",35,12,9.63066756708726
"1136",36,12,9.69460093559129
"1137",37,12,9.23927650105855
"1138",38,12,9.90540147348077
"1139",39,12,9.18338322664219
"1140",40,12,9.7713790267596
"1141",41,12,9.3794588664379
"1142",42,12,9.07349706002544
"1143",43,12,9.3522864570201
"1144",44,12,9.33562759396579
"1145",45,12,9.68434790265497
"1146",46,12,9.21675145878001
"1147",47,12,9.80285951278882
"1148",48,12,9.4574001048174
"1149",49,12,9.56303561900414
"1150",50,12,10.0430282003361
"1151",51,12,16.8586129371521
"1152",52,12,17.8744408820889
"1153",53,12,18.333965434492
"1154",54,12,17.4028724952348
"1155",55,12,17.1321437971429
"1156",56,12,18.3421302218642
"1157",57,12,17.8202780819601
"1158",58,12,17.232852776065
"1159",59,12,17.4733479319187
"1160",60,12,17.1950057386031
"1161",61,12,17.6651835594529
"1162",62,12,16.8780458562961
"1163",63,12,16.7669528647627
"1164",64,12,18.2093245677777
"1165",65,12,17.3170231887188
"1166",66,12,17.2219555441937
"1167",67,12,17.0385296233092
"1168",68,12,16.6062293292291
"1169",69,12,17.8170392261591
"1170",70,12,16.8891023004102
"1171",71,12,16.806887805405
"1172",72,12,18.2567625144182
"1173",73,12,18.041908893852
"1174",74,12,21.3650770228333
"1175",75,12,17.4517853996492
"1176",76,12,17.7916238824261
"1177",77,12,19.4320197700895
"1178",78,12,17.7677550405756
"1179",79,12,17.8931427115928
"1180",80,12,18.9901137878475
"1181",81,12,18.2552350734621
"1182",82,12,17.7564834545953
"1183",83,12,20.1410954338506
"1184",84,12,17.4234215716492
"1185",85,12,18.7525008686996
"1186",86,12,20.0135650720255
"1187",87,12,18.226954661278
"1188",88,12,20.6067281666071
"1189",89,12,17.8601777661549
"1190",90,12,17.6077139656939
"1191",91,12,17.4614604459485
"1192",92,12,17.8271266399309
"1193",93,12,17.3764578328779
"1194",94,12,18.0016943526497
"1195",95,12,18.0282409531816
"1196",96,12,18.8358283755076
"1197",97,12,17.9202389889129
"1198",98,12,17.5515116349308
"1199",99,12,18.6829769059941
"1200",100,12,17.6369565987993
"1201",1,13,9.81545166762604
"1202",2,13,9.12164689740072
"1203",3,13,9.04951154368493
"1204",4,13,8.89530287018424
"1205",5,13,9.21501315073942
"1206",6,13,8.4799892267025
"1207",7,13,8.96151383558786
"1208",8,13,9.04330936103102
"1209",9,13,9.05595336274196
"1210",10,13,8.65493340494276
"1211",11,13,8.80654630563735
"1212",12,13,8.93524724536626
"1213",13,13,0
"1214",14,13,8.60028847018943
"1215",15,13,9.18337944193954
"1216",16,13,9.33422453940073
"1217",17,13,9.22979508670513
"1218",18,13,9.24699656378112
"1219",19,13,10.3980932976374
"1220",20,13,9.89194156759799
"1221",21,13,9.39686737310385
"1222",22,13,9.48532105261227
"1223",23,13,9.43469370115472
"1224",24,13,9.60685937545893
"1225",25,13,9.39978780124672
"1226",26,13,9.10543762771246
"1227",27,13,9.66703751946243
"1228",28,13,8.97147054029954
"1229",29,13,9.3044725958555
"1230",30,13,8.78528802801295
"1231",31,13,9.24637157325133
"1232",32,13,9.15300243886143
"1233",33,13,9.70420131255437
"1234",34,13,8.97460939658456
"1235",35,13,9.24905513927126
"1236",36,13,9.49286651745113
"1237",37,13,9.11428156085054
"1238",38,13,9.7480912812755
"1239",39,13,8.99134969578123
"1240",40,13,9.43794404518279
"1241",41,13,9.38688812184812
"1242",42,13,9.13111149158184
"1243",43,13,9.27183083145813
"1244",44,13,9.34201049578294
"1245",45,13,9.58580208695606
"1246",46,13,9.39839138186821
"1247",47,13,9.1098543070278
"1248",48,13,9.6329300856681
"1249",49,13,9.52465701806677
"1250",50,13,9.13459342620924
"1251",51,13,16.9032390337796
"1252",52,13,17.4967240060617
"1253",53,13,17.9157624957027
"1254",54,13,16.9433717219658
"1255",55,13,16.9021198145032
"1256",56,13,18.2693809689359
"1257",57,13,17.5828177421144
"1258",58,13,17.0888497634778
"1259",59,13,17.2672690402256
"1260",60,13,16.9623594073736
"1261",61,13,17.3035407924901
"1262",62,13,16.7737538361622
"1263",63,13,16.5978806050734
"1264",64,13,18.1980454491151
"1265",65,13,17.1498861529829
"1266",66,13,16.8925441717581
"1267",67,13,16.8885197677798
"1268",68,13,16.2689560200558
"1269",69,13,17.6738958663003
"1270",70,13,16.6716336943593
"1271",71,13,16.4477311111153
"1272",72,13,17.7489552041198
"1273",73,13,17.6505826623305
"1274",74,13,21.1614682104287
"1275",75,13,17.2436981437127
"1276",76,13,17.6398489251202
"1277",77,13,19.1289845650363
"1278",78,13,17.2743960159593
"1279",79,13,17.3876900023421
"1280",80,13,18.4604760090129
"1281",81,13,18.1319529388991
"1282",82,13,17.3392806045683
"1283",83,13,20.0821065087351
"1284",84,13,17.3623956960394
"1285",85,13,18.4296705967403
"1286",86,13,19.724460134137
"1287",87,13,17.9614171505062
"1288",88,13,20.1390482607468
"1289",89,13,17.5095942885275
"1290",90,13,17.224960720053
"1291",91,13,17.0636977866837
"1292",92,13,17.5394450014284
"1293",93,13,17.1185661771095
"1294",94,13,17.6280132518919
"1295",95,13,17.8382056063291
"1296",96,13,18.3954096828784
"1297",97,13,17.5147113540709
"1298",98,13,17.226568177434
"1299",99,13,18.3766555564704
"1300",100,13,17.2139853031231
"1301",1,14,9.4459034883193
"1302",2,14,8.67128133656785
"1303",3,14,8.9479378286914
"1304",4,14,8.7377797043447
"1305",5,14,8.69032568425684
"1306",6,14,8.92111521489776
"1307",7,14,9.22219496757518
"1308",8,14,8.8385060431661
"1309",9,14,9.12074637967467
"1310",10,14,8.58198696544931
"1311",11,14,9.14416247965977
"1312",12,14,8.66865350409572
"1313",13,14,8.60028847018943
"1314",14,14,0
"1315",15,14,8.36722718689797
"1316",16,14,8.93330404279009
"1317",17,14,8.53102831891873
"1318",18,14,9.14702854935746
"1319",19,14,9.46305358443771
"1320",20,14,9.60779185325136
"1321",21,14,9.02809859078208
"1322",22,14,9.38953314980391
"1323",23,14,8.77116654028285
"1324",24,14,9.58645050552024
"1325",25,14,9.31043003280843
"1326",26,14,8.91787493823712
"1327",27,14,9.10680381875401
"1328",28,14,8.34901660725207
"1329",29,14,9.12116874547415
"1330",30,14,9.08467080168216
"1331",31,14,8.88561527936941
"1332",32,14,8.84090871307481
"1333",33,14,9.62118588985042
"1334",34,14,8.91927281511273
"1335",35,14,9.61946307690428
"1336",36,14,9.26051592954726
"1337",37,14,9.19920088954844
"1338",38,14,9.29328871630969
"1339",39,14,8.84031915605216
"1340",40,14,9.21455558026937
"1341",41,14,9.0420883823734
"1342",42,14,9.01117069468905
"1343",43,14,8.96828994814696
"1344",44,14,9.13853571069259
"1345",45,14,9.41592235547357
"1346",46,14,8.94156362564286
"1347",47,14,9.47800791638819
"1348",48,14,9.63480976457479
"1349",49,14,9.38720752995867
"1350",50,14,9.57676060375911
"1351",51,14,17.2553055527039
"1352",52,14,17.9992644388209
"1353",53,14,18.3911422678223
"1354",54,14,17.5894641049207
"1355",55,14,17.2799811163794
"1356",56,14,18.513654514662
"1357",57,14,17.9692444771594
"1358",58,14,17.5519506271237
"1359",59,14,17.7231263245652
"1360",60,14,17.2304178847931
"1361",61,14,17.9158279818673
"1362",62,14,17.063422550982
"1363",63,14,17.1608276841649
"1364",64,14,18.3534277974753
"1365",65,14,17.4345119508591
"1366",66,14,17.4749578560813
"1367",67,14,17.2395904441911
"1368",68,14,16.6920803862075
"1369",69,14,17.9967520203066
"1370",70,14,17.0396835913712
"1371",71,14,16.7908496954495
"1372",72,14,18.2502111188189
"1373",73,14,18.1741839873559
"1374",74,14,21.7308972193385
"1375",75,14,17.8143682459527
"1376",76,14,18.0935044938189
"1377",77,14,19.6335918671731
"1378",78,14,17.8257684880315
"1379",79,14,18.0667676764716
"1380",80,14,19.1163988967685
"1381",81,14,18.7639225300553
"1382",82,14,17.920283058428
"1383",83,14,20.5198987866071
"1384",84,14,17.698965217576
"1385",85,14,18.8365347502916
"1386",86,14,20.158532036576
"1387",87,14,18.4620016952775
"1388",88,14,20.8796547855925
"1389",89,14,18.1601767514936
"1390",90,14,17.6894068662693
"1391",91,14,17.6552677404102
"1392",92,14,18.0003478137969
"1393",93,14,17.594307112175
"1394",94,14,18.0991751161288
"1395",95,14,18.189814807503
"1396",96,14,18.9519866824608
"1397",97,14,18.0826601385814
"1398",98,14,17.6284942212679
"1399",99,14,18.9369896210986
"1400",100,14,17.7324231456598
"1401",1,15,9.51307766842413
"1402",2,15,9.01235393763426
"1403",3,15,9.39821854571142
"1404",4,15,9.0642595113121
"1405",5,15,9.16763542527991
"1406",6,15,9.56256446446094
"1407",7,15,9.99818346969638
"1408",8,15,9.32780317034296
"1409",9,15,9.6692128081013
"1410",10,15,9.14894116279532
"1411",11,15,9.72513561239113
"1412",12,15,9.42392446777058
"1413",13,15,9.18337944193954
"1414",14,15,8.36722718689797
"1415",15,15,0
"1416",16,15,8.97508193211946
