"","row","col","value"
"1",1,1,0
"2",2,1,8.64578078238538
"3",3,1,8.7277344565336
"4",4,1,8.78361512649517
"5",5,1,9.23358037516467
"6",6,1,9.02807192603859
"7",7,1,9.09562173627408
"8",8,1,8.88979550398482
"9",9,1,9.02972215742519
"10",10,1,8.88254327791009
"11",11,1,9.26806142333018
"12",12,1,9.75437400966352
"13",13,1,9.43857836064538
"14",14,1,9.26032787898678
"15",15,1,9.67140427053752
"16",16,1,9.33409166206886
"17",17,1,9.51503712069506
"18",18,1,9.271486367656
"19",19,1,9.57346264711789
"20",20,1,9.65020355313075
"21",21,1,9.45440307282319
"22",22,1,9.2898880234257
"23",23,1,9.3062546496647
"24",24,1,9.39871274319144
"25",25,1,9.90481306765076
"26",26,1,9.60884189519335
"27",27,1,9.55237355728912
"28",28,1,9.0145014307684
"29",29,1,8.90243198620878
"30",30,1,9.01204999290555
"31",31,1,9.18859334789321
"32",32,1,9.21808393357461
"33",33,1,9.14072839036339
"34",34,1,9.57279831851969
"35",35,1,9.89462884762259
"36",36,1,9.39530037691318
"37",37,1,9.57719194589636
"38",38,1,9.16076950232901
"39",39,1,9.4773978000529
"40",40,1,9.14666786445635
"41",41,1,9.65689914282639
"42",42,1,9.15681227602252
"43",43,1,9.17693349193855
"44",44,1,9.04312166115723
"45",45,1,8.89181927312447
"46",46,1,8.85778832550877
"47",47,1,9.47832895301637
"48",48,1,9.35169768385428
"49",49,1,9.23454784938171
"50",50,1,9.49558491499036
"51",51,1,14.8869486763332
"52",52,1,15.3105846925652
"53",53,1,15.0430685266473
"54",54,1,14.6055715967668
"55",55,1,14.5723468772047
"56",56,1,15.5418907633061
"57",57,1,15.520118891168
"58",58,1,14.7732619152429
"59",59,1,14.9163276428905
"60",60,1,14.5763904750959
"61",61,1,14.5122900836315
"62",62,1,14.3753642676034
"63",63,1,14.4524381614
"64",64,1,16.3248163182383
"65",65,1,14.8216070548304
"66",66,1,15.147785425266
"67",67,1,14.0872006524268
"68",68,1,13.9081368970273
"69",69,1,15.2765536744312
"70",70,1,14.5378272780044
"71",71,1,14.4239583734074
"72",72,1,15.2049877780232
"73",73,1,15.3747441101646
"74",74,1,17.2073698491947
"75",75,1,15.0013290357483
"76",76,1,15.3436072429962
"77",77,1,16.2736618712005
"78",78,1,14.8624884890188
"79",79,1,15.1957111986025
"80",80,1,15.4513782942531
"81",81,1,15.5296779854102
"82",82,1,14.8983658467934
"83",83,1,16.9222792446011
"84",84,1,15.158243446514
"85",85,1,15.6302966575013
"86",86,1,16.9749282690547
"87",87,1,14.9297720055445
"88",88,1,16.7804045856186
"89",89,1,15.0321016255227
"90",90,1,15.2339054184234
"91",91,1,15.1523318926397
"92",92,1,15.357495067999
"93",93,1,14.9193577850976
"94",94,1,15.1285519694741
"95",95,1,14.9460645279665
"96",96,1,15.4173970957367
"97",97,1,15.1547838388928
"98",98,1,15.0565784993114
"99",99,1,16.163271736509
"100",100,1,15.2529930073843
"101",1,2,8.64578078238538
"102",2,2,0
"103",3,2,8.4253827200388
"104",4,2,8.58213356303437
"105",5,2,8.94165914881276
"106",6,2,8.86383826252206
"107",7,2,8.9261915537404
"108",8,2,9.12986546246909
"109",9,2,9.00737070345912
"110",10,2,9.1203563969448
"111",11,2,8.93776879841055
"112",12,2,9.38340840348326
"113",13,2,9.74564603196396
"114",14,2,9.14553408118498
"115",15,2,9.76441691525251
"116",16,2,9.57792778279498
"117",17,2,9.57517339161169
"118",18,2,9.37608858447902
"119",19,2,9.19317722390073
"120",20,2,9.57511901146211
"121",21,2,9.36464479867467
"122",22,2,9.33500825449341
"123",23,2,9.40016399291103
"124",24,2,9.31321580542753
"125",25,2,9.63007764493768
"126",26,2,9.54307985341398
"127",27,2,9.40312252971171
"128",28,2,9.27864102702162
"129",29,2,9.08903205996685
"130",30,2,9.18665084377253
"131",31,2,9.465681848766
"132",32,2,9.15048128921791
"133",33,2,9.45676447300181
"134",34,2,9.31837043731705
"135",35,2,9.90156337534759
"136",36,2,9.46960873589609
"137",37,2,9.54403367838709
"138",38,2,9.56251868647064
"139",39,2,9.42135805059738
"140",40,2,9.44686602237594
"141",41,2,9.17834079461662
"142",42,2,9.1609624058845
"143",43,2,9.04851849777221
"144",44,2,9.22853287982471
"145",45,2,8.87680474603616
"146",46,2,8.85176070052877
"147",47,2,9.20741908274582
"148",48,2,9.28668743605153
"149",49,2,9.32569149733629
"150",50,2,9.5281740601907
"151",51,2,14.6217032344514
"152",52,2,15.1586561588014
"153",53,2,14.8204821101946
"154",54,2,14.3502320156268
"155",55,2,14.6654220345327
"156",56,2,15.2039531999829
"157",57,2,15.7697660631689
"158",58,2,14.663408674334
"159",59,2,14.7573129986693
"160",60,2,14.4501725858027
"161",61,2,14.4021730253111
"162",62,2,14.4214813105713
"163",63,2,14.4804439516236
"164",64,2,16.1552116849404
"165",65,2,14.776425744906
"166",66,2,15.1812692157703
"167",67,2,13.9396651961286
"168",68,2,14.070344632534
"169",69,2,15.0058420201693
"170",70,2,14.259040694667
"171",71,2,14.2017688315776
"172",72,2,14.8459518530498
"173",73,2,14.966544070098
"174",74,2,17.3397021796255
"175",75,2,14.9827413247355
"176",76,2,15.2211307006208
"177",77,2,16.2223701124602
"178",78,2,14.663475284663
"179",79,2,14.9858979872643
"180",80,2,15.3840241519577
"181",81,2,15.5086222362252
"182",82,2,14.8169890689976
"183",83,2,16.4857430949625
"184",84,2,14.9887570705168
"185",85,2,15.3798808033245
"186",86,2,16.6768990477152
"187",87,2,14.8498709620078
"188",88,2,16.8348525175774
"189",89,2,14.9288088533398
"190",90,2,15.2438818587141
"191",91,2,15.0981332159816
"192",92,2,15.1254710978144
"193",93,2,14.6375799096805
"194",94,2,14.7278574687699
"195",95,2,14.7559786545832
"196",96,2,15.5100349050705
"197",97,2,14.8272388784434
"198",98,2,14.9765582554085
"199",99,2,15.99198359083
"200",100,2,15.1796942488338
"201",1,3,8.7277344565336
"202",2,3,8.4253827200388
"203",3,3,0
"204",4,3,8.34725388352446
"205",5,3,8.79411643972693
"206",6,3,8.77707110286673
"207",7,3,8.97163196040131
"208",8,3,9.15789979873423
"209",9,3,9.38814194194411
"210",10,3,9.54578522939659
"211",11,3,9.3691484279
"212",12,3,9.50844935574351
"213",13,3,9.60459815337419
"214",14,3,9.43254006786034
"215",15,3,9.59161641995949
"216",16,3,9.28089874984894
"217",17,3,9.64192240332482
"218",18,3,9.07656956230634
"219",19,3,9.54048711961661
"220",20,3,9.64299913412735
"221",21,3,9.59156203471536
"222",22,3,9.37807923096097
"223",23,3,9.67099229914625
"224",24,3,9.55402181411058
"225",25,3,9.89863939312297
"226",26,3,9.58485445467297
"227",27,3,9.36937995026777
"228",28,3,9.45335970748561
"229",29,3,8.71536546659745
"230",30,3,9.08786319793886
"231",31,3,9.40714343618115
"232",32,3,9.40324370260451
"233",33,3,9.31416081720577
"234",34,3,9.09018097707877
"235",35,3,9.76685656782656
"236",36,3,9.14202308135668
"237",37,3,9.20716122614585
"238",38,3,9.42679664126513
"239",39,3,9.57721627021128
"240",40,3,9.41578458744135
"241",41,3,9.21801115480917
"242",42,3,9.18958788136324
"243",43,3,9.22246201918931
"244",44,3,9.31276669627247
"245",45,3,8.83388285274687
"246",46,3,8.90911366870493
"247",47,3,8.9434318314739
"248",48,3,9.33780981461039
"249",49,3,9.36675517860248
"250",50,3,9.54294689952606
"251",51,3,14.8861991328558
"252",52,3,15.3290419925175
"253",53,3,15.1062007086429
"254",54,3,14.4880827343162
"255",55,3,14.8523471002562
"256",56,3,15.7614279161021
"257",57,3,15.7925032912357
"258",58,3,15.2490795407404
"259",59,3,15.338988140971
"260",60,3,14.9076549317368
"261",61,3,14.753687793424
"262",62,3,14.8408782941932
"263",63,3,14.4973017501472
"264",64,3,16.3959534772883
"265",65,3,14.9970476962873
"266",66,3,15.2646757851333
"267",67,3,14.2154667388178
"268",68,3,14.142640185288
"269",69,3,15.4140172843117
"270",70,3,14.6216576713985
"271",71,3,14.7037414236551
"272",72,3,15.0813655686682
"273",73,3,15.3322556270472
"274",74,3,16.8788173810107
"275",75,3,15.2022317386019
"276",76,3,15.1650747458962
"277",77,3,15.9966327402792
"278",78,3,14.90044147897
"279",79,3,15.1021361481674
"280",80,3,15.3449782471182
"281",81,3,16.0401184708372
"282",82,3,14.9710315316824
"283",83,3,16.9277217374751
"284",84,3,15.4227387577228
"285",85,3,15.5357707943397
"286",86,3,16.9449387262635
"287",87,3,14.8873253432813
"288",88,3,16.398849464608
"289",89,3,15.1132655177959
"290",90,3,15.416172257109
"291",91,3,15.2457776725888
"292",92,3,15.535567936457
"293",93,3,14.9392413402134
"294",94,3,14.8738920480404
"295",95,3,14.9477618918086
"296",96,3,15.4768575309983
"297",97,3,15.3067189487789
"298",98,3,15.2294712667538
"299",99,3,15.9507492336896
"300",100,3,15.5117017309382
"301",1,4,8.78361512649517
"302",2,4,8.58213356303437
"303",3,4,8.34725388352446
"304",4,4,0
"305",5,4,8.51102800071911
"306",6,4,8.49730767211365
"307",7,4,9.17765149529555
"308",8,4,9.00513181732398
"309",9,4,9.23892431088612
"310",10,4,9.03046913807568
"311",11,4,9.15161169643909
"312",12,4,9.60038841680284
"313",13,4,9.46712864869223
"314",14,4,9.08053906978736
"315",15,4,9.11650242864118
"316",16,4,9.1452137618145
"317",17,4,9.23044232831104
"318",18,4,9.16637187102988
"319",19,4,9.59382730008729
"320",20,4,9.36968475206835
"321",21,4,9.1971567426551
"322",22,4,9.32434442497145
"323",23,4,9.49467634173321
"324",24,4,9.56643761342628
"325",25,4,10.040810425361
"326",26,4,9.62534909253116
"327",27,4,9.14422614572642
"328",28,4,9.32712383625768
"329",29,4,8.88422898410372
"330",30,4,8.71611364191809
"331",31,4,9.43965457748145
"332",32,4,9.20011041357473
"333",33,4,9.19743578730946
"334",34,4,9.18748453811856
"335",35,4,9.67545081207307
"336",36,4,9.22260241817225
"337",37,4,9.2375921734617
"338",38,4,9.34367588176596
"339",39,4,9.34316711388348
"340",40,4,9.37771008894277
"341",41,4,9.10613751997809
"342",42,4,9.35401661932602
"343",43,4,9.33898628985149
"344",44,4,9.09071932595629
"345",45,4,8.86021497390409
"346",46,4,9.3555088218278
"347",47,4,9.69126206679648
"348",48,4,9.3218487702225
"349",49,4,9.18150876523138
"350",50,4,9.48922015338241
"351",51,4,15.0348446828086
"352",52,4,15.6350039135975
"353",53,4,15.381323391702
"354",54,4,14.5072429807167
"355",55,4,14.7523018453036
"356",56,4,15.5694723025048
"357",57,4,15.7508834798649
"358",58,4,14.8582514112617
"359",59,4,14.7485030845405
"360",60,4,14.7387908427557
"361",61,4,14.7167095060801
"362",62,4,14.4317253380877
"363",63,4,14.6304999698869
"364",64,4,16.326658427666
"365",65,4,15.2100563887034
"366",66,4,15.3543340481917
"367",67,4,14.3204440558533
"368",68,4,14.2386544906781
"369",69,4,15.6142461869036
"370",70,4,14.711806794083
"371",71,4,14.696685553366
"372",72,4,15.3544319505386
"373",73,4,15.5227187399004
"374",74,4,17.3351317043607
"375",75,4,15.1249088049471
"376",76,4,15.3709218280165
"377",77,4,16.3510296388442
"378",78,4,15.0709332537716
"379",79,4,15.3805015474649
"380",80,4,15.5035349670872
"381",81,4,15.6180635693389
"382",82,4,14.9002031397635
"383",83,4,17.0313224994185
"384",84,4,15.4886309129665
"385",85,4,15.8234536576651
"386",86,4,17.2558803881501
"387",87,4,15.1625990656415
"388",88,4,16.7567707327181
"389",89,4,15.1739328824266
"390",90,4,15.3363056374022
"391",91,4,15.5447197864472
"392",92,4,15.6226055005567
"393",93,4,15.082467583588
"394",94,4,15.1530448652977
"395",95,4,15.1844072985636
"396",96,4,15.5907649294529
"397",97,4,15.1419207555754
"398",98,4,15.1835630933371
"399",99,4,16.1703668136403
"400",100,4,15.4030147979332
"401",1,5,9.23358037516467
"402",2,5,8.94165914881276
"403",3,5,8.79411643972693
"404",4,5,8.51102800071911
"405",5,5,0
"406",6,5,8.40595013733336
"407",7,5,8.80578444756343
"408",8,5,8.80783751653437
"409",9,5,9.39470148761076
"410",10,5,9.3326198564352
"411",11,5,9.24826761143126
"412",12,5,9.59470640724201
"413",13,5,9.65471492736053
"414",14,5,9.68165779583373
"415",15,5,9.71711934448096
"416",16,5,9.25080376744619
"417",17,5,9.47968101212715
"418",18,5,9.42826691406048
"419",19,5,9.46301652373874
"420",20,5,9.49550171853062
"421",21,5,9.44935312215026
"422",22,5,9.55849843788151
"423",23,5,9.38685685423232
"424",24,5,9.22370746481632
"425",25,5,9.53818031551103
"426",26,5,9.49186989858739
"427",27,5,9.72993580727023
"428",28,5,9.71948737564488
"429",29,5,9.16843651771501
"430",30,5,9.20813665367017
"431",31,5,9.63660657825231
"432",32,5,9.43977942309417
"433",33,5,9.38294945641168
"434",34,5,9.16186815621226
"435",35,5,9.57107488998776
"436",36,5,9.53085235356532
"437",37,5,9.65072507613879
"438",38,5,9.52407260033101
"439",39,5,9.33470185914918
"440",40,5,9.64420151937741
"441",41,5,9.33218734207517
"442",42,5,9.3681316005873
"443",43,5,9.48100476686638
"444",44,5,9.07734173542784
"445",45,5,9.01523687581053
"446",46,5,8.80781159169511
"447",47,5,9.39953426401949
"448",48,5,9.60743983085975
"449",49,5,9.3524401935465
"450",50,5,9.54397475228406
"451",51,5,15.0929681887369
"452",52,5,15.838662946422
"453",53,5,15.3910205467405
"454",54,5,14.7915336629702
"455",55,5,15.1847833686282
"456",56,5,15.7689179590016
"457",57,5,16.1064742360248
"458",58,5,15.0079464317324
"459",59,5,15.3052062449748
"460",60,5,15.1613398929925
"461",61,5,15.1321172863562
"462",62,5,14.7866289440133
"463",63,5,14.8517714441697
"464",64,5,16.473689619792
"465",65,5,15.0731468584275
"466",66,5,15.4220447977813
"467",67,5,14.5267739819064
"468",68,5,14.3931782594405
"469",69,5,15.443464851093
"470",70,5,14.7208182989787
"471",71,5,14.7614229598073
"472",72,5,15.3035292786809
"473",73,5,15.7712416544192
"474",74,5,17.6582845294769
"475",75,5,15.6481594215376
"476",76,5,15.7777964957175
"477",77,5,16.6222055276086
"478",78,5,15.1884504135724
"479",79,5,15.5293638759806
"480",80,5,15.774641210335
"481",81,5,16.1542547501881
"482",82,5,15.2939919088681
"483",83,5,16.8763099687464
"484",84,5,15.3849996102823
"485",85,5,15.8051287947779
"486",86,5,16.9590173404738
"487",87,5,15.2506134933818
"488",88,5,17.05802508757
"489",89,5,15.374988798073
"490",90,5,15.6076456726167
"491",91,5,15.6590662244457
"492",92,5,15.6927038273343
"493",93,5,15.3654177729382
"494",94,5,15.1280864774391
"495",95,5,15.2073810306704
"496",96,5,15.7793447579536
"497",97,5,15.6131626862107
"498",98,5,15.4147225751526
"499",99,5,16.2441699278805
"500",100,5,15.7055706786128
"501",1,6,9.02807192603859
"502",2,6,8.86383826252206
"503",3,6,8.77707110286673
"504",4,6,8.49730767211365
"505",5,6,8.40595013733336
"506",6,6,0
"507",7,6,8.32158135964061
"508",8,6,8.71453408764932
"509",9,6,9.06754815277439
"510",10,6,9.14335114046129
"511",11,6,9.15324439081204
"512",12,6,9.75502307036175
"513",13,6,9.76828662655964
"514",14,6,9.62149752258759
"515",15,6,10.0490495421876
"516",16,6,9.35856319499405
"517",17,6,9.37205726207949
"518",18,6,9.54121689635558
"519",19,6,9.2524529455205
"520",20,6,9.39887898658123
"521",21,6,9.26813567324111
"522",22,6,9.43347567798141
"523",23,6,9.41401490655856
"524",24,6,9.14360183417169
"525",25,6,9.6864924518134
"526",26,6,9.54436281272449
"527",27,6,9.66290605539664
"528",28,6,9.6940763133653
"529",29,6,9.12057572766923
"530",30,6,9.05774181534565
"531",31,6,9.28765937143508
"532",32,6,9.38912684308103
"533",33,6,9.18659574726356
"534",34,6,9.05596845014035
"535",35,6,9.36681593984185
"536",36,6,9.19494883183008
"537",37,6,9.4090321397337
"538",38,6,9.54211296616213
"539",39,6,9.68986147403967
"540",40,6,9.47371709424901
"541",41,6,9.58699689349408
"542",42,6,9.20160919789886
"543",43,6,9.42513377373758
"544",44,6,8.68117604399707
"545",45,6,8.68880610366522
"546",46,6,9.13770461073812
"547",47,6,8.88757725011216
"548",48,6,9.31877841329747
"549",49,6,9.31821190717948
"550",50,6,9.38278191420761
"551",51,6,14.7934607609643
"552",52,6,15.4081335769551
"553",53,6,15.0407194658227
"554",54,6,14.5177137495848
"555",55,6,14.7269874418893
"556",56,6,15.2202514437631
"557",57,6,15.7670485142553
"558",58,6,14.772178054348
"559",59,6,15.1557068460455
"560",60,6,14.7986138627204
"561",61,6,14.662137698226
"562",62,6,14.7668436969937
"563",63,6,14.4796224329016
"564",64,6,16.1677770236229
"565",65,6,14.8572521594258
"566",66,6,15.3208273521345
"567",67,6,14.3012473339872
"568",68,6,14.0088137488477
"569",69,6,14.8670578066818
"570",70,6,14.2459391939788
"571",71,6,14.1962923100458
"572",72,6,14.8689463364865
"573",73,6,15.2504164127573
"574",74,6,17.4641535829096
"575",75,6,15.3582905583605
"576",76,6,15.4148750007859
"577",77,6,16.1662988347825
"578",78,6,14.7065570384614
"579",79,6,15.0171269625245
"580",80,6,15.4099946321829
"581",81,6,15.8572626284369
"582",82,6,14.9403355536996
"583",83,6,16.3042053586068
"584",84,6,15.0581179482306
"585",85,6,15.2956094385472
"586",86,6,16.5714578042014
"587",87,6,14.9324577864762
"588",88,6,16.8466364230925
"589",89,6,15.1239212677239
"590",90,6,15.3697654351034
"591",91,6,14.9836854783849
"592",92,6,15.470591432651
"593",93,6,14.7952580792995
"594",94,6,14.7274329307381
"595",95,6,14.9024284390685
"596",96,6,15.7416668146746
"597",97,6,15.3527042413614
"598",98,6,15.2833536261465
"599",99,6,16.0617768439489
"600",100,6,15.4149138234327
"601",1,7,9.09562173627408
"602",2,7,8.9261915537404
"603",3,7,8.97163196040131
"604",4,7,9.17765149529555
"605",5,7,8.80578444756343
"606",6,7,8.32158135964061
"607",7,7,0
"608",8,7,8.36795402914894
"609",9,7,8.9504340705589
"610",10,7,9.01429359528317
"611",11,7,8.97835399906982
"612",12,7,9.58484213743571
"613",13,7,9.86947477999116
"614",14,7,9.38212300337484
"615",15,7,9.81208568189086
"616",16,7,9.25036025498714
"617",17,7,9.32746172411684
"618",18,7,9.18926237535199
"619",19,7,8.93052793023295
"620",20,7,9.30823494124586
"621",21,7,9.12945576107301
"622",22,7,9.31701911861632
"623",23,7,9.112556731818
"624",24,7,9.37136546139496
"625",25,7,9.62829796786118
"626",26,7,9.36556701566876
"627",27,7,9.59471343692878
"628",28,7,9.48159997559953
"629",29,7,9.16688095470381
"630",30,7,9.05892627256161
"631",31,7,9.30609959543204
"632",32,7,8.95855589377033
"633",33,7,9.06214166217953
"634",34,7,9.17861796862227
"635",35,7,9.54135465242691
"636",36,7,9.16011183168983
"637",37,7,9.10010577297416
"638",38,7,9.11466022078635
"639",39,7,9.6515296748376
"640",40,7,9.38343099463982
"641",41,7,9.43810626862789
"642",42,7,9.19422147116998
"643",43,7,9.20561894400049
"644",44,7,8.98773260135445
"645",45,7,8.68997067733934
"646",46,7,8.88975729537641
"647",47,7,9.01745420913798
"648",48,7,9.57580329014202
"649",49,7,9.39637182913642
"650",50,7,9.19088017073227
"651",51,7,14.4399445377016
"652",52,7,14.9939344354822
"653",53,7,14.6863430584864
"654",54,7,14.0116547436485
"655",55,7,14.3573262378976
"656",56,7,14.8668142412501
"657",57,7,15.2814477692462
"658",58,7,14.3539325570005
"659",59,7,14.4582631281829
"660",60,7,14.3040936658183
"661",61,7,14.3817634261448
"662",62,7,14.2168741044287
"663",63,7,14.1172201619488
"664",64,7,15.855180238422
"665",65,7,14.6131146798992
"666",66,7,14.7946258161957
"667",67,7,13.7571724357782
"668",68,7,13.7935407601296
"669",69,7,14.6164536584337
"670",70,7,13.9016990893015
"671",71,7,13.7931768254248
"672",72,7,14.5504822106016
"673",73,7,14.8193955388832
"674",74,7,17.0453416950603
"675",75,7,14.9341027293319
"676",76,7,14.874881450768
"677",77,7,15.9935759406392
"678",78,7,14.3641955806124
"679",79,7,14.6154483836567
"680",80,7,15.0621112274714
"681",81,7,15.3938426309652
"682",82,7,14.5956468673249
"683",83,7,16.1364992165467
"684",84,7,14.696425123489
"685",85,7,14.9720408035009
"686",86,7,16.3561489919415
"687",87,7,14.6868340873511
"688",88,7,16.5223569509465
"689",89,7,14.7269157155026
"690",90,7,15.0164535511474
"691",91,7,14.5907633382263
"692",92,7,14.9704620340275
"693",93,7,14.3684727403479
"694",94,7,14.466441949612
"695",95,7,14.502237257862
"696",96,7,15.1184343103465
"697",97,7,14.9324030892768
"698",98,7,14.7427749632806
"699",99,7,15.5085348525102
"700",100,7,15.1248024486821
"701",1,8,8.88979550398482
"702",2,8,9.12986546246909
"703",3,8,9.15789979873423
"704",4,8,9.00513181732398
"705",5,8,8.80783751653437
"706",6,8,8.71453408764932
"707",7,8,8.36795402914894
"708",8,8,0
"709",9,8,8.88292976814256
"710",10,8,9.00847468229477
"711",11,8,8.9635198871514
"712",12,8,9.58435879748126
"713",13,8,9.34142391401411
"714",14,8,9.80309505481013
"715",15,8,9.65585028540119
"716",16,8,9.44541623866283
"717",17,8,9.44203459910168
"718",18,8,9.47029689651521
"719",19,8,9.16919893428461
"720",20,8,9.45124261096527
"721",21,8,9.69287434892857
"722",22,8,9.6593044496298
"723",23,8,9.37573965253592
"724",24,8,9.63981394243808
"725",25,8,9.64360806787515
"726",26,8,9.29774653369026
"727",27,8,9.72839520476328
"728",28,8,9.5611774286611
"729",29,8,9.1464233767931
"730",30,8,9.09577919116901
"731",31,8,9.22244780545694
"732",32,8,9.49884975689115
"733",33,8,9.43208677510516
"734",34,8,9.24884005969921
"735",35,8,9.61897011378457
"736",36,8,9.01003265502981
"737",37,8,9.47061832439048
"738",38,8,9.20485946096255
"739",39,8,9.29434945625424
"740",40,8,9.34220375849947
"741",41,8,9.6203826803301
"742",42,8,9.20610615417274
"743",43,8,9.39120884028106
"744",44,8,8.97136682765917
"745",45,8,8.84506402666076
"746",46,8,9.24900497265879
"747",47,8,9.5338134802837
"748",48,8,9.73107591002501
"749",49,8,9.29435753166053
"750",50,8,9.36214830357882
"751",51,8,14.6991084255254
"752",52,8,15.3314659610375
"753",53,8,15.0741679248922
"754",54,8,14.4995497475593
"755",55,8,14.4838479576569
"756",56,8,15.1172294622816
"757",57,8,15.5264932707706
"758",58,8,14.548863886912
"759",59,8,14.6357813931964
"760",60,8,14.5481158119988
"761",61,8,14.3419070001968
"762",62,8,14.2994036047238
"763",63,8,14.2722281875976
"764",64,8,15.989406414686
"765",65,8,14.5605113835432
"766",66,8,14.9623371702332
"767",67,8,14.0981771815492
"768",68,8,13.8926347061282
"769",69,8,14.7986393468798
"770",70,8,14.2502143130341
"771",71,8,14.1859867575387
"772",72,8,14.772377941152
"773",73,8,15.2390865475934
"774",74,8,17.3605825045526
"775",75,8,15.009393706104
"776",76,8,15.1902657197745
"777",77,8,16.1103011618107
"778",78,8,14.7657180368527
"779",79,8,15.1413222162316
"780",80,8,15.4710777730773
"781",81,8,15.7342697783368
"782",82,8,14.7108538999655
"783",83,8,16.4135375581351
"784",84,8,14.9708412065622
"785",85,8,15.1567875296029
"786",86,8,16.6906019357679
"787",87,8,14.9846775154679
"788",88,8,16.5899611818185
"789",89,8,15.160460287944
"790",90,8,15.2508957701821
"791",91,8,14.968744863383
"792",92,8,15.2987379387794
"793",93,8,14.906040753569
"794",94,8,14.7208640979041
"795",95,8,14.9332363727691
"796",96,8,15.5716346498022
"797",97,8,15.2230726998361
"798",98,8,15.0945317569283
"799",99,8,15.9032873571587
"800",100,8,15.1242456702941
"801",1,9,9.02972215742519
"802",2,9,9.00737070345912
"803",3,9,9.38814194194411
"804",4,9,9.23892431088612
"805",5,9,9.39470148761076
"806",6,9,9.06754815277439
"807",7,9,8.9504340705589
"808",8,9,8.88292976814256
"809",9,9,0
"810",10,9,8.98658133575346
"811",11,9,9.46444758491593
"812",12,9,9.96151841988502
"813",13,9,10.0135918089228
"814",14,9,10.0909479017728
"815",15,9,9.84447330908709
"816",16,9,9.28261768020483
"817",17,9,9.21045626072871
"818",18,9,9.28781576885039
"819",19,9,9.44669806578914
"820",20,9,9.73803395128437
"821",21,9,9.64516214129046
"822",22,9,9.35443251859276
"823",23,9,9.01421267878529
"824",24,9,9.77717207005585
"825",25,9,10.1883347028568
"826",26,9,10.0543591245012
"827",27,9,9.90725235183572
"828",28,9,9.56998049535869
"829",29,9,9.60060919666243
"830",30,9,9.64794264960782
"831",31,9,9.26561120901271
"832",32,9,9.43797368657975
"833",33,9,9.5327370964709
"834",34,9,9.65654665657224
"835",35,9,10.0040531414287
"836",36,9,9.64966085371387
"837",37,9,9.45188496746142
"838",38,9,9.41233040286122
"839",39,9,10.0429870506191
"840",40,9,9.64686997689321
"841",41,9,9.84618204066309
"842",42,9,9.84556032055881
"843",43,9,9.68137318519551
"844",44,9,9.45381876244746
"845",45,9,9.08138949949692
"846",46,9,9.11344315739992
"847",47,9,9.52393087722317
"848",48,9,9.36139650927361
"849",49,9,9.47843114084664
"850",50,9,9.69695707084879
"851",51,9,14.4435950828155
"852",52,9,15.0218598990148
"853",53,9,14.7969255820786
"854",54,9,14.0650701061431
"855",55,9,14.349365974208
"856",56,9,15.0979512695769
"857",57,9,15.2293303922393
"858",58,9,14.1494017330165
"859",59,9,14.3487261661537
"860",60,9,13.9939483443123
"861",61,9,13.8830538458207
"862",62,9,13.7743815709488
"863",63,9,13.8746098737834
"864",64,9,15.815901284288
"865",65,9,14.4723478844864
"866",66,9,14.609698409929
"867",67,9,13.5588881147612
"868",68,9,13.3113185796897
"869",69,9,14.6211219098874
"870",70,9,13.8841076707839
"871",71,9,13.8407732143061
"872",72,9,14.3591497098471
"873",73,9,14.9066247792859
"874",74,9,16.9552006911321
"875",75,9,14.6485975007734
"876",76,9,14.8223921535343
"877",77,9,15.8229795960005
"878",78,9,14.3040402190798
"879",79,9,14.5350681837847
"880",80,9,14.7842834375726
"881",81,9,15.2091344787309
"882",82,9,14.1369722525361
"883",83,9,16.5223750901988
"884",84,9,14.5320604063467
"885",85,9,15.1218679321033
"886",86,9,16.6594919400316
"887",87,9,14.6669085242044
"888",88,9,16.3487834906607
"889",89,9,14.4937143713997
"890",90,9,14.8899398927842
"891",91,9,14.6302164581069
"892",92,9,15.1639596670946
"893",93,9,14.5071193132205
"894",94,9,14.3960538391174
"895",95,9,14.5555978539426
"896",96,9,15.0184439574483
"897",97,9,14.7519740728124
"898",98,9,14.7701290738783
"899",99,9,15.6386911425434
"900",100,9,14.9605313796751
"901",1,10,8.88254327791009
"902",2,10,9.1203563969448
"903",3,10,9.54578522939659
"904",4,10,9.03046913807568
"905",5,10,9.3326198564352
"906",6,10,9.14335114046129
"907",7,10,9.01429359528317
"908",8,10,9.00847468229477
"909",9,10,8.98658133575346
"910",10,10,0
"911",11,10,9.09958621912334
"912",12,10,9.68145858864442
"913",13,10,9.58734353747164
"914",14,10,9.53178399324083
"915",15,10,9.57693024368879
"916",16,10,9.49706700954652
"917",17,10,9.49431115124061
"918",18,10,9.3852275401935
"919",19,10,9.67424672180725
"920",20,10,9.48209508398498
"921",21,10,9.7204983164232
"922",22,10,9.57530248910152
"923",23,10,9.42229679423716
"924",24,10,9.56365723268671
"925",25,10,9.80623500728876
"926",26,10,9.92431227893154
"927",27,10,9.69120958646442
"928",28,10,9.58016086565481
"929",29,10,9.15359241776322
"930",30,10,8.97890261036456
"931",31,10,9.41145406128402
"932",32,10,9.67386295671474
"933",33,10,9.82359608979416
"934",34,10,9.30027505380276
"935",35,10,10.0653167595047
"936",36,10,9.61123877189581
"937",37,10,9.67341033815263
"938",38,10,9.58753858122582
"939",39,10,9.87074257914279
"940",40,10,9.43404261314603
"941",41,10,9.36003360402549
"942",42,10,9.71675920142313
"943",43,10,9.50393696988932
"944",44,10,9.34590156318149
"945",45,10,9.02173902753931
"946",46,10,9.44340400198361
"947",47,10,9.98435003207717
"948",48,10,9.63355565051435
"949",49,10,9.49770276423572
"950",50,10,9.37056234695199
"951",51,10,14.8040584395799
"952",52,10,15.1555205459615
"953",53,10,14.9150338922674
"954",54,10,14.5417528854488
"955",55,10,14.7370568154582
"956",56,10,15.1685085453686
"957",57,10,15.6613600799105
"958",58,10,14.6048479813291
"959",59,10,14.6069889572644
"960",60,10,14.5439517944367
"961",61,10,14.2342926456295
"962",62,10,14.3652547593698
"963",63,10,14.2532147294766
"964",64,10,15.8368773260742
"965",65,10,14.6537762296451
"966",66,10,14.8265719865159
"967",67,10,13.912810868891
"968",68,10,13.954507723686
"969",69,10,14.9410268384251
"970",70,10,14.3246826798191
"971",71,10,14.084522275209
"972",72,10,15.0005921111288
"973",73,10,15.0461864266756
"974",74,10,17.3219199918415
"975",75,10,14.9519161057193
"976",76,10,15.3017394250051
"977",77,10,16.2705055899204
"978",78,10,14.7872491819039
"979",79,10,15.099914058039
"980",80,10,15.3846432978126
"981",81,10,15.2485250494676
"982",82,10,14.869244111646
"983",83,10,16.3806153812737
"984",84,10,14.9700960145144
"985",85,10,15.2269402557257
"986",86,10,16.583705067315
"987",87,10,14.9277120548338
"988",88,10,17.0122383005794
"989",89,10,15.0056102038397
"990",90,10,15.0862495131294
"991",91,10,15.0599917359995
"992",92,10,15.128847151819
"993",93,10,14.7219240670862
"994",94,10,14.839167904992
"995",95,10,15.005016014401
"996",96,10,15.4376378066846
"997",97,10,15.1143980703727
"998",98,10,15.2346346332924
"999",99,10,16.0979389649588
"1000",100,10,15.3464305109023
"1001",1,11,9.26806142333018
"1002",2,11,8.93776879841055
"1003",3,11,9.3691484279
"1004",4,11,9.15161169643909
"1005",5,11,9.24826761143126
"1006",6,11,9.15324439081204
"1007",7,11,8.97835399906982
"1008",8,11,8.9635198871514
"1009",9,11,9.46444758491593
"1010",10,11,9.09958621912334
"1011",11,11,0
"1012",12,11,8.63058682291347
"1013",13,11,9.74069782979924
"1014",14,11,9.83007421278871
"1015",15,11,9.855309353127
"1016",16,11,9.78109136836075
"1017",17,11,10.1097989148936
"1018",18,11,9.96705428503433
"1019",19,11,9.4911596628903
"1020",20,11,9.87085637974694
"1021",21,11,9.64281259138802
"1022",22,11,9.73181985881005
"1023",23,11,9.55816726850534
"1024",24,11,9.61682166327818
"1025",25,11,9.65392191250085
"1026",26,11,9.69404875095815
"1027",27,11,9.4211252397383
"1028",28,11,9.88918301353422
"1029",29,11,9.57387907792478
"1030",30,11,9.68940624800775
"1031",31,11,9.73916190423964
"1032",32,11,9.73377343622316
"1033",33,11,9.39268674183507
"1034",34,11,9.36205052828696
"1035",35,11,9.62119809378336
"1036",36,11,9.72836158867425
"1037",37,11,9.90871512113963
"1038",38,11,9.92381553897966
"1039",39,11,9.45779137400654
"1040",40,11,9.3210589473804
"1041",41,11,9.4748367366388
"1042",42,11,9.56745712049875
"1043",43,11,9.49265509891457
"1044",44,11,9.39741661979979
"1045",45,11,9.12037010930651
"1046",46,11,9.39652935999513
"1047",47,11,9.35220745991029
"1048",48,11,10.0047476440904
"1049",49,11,9.51536353614429
"1050",50,11,9.62345239878081
"1051",51,11,14.868971566477
"1052",52,11,15.3778573461469
"1053",53,11,15.4265895893188
"1054",54,11,14.8319160682691
"1055",55,11,14.9246676291826
"1056",56,11,15.4237331419008
"1057",57,11,16.0290173217213
"1058",58,11,15.2138137097613
"1059",59,11,15.4536378311688
"1060",60,11,15.1171605578323
"1061",61,11,14.9951394303822
"1062",62,11,14.961187673602
"1063",63,11,14.5768321698552
"1064",64,11,16.1799544451408
"1065",65,11,14.7873418248328
"1066",66,11,15.5247925083613
"1067",67,11,14.5076195897451
"1068",68,11,14.4975905729021
"1069",69,11,15.3674274609035
"1070",70,11,14.6074840124807
"1071",71,11,14.5029175018094
"1072",72,11,15.1298229278633
"1073",73,11,15.7193199332305
"1074",74,11,17.8816739664032
"1075",75,11,15.3334849993374
"1076",76,11,15.4805153505204
"1077",77,11,16.5622174677114
"1078",78,11,15.0151976428714
"1079",79,11,15.5206227938142
"1080",80,11,15.9961354642423
"1081",81,11,16.2630165142481
"1082",82,11,15.2073660543638
"1083",83,11,16.5321336922998
"1084",84,11,15.1766738422089
"1085",85,11,15.5670884660074
"1086",86,11,16.7032244207683
"1087",87,11,15.0766813355272
"1088",88,11,17.2237762066654
"1089",89,11,15.3387499421393
"1090",90,11,15.6580517235177
"1091",91,11,15.0975172587259
"1092",92,11,15.281061237156
"1093",93,11,15.0067557253171
"1094",94,11,14.8735701727057
"1095",95,11,15.3219060328741
"1096",96,11,16.0780562183676
"1097",97,11,15.5136423209658
"1098",98,11,15.4848539854988
"1099",99,11,16.2555356206458
"1100",100,11,15.472766426912
"1101",1,12,9.75437400966352
"1102",2,12,9.38340840348326
"1103",3,12,9.50844935574351
"1104",4,12,9.60038841680284
"1105",5,12,9.59470640724201
"1106",6,12,9.75502307036175
"1107",7,12,9.58484213743571
"1108",8,12,9.58435879748126
"1109",9,12,9.96151841988502
"1110",10,12,9.68145858864442
"1111",11,12,8.63058682291347
"1112",12,12,0
"1113",13,12,9.21939773193897
"1114",14,12,9.75412143441108
"1115",15,12,9.95501415752973
"1116",16,12,9.97543349549092
"1117",17,12,9.93066386828426
"1118",18,12,10.0693058750825
"1119",19,12,9.71509063895601
"1120",20,12,9.85972290455142
"1121",21,12,10.0729882683284
"1122",22,12,9.84030251943771
"1123",23,12,9.97495954120702
"1124",24,12,9.59374985519481
"1125",25,12,9.84607509020512
"1126",26,12,9.68730260006584
"1127",27,12,9.52875290216423
"1128",28,12,9.6911187605915
"1129",29,12,9.60865455037704
"1130",30,12,9.86568556548651
"1131",31,12,10.0434847561474
"1132",32,12,9.8453840663597
"1133",33,12,9.69169620514365
"1134",34,12,9.65296016577143
"1135",35,12,9.8388739893909
"1136",36,12,10.1423419025309
"1137",37,12,10.2109193898817
"1138",38,12,10.2980937493054
"1139",39,12,9.63925156377027
"1140",40,12,9.93956460004818
"1141",41,12,9.67169754231491
"1142",42,12,9.68671524999773
"1143",43,12,9.70933815219839
"1144",44,12,9.66117462608049
"1145",45,12,9.61725558487517
"1146",46,12,9.46727111727408
"1147",47,12,9.61001626712676
"1148",48,12,10.091200567339
"1149",49,12,9.79092045220767
"1150",50,12,9.85340083947383
"1151",51,12,15.329479248526
"1152",52,12,15.8677723586635
"1153",53,12,15.5257814801254
"1154",54,12,15.0691033976889
"1155",55,12,15.3172034192966
"1156",56,12,15.625263257636
"1157",57,12,16.2381193990759
"1158",58,12,15.4690266112936
"1159",59,12,15.5658305322359
"1160",60,12,15.4362594499102
"1161",61,12,15.3734374505041
"1162",62,12,15.3833843132065
"1163",63,12,15.0089640050928
"1164",64,12,16.445709682679
"1165",65,12,15.1048963563514
"1166",66,12,15.6329803339202
"1167",67,12,14.7506335001079
"1168",68,12,14.8014035632473
"1169",69,12,15.4756644101282
"1170",70,12,14.8546111160514
"1171",71,12,14.8083261189145
"1172",72,12,15.4668672296889
"1173",73,12,15.8152058442465
"1174",74,12,18.0502491211012
"1175",75,12,15.59977264265
"1176",76,12,15.8750487075891
"1177",77,12,16.7214570442692
"1178",78,12,15.2616622065074
"1179",79,12,15.6321607393134
"1180",80,12,16.0707871254624
"1181",81,12,16.5789159317137
"1182",82,12,15.565328656687
"1183",83,12,16.8369574440119
"1184",84,12,15.5176059036389
"1185",85,12,15.7652931968267
"1186",86,12,16.7954472309734
"1187",87,12,15.4625119935416
"1188",88,12,17.4481568225772
"1189",89,12,15.4733796133506
"1190",90,12,15.9474384876253
"1191",91,12,15.5540909990152
"1192",92,12,15.7430696895337
"1193",93,12,15.4622108082454
"1194",94,12,15.1543169481606
"1195",95,12,15.537092302486
"1196",96,12,16.3377221536111
"1197",97,12,16.0116627795451
"1198",98,12,15.6909944059143
"1199",99,12,16.5781384072954
"1200",100,12,15.7937398154169
"1201",1,13,9.43857836064538
"1202",2,13,9.74564603196396
"1203",3,13,9.60459815337419
"1204",4,13,9.46712864869223
"1205",5,13,9.65471492736053
"1206",6,13,9.76828662655964
"1207",7,13,9.86947477999116
"1208",8,13,9.34142391401411
"1209",9,13,10.0135918089228
"1210",10,13,9.58734353747164
"1211",11,13,9.74069782979924
"1212",12,13,9.21939773193897
"1213",13,13,0
"1214",14,13,8.830851005365
"1215",15,13,9.35567425393552
"1216",16,13,9.5161100685439
"1217",17,13,9.58322594742397
"1218",18,13,9.627433559616
"1219",19,13,9.74705593102252
"1220",20,13,9.4395561009874
"1221",21,13,9.86948357596695
"1222",22,13,9.48335502401408
"1223",23,13,9.66609951328279
"1224",24,13,9.42254860478825
"1225",25,13,9.65732341764993
"1226",26,13,9.6284613796996
"1227",27,13,9.87338152066472
"1228",28,13,9.61365896275038
"1229",29,13,9.40144360809795
"1230",30,13,9.51944980420791
"1231",31,13,9.70884389081373
"1232",32,13,9.94406364457851
"1233",33,13,9.88355280771022
"1234",34,13,9.7090394442968
"1235",35,13,10.0831919618381
"1236",36,13,10.1987992468328
"1237",37,13,10.1340999392233
"1238",38,13,10.224205747778
"1239",39,13,9.79534337264404
"1240",40,13,9.62706537140381
"1241",41,13,9.38218584439271
"1242",42,13,9.49923057372582
"1243",43,13,9.2518416100148
"1244",44,13,9.57774811959715
"1245",45,13,9.40087731087209
"1246",46,13,9.43547392489902
"1247",47,13,9.82244443369897
"1248",48,13,9.51053609678175
"1249",49,13,9.52495941226218
"1250",50,13,9.86576331633329
"1251",51,13,15.2846718516767
"1252",52,13,15.7774426236727
"1253",53,13,15.3361286866463
"1254",54,13,15.0951116123741
"1255",55,13,15.4279260749568
"1256",56,13,15.8808130619557
"1257",57,13,16.2059721052528
"1258",58,13,15.5305659917755
"1259",59,13,15.6161517798158
"1260",60,13,15.3910974506689
"1261",61,13,15.2666142163588
"1262",62,13,15.5217234637702
"1263",63,13,15.1735085388403
"1264",64,13,16.5694861256845
"1265",65,13,15.4202469306464
"1266",66,13,15.6482795452345
"1267",67,13,14.6329817297035
"1268",68,13,14.9140196887986
"1269",69,13,15.5675985965601
"1270",70,13,15.0677724753852
"1271",71,13,14.9936686728816
"1272",72,13,15.5842347363999
"1273",73,13,15.78691219931
"1274",74,13,17.5480899904779
"1275",75,13,15.5376253750944
"1276",76,13,15.9064938205401
"1277",77,13,16.645366347775
"1278",78,13,15.4499069432616
"1279",79,13,15.809814283122
"1280",80,13,15.9361546522404
"1281",81,13,16.1106597158644
"1282",82,13,15.538999743451
"1283",83,13,16.8189513721691
"1284",84,13,15.5368401856144
"1285",85,13,15.7524245729567
"1286",86,13,16.8491138689437
"1287",87,13,15.4301826986134
"1288",88,13,17.0835419994584
"1289",89,13,15.5317251390096
"1290",90,13,15.8801136717747
"1291",91,13,15.7687333503104
"1292",92,13,15.7465209363871
"1293",93,13,15.4781504856653
"1294",94,13,15.3073885028869
"1295",95,13,15.4388603198502
"1296",96,13,16.238222734877
"1297",97,13,15.8967170283959
"1298",98,13,15.7529890829815
"1299",99,13,16.509151639879
"1300",100,13,15.7324932661711
"1301",1,14,9.26032787898678
"1302",2,14,9.14553408118498
"1303",3,14,9.43254006786034
"1304",4,14,9.08053906978736
"1305",5,14,9.68165779583373
"1306",6,14,9.62149752258759
"1307",7,14,9.38212300337484
"1308",8,14,9.80309505481013
"1309",9,14,10.0909479017728
"1310",10,14,9.53178399324083
"1311",11,14,9.83007421278871
"1312",12,14,9.75412143441108
"1313",13,14,8.830851005365
"1314",14,14,0
"1315",15,14,9.24968633434816
"1316",16,14,9.00861459578301
"1317",17,14,9.25472887745421
"1318",18,14,9.59217942733931
"1319",19,14,9.68538615253371
"1320",20,14,9.39370336576551
"1321",21,14,9.59959203468425
"1322",22,14,9.0830606249239
"1323",23,14,9.69278787587797
"1324",24,14,9.82100306944898
"1325",25,14,9.79738801972573
"1326",26,14,9.8496361074413
"1327",27,14,9.50581310230501
"1328",28,14,9.26690597064543
"1329",29,14,9.10796819455229
"1330",30,14,9.31787335415456
"1331",31,14,9.5521937414786
"1332",32,14,9.58740092518877
"1333",33,14,9.85430081947857
"1334",34,14,9.66122320555686
"1335",35,14,10.5785605991685
"1336",36,14,9.78693737203954
"1337",37,14,9.86417597967488
"1338",38,14,10.1061777997687
"1339",39,14,9.83510258890595
"1340",40,14,9.62471189875626
"1341",41,14,9.4693979692853
"1342",42,14,9.61914028448073
"1343",43,14,9.16789765275236
"1344",44,14,9.19879774071617
"1345",45,14,9.09750967634507
"1346",46,14,9.29350505841679
"1347",47,14,9.63075153154853
"1348",48,14,9.60346455389559
"1349",49,14,9.20545940295857
"1350",50,14,9.71682847630478
"1351",51,14,15.0218431008475
"1352",52,14,15.7919447744053
"1353",53,14,15.3287856843348
"1354",54,14,14.9056938299037
"1355",55,14,15.1726751403228
"1356",56,14,15.8718135374188
"1357",57,14,16.0265226871662
"1358",58,14,15.1189196591848
"1359",59,14,15.0296978238816
"1360",60,14,14.960967251718
"1361",61,14,14.8804189213463
"1362",62,14,14.8193852104879
"1363",63,14,14.7913249840094
"1364",64,14,16.5298965728948
"1365",65,14,15.3185728641558
"1366",66,14,15.3722496701697
"1367",67,14,14.2944767837395
"1368",68,14,14.5667298966662
"1369",69,14,15.6729029118423
"1370",70,14,14.8405996271952
"1371",71,14,14.8694330533873
"1372",72,14,15.6788734202415
"1373",73,14,15.3454787483719
"1374",74,14,17.4840449859729
"1375",75,14,15.4186458567611
"1376",76,14,15.7473083045287
"1377",77,14,16.7609937281748
"1378",78,14,15.2303742797328
"1379",79,14,15.5157772020395
"1380",80,14,15.8135329087596
"1381",81,14,15.8165103698976
"1382",82,14,15.0425270693289
"1383",83,14,17.1179090121276
"1384",84,14,15.5054527329293
"1385",85,14,16.0062462026283
"1386",86,14,17.0858854945779
"1387",87,14,15.3207541306974
"1388",88,14,17.1961708262112
"1389",89,14,15.4124005939833
"1390",90,14,15.5681467524492
"1391",91,14,15.5753191461916
"1392",92,14,15.5714287832975
"1393",93,14,15.0053700812278
"1394",94,14,15.2879666966131
"1395",95,14,15.3046301063028
"1396",96,14,15.871865350866
"1397",97,14,15.5070040439567
"1398",98,14,15.527896401562
"1399",99,14,16.4247119994587
"1400",100,14,15.5669442676991
"1401",1,15,9.67140427053752
"1402",2,15,9.76441691525251
"1403",3,15,9.59161641995949
"1404",4,15,9.11650242864118
"1405",5,15,9.71711934448096
"1406",6,15,10.0490495421876
"1407",7,15,9.81208568189086
"1408",8,15,9.65585028540119
"1409",9,15,9.84447330908709
"1410",10,15,9.57693024368879
"1411",11,15,9.855309353127
"1412",12,15,9.95501415752973
"1413",13,15,9.35567425393552
"1414",14,15,9.24968633434816
"1415",15,15,0
"1416",16,15,9.15225198105741
