"","row","col","value"
"1",1,1,0
"2",2,1,8.64578078238538
"3",3,1,8.7277344565336
"4",4,1,8.78361512649517
"5",5,1,9.23358037516467
"6",6,1,9.02807192603859
"7",7,1,9.09562173627408
"8",8,1,8.88979550398482
"9",9,1,9.02972215742519
"10",10,1,8.88254327791009
"11",11,1,9.26806142333018
"12",12,1,9.75437400966352
"13",13,1,9.43857836064538
"14",14,1,9.26032787898678
"15",15,1,9.67140427053752
"16",16,1,9.33409166206886
"17",17,1,9.51503712069506
"18",18,1,9.271486367656
"19",19,1,9.57346264711789
"20",20,1,9.65020355313075
"21",21,1,9.45440307282319
"22",22,1,9.2898880234257
"23",23,1,9.3062546496647
"24",24,1,9.39871274319144
"25",25,1,9.90481306765076
"26",26,1,9.60884189519335
"27",27,1,9.55237355728912
"28",28,1,9.0145014307684
"29",29,1,8.90243198620878
"30",30,1,9.01204999290555
"31",31,1,9.18859334789321
"32",32,1,9.21808393357461
"33",33,1,9.14072839036339
"34",34,1,9.57279831851969
"35",35,1,9.89462884762259
"36",36,1,9.39530037691318
"37",37,1,9.57719194589636
"38",38,1,9.16076950232901
"39",39,1,9.4773978000529
"40",40,1,9.14666786445635
"41",41,1,9.65689914282639
"42",42,1,9.15681227602252
"43",43,1,9.17693349193855
"44",44,1,9.04312166115723
"45",45,1,8.89181927312447
"46",46,1,8.85778832550877
"47",47,1,9.47832895301637
"48",48,1,9.35169768385428
"49",49,1,9.23454784938171
"50",50,1,9.49558491499036
"51",51,1,15.2736168082072
"52",52,1,15.9798267370709
"53",53,1,15.7341582462871
"54",54,1,15.4743950889461
"55",55,1,16.0406296780729
"56",56,1,15.8167842323841
"57",57,1,16.3446987341067
"58",58,1,15.731354116362
"59",59,1,15.7892176982492
"60",60,1,15.8616845709119
"61",61,1,16.25782907738
"62",62,1,15.9189406695448
"63",63,1,15.7667242159865
"64",64,1,16.0365641629949
"65",65,1,16.0238696709444
"66",66,1,16.048229392447
"67",67,1,15.7299248005135
"68",68,1,16.2501298245965
"69",69,1,16.2345452470622
"70",70,1,15.8721483723311
"71",71,1,15.999626938196
"72",72,1,15.992023149499
"73",73,1,16.2082360840889
"74",74,1,16.0600611584538
"75",75,1,15.5214074528937
"76",76,1,16.2334191633024
"77",77,1,15.4082441964208
"78",78,1,15.8944124463353
"79",79,1,15.8927239453549
"80",80,1,16.7030110238452
"81",81,1,15.5422728559375
"82",82,1,15.4101380415835
"83",83,1,16.2788861889727
"84",84,1,16.0903588578022
"85",85,1,16.0632456888711
"86",86,1,15.9118049051266
"87",87,1,16.5516958914941
"88",88,1,16.0057908315269
"89",89,1,15.8033494781264
"90",90,1,16.717439288728
"91",91,1,15.7911731719993
"92",92,1,15.5734004720179
"93",93,1,15.461732185416
"94",94,1,16.7223635168483
"95",95,1,15.5048568581718
"96",96,1,16.3979093171555
"97",97,1,15.7223173495636
"98",98,1,15.2785774990892
"99",99,1,16.0307939290115
"100",100,1,15.5234126189659
"101",1,2,8.64578078238538
"102",2,2,0
"103",3,2,8.4253827200388
"104",4,2,8.58213356303437
"105",5,2,8.94165914881276
"106",6,2,8.86383826252206
"107",7,2,8.9261915537404
"108",8,2,9.12986546246909
"109",9,2,9.00737070345912
"110",10,2,9.1203563969448
"111",11,2,8.93776879841055
"112",12,2,9.38340840348326
"113",13,2,9.74564603196396
"114",14,2,9.14553408118498
"115",15,2,9.76441691525251
"116",16,2,9.57792778279498
"117",17,2,9.57517339161169
"118",18,2,9.37608858447902
"119",19,2,9.19317722390073
"120",20,2,9.57511901146211
"121",21,2,9.36464479867467
"122",22,2,9.33500825449341
"123",23,2,9.40016399291103
"124",24,2,9.31321580542753
"125",25,2,9.63007764493768
"126",26,2,9.54307985341398
"127",27,2,9.40312252971171
"128",28,2,9.27864102702162
"129",29,2,9.08903205996685
"130",30,2,9.18665084377253
"131",31,2,9.465681848766
"132",32,2,9.15048128921791
"133",33,2,9.45676447300181
"134",34,2,9.31837043731705
"135",35,2,9.90156337534759
"136",36,2,9.46960873589609
"137",37,2,9.54403367838709
"138",38,2,9.56251868647064
"139",39,2,9.42135805059738
"140",40,2,9.44686602237594
"141",41,2,9.17834079461662
"142",42,2,9.1609624058845
"143",43,2,9.04851849777221
"144",44,2,9.22853287982471
"145",45,2,8.87680474603616
"146",46,2,8.85176070052877
"147",47,2,9.20741908274582
"148",48,2,9.28668743605153
"149",49,2,9.32569149733629
"150",50,2,9.5281740601907
"151",51,2,15.3271400837695
"152",52,2,16.0711492924135
"153",53,2,15.7048805421448
"154",54,2,15.5670803926216
"155",55,2,16.0809174300638
"156",56,2,15.8442143053369
"157",57,2,16.2985751950188
"158",58,2,15.8664396417329
"159",59,2,16.0296661931105
"160",60,2,15.901846117343
"161",61,2,16.4556277379649
"162",62,2,16.0639843646264
"163",63,2,15.7948703612664
"164",64,2,16.1573964753811
"165",65,2,16.2103525234008
"166",66,2,16.3200235394968
"167",67,2,15.8591387560863
"168",68,2,16.4679857183412
"169",69,2,16.4013451673451
"170",70,2,16.0046504278581
"171",71,2,15.9898187842867
"172",72,2,16.3572454425989
"173",73,2,16.4388506436267
"174",74,2,16.128404197872
"175",75,2,15.6112542838002
"176",76,2,16.5153926799118
"177",77,2,15.3943353053229
"178",78,2,15.7078683172389
"179",79,2,15.9145329776234
"180",80,2,16.9826793676159
"181",81,2,15.5100447191732
"182",82,2,15.605709359547
"183",83,2,16.5910389590443
"184",84,2,16.129837716561
"185",85,2,16.2167387616797
"186",86,2,16.1930449963471
"187",87,2,16.728401944402
"188",88,2,16.2574220841552
"189",89,2,15.9182576272433
"190",90,2,16.9503490518487
"191",91,2,15.8836695545634
"192",92,2,15.6850258883606
"193",93,2,15.6550117969521
"194",94,2,16.8644717176289
"195",95,2,15.7356355828383
"196",96,2,16.6343927368548
"197",97,2,15.6976076594368
"198",98,2,15.3896073476749
"199",99,2,16.1836051186822
"200",100,2,15.6599285558591
"201",1,3,8.7277344565336
"202",2,3,8.4253827200388
"203",3,3,0
"204",4,3,8.34725388352446
"205",5,3,8.79411643972693
"206",6,3,8.77707110286673
"207",7,3,8.97163196040131
"208",8,3,9.15789979873423
"209",9,3,9.38814194194411
"210",10,3,9.54578522939659
"211",11,3,9.3691484279
"212",12,3,9.50844935574351
"213",13,3,9.60459815337419
"214",14,3,9.43254006786034
"215",15,3,9.59161641995949
"216",16,3,9.28089874984894
"217",17,3,9.64192240332482
"218",18,3,9.07656956230634
"219",19,3,9.54048711961661
"220",20,3,9.64299913412735
"221",21,3,9.59156203471536
"222",22,3,9.37807923096097
"223",23,3,9.67099229914625
"224",24,3,9.55402181411058
"225",25,3,9.89863939312297
"226",26,3,9.58485445467297
"227",27,3,9.36937995026777
"228",28,3,9.45335970748561
"229",29,3,8.71536546659745
"230",30,3,9.08786319793886
"231",31,3,9.40714343618115
"232",32,3,9.40324370260451
"233",33,3,9.31416081720577
"234",34,3,9.09018097707877
"235",35,3,9.76685656782656
"236",36,3,9.14202308135668
"237",37,3,9.20716122614585
"238",38,3,9.42679664126513
"239",39,3,9.57721627021128
"240",40,3,9.41578458744135
"241",41,3,9.21801115480917
"242",42,3,9.18958788136324
"243",43,3,9.22246201918931
"244",44,3,9.31276669627247
"245",45,3,8.83388285274687
"246",46,3,8.90911366870493
"247",47,3,8.9434318314739
"248",48,3,9.33780981461039
"249",49,3,9.36675517860248
"250",50,3,9.54294689952606
"251",51,3,15.4455069762475
"252",52,3,16.3501796893341
"253",53,3,16.0521913644163
"254",54,3,15.8241656181493
"255",55,3,16.3216262521139
"256",56,3,16.0792172099958
"257",57,3,16.5847961209141
"258",58,3,16.0980272971086
"259",59,3,16.1785684947435
"260",60,3,16.0074627590662
"261",61,3,16.5353199290655
"262",62,3,16.3229548962726
"263",63,3,16.1112417815815
"264",64,3,16.2249928510374
"265",65,3,16.2860395829358
"266",66,3,16.4142835795154
"267",67,3,15.9167536055295
"268",68,3,16.5329762147359
"269",69,3,16.5366778896263
"270",70,3,16.1196752617871
"271",71,3,16.2385975435779
"272",72,3,16.5080803335837
"273",73,3,16.6958613802177
"274",74,3,16.4650748158372
"275",75,3,15.8388041330351
"276",76,3,16.7140759386061
"277",77,3,15.6498362322795
"278",78,3,15.9733347265059
"279",79,3,16.1499777579594
"280",80,3,17.0625536693823
"281",81,3,15.7641565591713
"282",82,3,15.7933765977012
"283",83,3,16.6421515674592
"284",84,3,16.2761242921892
"285",85,3,16.4413263281854
"286",86,3,16.2603532384096
"287",87,3,16.8037998390703
"288",88,3,16.4323218150786
"289",89,3,16.1468559649908
"290",90,3,17.1384799475369
"291",91,3,16.0738521426315
"292",92,3,15.8544892648399
"293",93,3,15.6863463257874
"294",94,3,17.0893570503805
"295",95,3,15.9909183912289
"296",96,3,16.7866923210628
"297",97,3,15.9137096489113
"298",98,3,15.5589997643992
"299",99,3,16.2835834885752
"300",100,3,15.7456084046972
"301",1,4,8.78361512649517
"302",2,4,8.58213356303437
"303",3,4,8.34725388352446
"304",4,4,0
"305",5,4,8.51102800071911
"306",6,4,8.49730767211365
"307",7,4,9.17765149529555
"308",8,4,9.00513181732398
"309",9,4,9.23892431088612
"310",10,4,9.03046913807568
"311",11,4,9.15161169643909
"312",12,4,9.60038841680284
"313",13,4,9.46712864869223
"314",14,4,9.08053906978736
"315",15,4,9.11650242864118
"316",16,4,9.1452137618145
"317",17,4,9.23044232831104
"318",18,4,9.16637187102988
"319",19,4,9.59382730008729
"320",20,4,9.36968475206835
"321",21,4,9.1971567426551
"322",22,4,9.32434442497145
"323",23,4,9.49467634173321
"324",24,4,9.56643761342628
"325",25,4,10.040810425361
"326",26,4,9.62534909253116
"327",27,4,9.14422614572642
"328",28,4,9.32712383625768
"329",29,4,8.88422898410372
"330",30,4,8.71611364191809
"331",31,4,9.43965457748145
"332",32,4,9.20011041357473
"333",33,4,9.19743578730946
"334",34,4,9.18748453811856
"335",35,4,9.67545081207307
"336",36,4,9.22260241817225
"337",37,4,9.2375921734617
"338",38,4,9.34367588176596
"339",39,4,9.34316711388348
"340",40,4,9.37771008894277
"341",41,4,9.10613751997809
"342",42,4,9.35401661932602
"343",43,4,9.33898628985149
"344",44,4,9.09071932595629
"345",45,4,8.86021497390409
"346",46,4,9.3555088218278
"347",47,4,9.69126206679648
"348",48,4,9.3218487702225
"349",49,4,9.18150876523138
"350",50,4,9.48922015338241
"351",51,4,15.4501097132187
"352",52,4,16.164422387218
"353",53,4,15.9640042336344
"354",54,4,15.6337079257072
"355",55,4,16.23721573816
"356",56,4,15.7967158168375
"357",57,4,16.4682914105252
"358",58,4,15.9430505357589
"359",59,4,16.0339292553863
"360",60,4,15.9203330883825
"361",61,4,16.4446776363935
"362",62,4,16.3503671510293
"363",63,4,16.0233711423992
"364",64,4,16.1814515517298
"365",65,4,16.3348676474108
"366",66,4,16.4301425115006
"367",67,4,15.8971669539448
"368",68,4,16.4702097139299
"369",69,4,16.4177944900845
"370",70,4,16.0995289510917
"371",71,4,16.0939023007313
"372",72,4,16.4336132256379
"373",73,4,16.5106604321971
"374",74,4,16.3727731076062
"375",75,4,15.5966795734918
"376",76,4,16.5249413370376
"377",77,4,15.6985598165786
"378",78,4,15.943177023297
"379",79,4,16.0352660831798
"380",80,4,17.0067333348607
"381",81,4,15.7964670983577
"382",82,4,15.7878829267374
"383",83,4,16.6480932571645
"384",84,4,16.210794904097
"385",85,4,16.2704055412782
"386",86,4,16.163903585796
"387",87,4,16.8551172786084
"388",88,4,16.2667043109525
"389",89,4,16.1559812602454
"390",90,4,17.0101730274846
"391",91,4,16.0242207708934
"392",92,4,15.671186688164
"393",93,4,15.6314780476288
"394",94,4,16.9615339943849
"395",95,4,15.8556935497584
"396",96,4,16.6347740783405
"397",97,4,15.7815889845155
"398",98,4,15.5035179897686
"399",99,4,16.2820039231659
"400",100,4,15.7413169505423
"401",1,5,9.23358037516467
"402",2,5,8.94165914881276
"403",3,5,8.79411643972693
"404",4,5,8.51102800071911
"405",5,5,0
"406",6,5,8.40595013733336
"407",7,5,8.80578444756343
"408",8,5,8.80783751653437
"409",9,5,9.39470148761076
"410",10,5,9.3326198564352
"411",11,5,9.24826761143126
"412",12,5,9.59470640724201
"413",13,5,9.65471492736053
"414",14,5,9.68165779583373
"415",15,5,9.71711934448096
"416",16,5,9.25080376744619
"417",17,5,9.47968101212715
"418",18,5,9.42826691406048
"419",19,5,9.46301652373874
"420",20,5,9.49550171853062
"421",21,5,9.44935312215026
"422",22,5,9.55849843788151
"423",23,5,9.38685685423232
"424",24,5,9.22370746481632
"425",25,5,9.53818031551103
"426",26,5,9.49186989858739
"427",27,5,9.72993580727023
"428",28,5,9.71948737564488
"429",29,5,9.16843651771501
"430",30,5,9.20813665367017
"431",31,5,9.63660657825231
"432",32,5,9.43977942309417
"433",33,5,9.38294945641168
"434",34,5,9.16186815621226
"435",35,5,9.57107488998776
"436",36,5,9.53085235356532
"437",37,5,9.65072507613879
"438",38,5,9.52407260033101
"439",39,5,9.33470185914918
"440",40,5,9.64420151937741
"441",41,5,9.33218734207517
"442",42,5,9.3681316005873
"443",43,5,9.48100476686638
"444",44,5,9.07734173542784
"445",45,5,9.01523687581053
"446",46,5,8.80781159169511
"447",47,5,9.39953426401949
"448",48,5,9.60743983085975
"449",49,5,9.3524401935465
"450",50,5,9.54397475228406
"451",51,5,15.5336197968211
"452",52,5,16.2069532385508
"453",53,5,15.9328528557776
"454",54,5,15.7335225945913
"455",55,5,16.3126577971361
"456",56,5,16.0481622109607
"457",57,5,16.6112598777615
"458",58,5,16.078445699743
"459",59,5,16.0370526837207
"460",60,5,16.0865754248277
"461",61,5,16.7220540591882
"462",62,5,16.3027828191559
"463",63,5,16.0386685490694
"464",64,5,16.1340557047022
"465",65,5,16.5123968212195
"466",66,5,16.6704379391562
"467",67,5,16.0562731389938
"468",68,5,16.5750548047222
"469",69,5,16.6312070674618
"470",70,5,16.2458954586292
"471",71,5,16.2866234294696
"472",72,5,16.5701472507965
"473",73,5,16.6355179882879
"474",74,5,16.3354662336745
"475",75,5,15.9064559607008
"476",76,5,16.7364937071628
"477",77,5,15.7070023592885
"478",78,5,16.0562315594227
"479",79,5,16.046267835234
"480",80,5,17.1307775112062
"481",81,5,15.9051204465286
"482",82,5,15.8468894509455
"483",83,5,16.8319381534301
"484",84,5,16.2917322405009
"485",85,5,16.2870085856149
"486",86,5,16.2777369345345
"487",87,5,16.7989847881912
"488",88,5,16.3633396441351
"489",89,5,16.2334778535727
"490",90,5,17.1891715940392
"491",91,5,16.1380670463035
"492",92,5,15.9456193078725
"493",93,5,15.8756875006728
"494",94,5,17.177478213999
"495",95,5,16.0012065168232
"496",96,5,16.7244102644861
"497",97,5,16.0177552200181
"498",98,5,15.7152691675126
"499",99,5,16.418762559794
"500",100,5,15.8717122253223
"501",1,6,9.02807192603859
"502",2,6,8.86383826252206
"503",3,6,8.77707110286673
"504",4,6,8.49730767211365
"505",5,6,8.40595013733336
"506",6,6,0
"507",7,6,8.32158135964061
"508",8,6,8.71453408764932
"509",9,6,9.06754815277439
"510",10,6,9.14335114046129
"511",11,6,9.15324439081204
"512",12,6,9.75502307036175
"513",13,6,9.76828662655964
"514",14,6,9.62149752258759
"515",15,6,10.0490495421876
"516",16,6,9.35856319499405
"517",17,6,9.37205726207949
"518",18,6,9.54121689635558
"519",19,6,9.2524529455205
"520",20,6,9.39887898658123
"521",21,6,9.26813567324111
"522",22,6,9.43347567798141
"523",23,6,9.41401490655856
"524",24,6,9.14360183417169
"525",25,6,9.6864924518134
"526",26,6,9.54436281272449
"527",27,6,9.66290605539664
"528",28,6,9.6940763133653
"529",29,6,9.12057572766923
"530",30,6,9.05774181534565
"531",31,6,9.28765937143508
"532",32,6,9.38912684308103
"533",33,6,9.18659574726356
"534",34,6,9.05596845014035
"535",35,6,9.36681593984185
"536",36,6,9.19494883183008
"537",37,6,9.4090321397337
"538",38,6,9.54211296616213
"539",39,6,9.68986147403967
"540",40,6,9.47371709424901
"541",41,6,9.58699689349408
"542",42,6,9.20160919789886
"543",43,6,9.42513377373758
"544",44,6,8.68117604399707
"545",45,6,8.68880610366522
"546",46,6,9.13770461073812
"547",47,6,8.88757725011216
"548",48,6,9.31877841329747
"549",49,6,9.31821190717948
"550",50,6,9.38278191420761
"551",51,6,15.3122161786974
"552",52,6,15.955952102489
"553",53,6,15.6458233098349
"554",54,6,15.4410425066103
"555",55,6,16.132579936317
"556",56,6,15.6642677059065
"557",57,6,16.2824626945092
"558",58,6,15.7582433283833
"559",59,6,15.8498281728782
"560",60,6,15.6940098326202
"561",61,6,16.1637735391477
"562",62,6,16.0537606334474
"563",63,6,15.7616954395206
"564",64,6,15.9799070676919
"565",65,6,16.1683463981062
"566",66,6,16.1659572645283
"567",67,6,15.7238057206459
"568",68,6,16.2855182120012
"569",69,6,16.2348471320976
"570",70,6,15.8870383533902
"571",71,6,15.9211057089856
"572",72,6,16.3286138889051
"573",73,6,16.3925351282044
"574",74,6,16.0502640389285
"575",75,6,15.51233062247
"576",76,6,16.4498517662134
"577",77,6,15.3586227063673
"578",78,6,15.6578868815943
"579",79,6,15.6945460294592
"580",80,6,16.7025703971609
"581",81,6,15.3829588972739
"582",82,6,15.2255651209055
"583",83,6,16.4845782045952
"584",84,6,15.8839140037682
"585",85,6,15.9078297062638
"586",86,6,15.8668059019526
"587",87,6,16.4494828544873
"588",88,6,16.0365512512448
"589",89,6,15.5728905072197
"590",90,6,16.7511501405916
"591",91,6,15.770397634367
"592",92,6,15.5326515410266
"593",93,6,15.443885739212
"594",94,6,16.9218114087751
"595",95,6,15.8261077036326
"596",96,6,16.4670017436303
"597",97,6,15.5675576307362
"598",98,6,15.3742423563298
"599",99,6,15.9696647213694
"600",100,6,15.5579591546676
"601",1,7,9.09562173627408
"602",2,7,8.9261915537404
"603",3,7,8.97163196040131
"604",4,7,9.17765149529555
"605",5,7,8.80578444756343
"606",6,7,8.32158135964061
"607",7,7,0
"608",8,7,8.36795402914894
"609",9,7,8.9504340705589
"610",10,7,9.01429359528317
"611",11,7,8.97835399906982
"612",12,7,9.58484213743571
"613",13,7,9.86947477999116
"614",14,7,9.38212300337484
"615",15,7,9.81208568189086
"616",16,7,9.25036025498714
"617",17,7,9.32746172411684
"618",18,7,9.18926237535199
"619",19,7,8.93052793023295
"620",20,7,9.30823494124586
"621",21,7,9.12945576107301
"622",22,7,9.31701911861632
"623",23,7,9.112556731818
"624",24,7,9.37136546139496
"625",25,7,9.62829796786118
"626",26,7,9.36556701566876
"627",27,7,9.59471343692878
"628",28,7,9.48159997559953
"629",29,7,9.16688095470381
"630",30,7,9.05892627256161
"631",31,7,9.30609959543204
"632",32,7,8.95855589377033
"633",33,7,9.06214166217953
"634",34,7,9.17861796862227
"635",35,7,9.54135465242691
"636",36,7,9.16011183168983
"637",37,7,9.10010577297416
"638",38,7,9.11466022078635
"639",39,7,9.6515296748376
"640",40,7,9.38343099463982
"641",41,7,9.43810626862789
"642",42,7,9.19422147116998
"643",43,7,9.20561894400049
"644",44,7,8.98773260135445
"645",45,7,8.68997067733934
"646",46,7,8.88975729537641
"647",47,7,9.01745420913798
"648",48,7,9.57580329014202
"649",49,7,9.39637182913642
"650",50,7,9.19088017073227
"651",51,7,14.8708418223463
"652",52,7,15.559711789621
"653",53,7,15.2933950511527
"654",54,7,15.1752710702597
"655",55,7,15.6766447271181
"656",56,7,15.5431799890305
"657",57,7,15.9807793643521
"658",58,7,15.3460205057021
"659",59,7,15.3754986415663
"660",60,7,15.5084011111808
"661",61,7,16.0411721867652
"662",62,7,15.6733831218454
"663",63,7,15.526539501226
"664",64,7,15.6214566155362
"665",65,7,15.7973168028447
"666",66,7,15.9425834151357
"667",67,7,15.5020037476929
"668",68,7,16.0444972071505
"669",69,7,15.98637318408
"670",70,7,15.6811436205162
"671",71,7,15.7043274593107
"672",72,7,16.0275153480741
"673",73,7,16.0325502304954
"674",74,7,15.9419113146163
"675",75,7,15.2159493811042
"676",76,7,16.2328511141804
"677",77,7,15.0403161114818
"678",78,7,15.4958871712615
"679",79,7,15.5218441056555
"680",80,7,16.6995324526493
"681",81,7,15.2974349119056
"682",82,7,15.1274177360244
"683",83,7,16.1997894898951
"684",84,7,15.7922585020362
"685",85,7,15.769072336423
"686",86,7,15.6007759883028
"687",87,7,16.2641045086149
"688",88,7,15.784144399212
"689",89,7,15.5696876801787
"690",90,7,16.6506743877658
"691",91,7,15.4399835156141
"692",92,7,15.2741993024054
"693",93,7,15.1485393200134
"694",94,7,16.6076983064114
"695",95,7,15.454297131725
"696",96,7,16.1367651533833
"697",97,7,15.3296433543273
"698",98,7,14.8814581715741
"699",99,7,15.8630466245063
"700",100,7,15.3527832312153
"701",1,8,8.88979550398482
"702",2,8,9.12986546246909
"703",3,8,9.15789979873423
"704",4,8,9.00513181732398
"705",5,8,8.80783751653437
"706",6,8,8.71453408764932
"707",7,8,8.36795402914894
"708",8,8,0
"709",9,8,8.88292976814256
"710",10,8,9.00847468229477
"711",11,8,8.9635198871514
"712",12,8,9.58435879748126
"713",13,8,9.34142391401411
"714",14,8,9.80309505481013
"715",15,8,9.65585028540119
"716",16,8,9.44541623866283
"717",17,8,9.44203459910168
"718",18,8,9.47029689651521
"719",19,8,9.16919893428461
"720",20,8,9.45124261096527
"721",21,8,9.69287434892857
"722",22,8,9.6593044496298
"723",23,8,9.37573965253592
"724",24,8,9.63981394243808
"725",25,8,9.64360806787515
"726",26,8,9.29774653369026
"727",27,8,9.72839520476328
"728",28,8,9.5611774286611
"729",29,8,9.1464233767931
"730",30,8,9.09577919116901
"731",31,8,9.22244780545694
"732",32,8,9.49884975689115
"733",33,8,9.43208677510516
"734",34,8,9.24884005969921
"735",35,8,9.61897011378457
"736",36,8,9.01003265502981
"737",37,8,9.47061832439048
"738",38,8,9.20485946096255
"739",39,8,9.29434945625424
"740",40,8,9.34220375849947
"741",41,8,9.6203826803301
"742",42,8,9.20610615417274
"743",43,8,9.39120884028106
"744",44,8,8.97136682765917
"745",45,8,8.84506402666076
"746",46,8,9.24900497265879
"747",47,8,9.5338134802837
"748",48,8,9.73107591002501
"749",49,8,9.29435753166053
"750",50,8,9.36214830357882
"751",51,8,15.2432493372111
"752",52,8,15.9015545766938
"753",53,8,15.6260259361448
"754",54,8,15.474819376752
"755",55,8,16.0131006825825
"756",56,8,15.8180193912172
"757",57,8,16.3278817067638
"758",58,8,15.9028505910764
"759",59,8,15.8955058966449
"760",60,8,15.8676474231871
"761",61,8,16.2365216082497
"762",62,8,16.0911467404399
"763",63,8,15.8001177563474
"764",64,8,16.0405748964703
"765",65,8,16.2342579131236
"766",66,8,16.2349437079153
"767",67,8,15.8565890210907
"768",68,8,16.3379598794714
"769",69,8,16.3781050007933
"770",70,8,15.9680749207585
"771",71,8,16.0813144362473
"772",72,8,16.2977602419532
"773",73,8,16.3708410137619
"774",74,8,16.2314703366006
"775",75,8,15.561645117009
"776",76,8,16.6020145636824
"777",77,8,15.4199810582787
"778",78,8,15.9013077409935
"779",79,8,15.9732623652743
"780",80,8,16.7857171047861
"781",81,8,15.7179485117805
"782",82,8,15.5239342235338
"783",83,8,16.49997714
"784",84,8,15.9091664483637
"785",85,8,15.981049531798
"786",86,8,15.9744454126943
"787",87,8,16.5383724418876
"788",88,8,16.293830183883
"789",89,8,15.854093381385
"790",90,8,16.8635547584653
"791",91,8,15.9294763517501
"792",92,8,15.5712960738846
"793",93,8,15.4803392680826
"794",94,8,16.9942691433022
"795",95,8,15.732431317447
"796",96,8,16.5402867536552
"797",97,8,15.6086082845748
"798",98,8,15.188952004566
"799",99,8,16.1435074050572
"800",100,8,15.587212485826
"801",1,9,9.02972215742519
"802",2,9,9.00737070345912
"803",3,9,9.38814194194411
"804",4,9,9.23892431088612
"805",5,9,9.39470148761076
"806",6,9,9.06754815277439
"807",7,9,8.9504340705589
"808",8,9,8.88292976814256
"809",9,9,0
"810",10,9,8.98658133575346
"811",11,9,9.46444758491593
"812",12,9,9.96151841988502
"813",13,9,10.0135918089228
"814",14,9,10.0909479017728
"815",15,9,9.84447330908709
"816",16,9,9.28261768020483
"817",17,9,9.21045626072871
"818",18,9,9.28781576885039
"819",19,9,9.44669806578914
"820",20,9,9.73803395128437
"821",21,9,9.64516214129046
"822",22,9,9.35443251859276
"823",23,9,9.01421267878529
"824",24,9,9.77717207005585
"825",25,9,10.1883347028568
"826",26,9,10.0543591245012
"827",27,9,9.90725235183572
"828",28,9,9.56998049535869
"829",29,9,9.60060919666243
"830",30,9,9.64794264960782
"831",31,9,9.26561120901271
"832",32,9,9.43797368657975
"833",33,9,9.5327370964709
"834",34,9,9.65654665657224
"835",35,9,10.0040531414287
"836",36,9,9.64966085371387
"837",37,9,9.45188496746142
"838",38,9,9.41233040286122
"839",39,9,10.0429870506191
"840",40,9,9.64686997689321
"841",41,9,9.84618204066309
"842",42,9,9.84556032055881
"843",43,9,9.68137318519551
"844",44,9,9.45381876244746
"845",45,9,9.08138949949692
"846",46,9,9.11344315739992
"847",47,9,9.52393087722317
"848",48,9,9.36139650927361
"849",49,9,9.47843114084664
"850",50,9,9.69695707084879
"851",51,9,15.5155426739361
"852",52,9,16.1425172503194
"853",53,9,15.7363824977214
"854",54,9,15.4673568689693
"855",55,9,15.9829505297519
"856",56,9,15.7599899443386
"857",57,9,16.4011604790681
"858",58,9,15.9351538813827
"859",59,9,16.1860386246589
"860",60,9,15.8128764084942
"861",61,9,16.3060857057796
"862",62,9,16.1348289294473
"863",63,9,16.0023733553842
"864",64,9,16.2314640895368
"865",65,9,16.5441421501425
"866",66,9,16.2656858646683
"867",67,9,15.8585744532642
"868",68,9,16.4092508711361
"869",69,9,16.4639991484756
"870",70,9,16.073236838079
"871",71,9,16.1375686637269
"872",72,9,16.278125844685
"873",73,9,16.4973387180723
"874",74,9,16.2306841264231
"875",75,9,15.636380847596
"876",76,9,16.7245850015122
"877",77,9,15.6134750837616
"878",78,9,16.0464392580038
"879",79,9,16.1012397729732
"880",80,9,16.8736405813668
"881",81,9,15.715217312455
"882",82,9,15.5407642263234
"883",83,9,16.5762343444743
"884",84,9,16.0944863645858
"885",85,9,16.2026683806348
"886",86,9,16.2019270729932
"887",87,9,16.7604287899436
"888",88,9,16.4707107888984
"889",89,9,16.021427613568
"890",90,9,17.0085390127992
"891",91,9,16.0524516069431
"892",92,9,15.6210625430239
"893",93,9,15.5690489245263
"894",94,9,17.1094069926864
"895",95,9,15.8877095949344
"896",96,9,16.7859590238326
"897",97,9,15.6915897910044
"898",98,9,15.487876921487
"899",99,9,16.2143784208785
"900",100,9,15.7231807938508
"901",1,10,8.88254327791009
"902",2,10,9.1203563969448
"903",3,10,9.54578522939659
"904",4,10,9.03046913807568
"905",5,10,9.3326198564352
"906",6,10,9.14335114046129
"907",7,10,9.01429359528317
"908",8,10,9.00847468229477
"909",9,10,8.98658133575346
"910",10,10,0
"911",11,10,9.09958621912334
"912",12,10,9.68145858864442
"913",13,10,9.58734353747164
"914",14,10,9.53178399324083
"915",15,10,9.57693024368879
"916",16,10,9.49706700954652
"917",17,10,9.49431115124061
"918",18,10,9.3852275401935
"919",19,10,9.67424672180725
"920",20,10,9.48209508398498
"921",21,10,9.7204983164232
"922",22,10,9.57530248910152
"923",23,10,9.42229679423716
"924",24,10,9.56365723268671
"925",25,10,9.80623500728876
"926",26,10,9.92431227893154
"927",27,10,9.69120958646442
"928",28,10,9.58016086565481
"929",29,10,9.15359241776322
"930",30,10,8.97890261036456
"931",31,10,9.41145406128402
"932",32,10,9.67386295671474
"933",33,10,9.82359608979416
"934",34,10,9.30027505380276
"935",35,10,10.0653167595047
"936",36,10,9.61123877189581
"937",37,10,9.67341033815263
"938",38,10,9.58753858122582
"939",39,10,9.87074257914279
"940",40,10,9.43404261314603
"941",41,10,9.36003360402549
"942",42,10,9.71675920142313
"943",43,10,9.50393696988932
"944",44,10,9.34590156318149
"945",45,10,9.02173902753931
"946",46,10,9.44340400198361
"947",47,10,9.98435003207717
"948",48,10,9.63355565051435
"949",49,10,9.49770276423572
"950",50,10,9.37056234695199
"951",51,10,15.7038507003353
"952",52,10,16.4472161340177
"953",53,10,16.0246106446882
"954",54,10,15.7769815297168
"955",55,10,16.2766859637532
"956",56,10,16.0421026405058
"957",57,10,16.6448949612932
"958",58,10,16.0526236589284
"959",59,10,16.2500701272027
"960",60,10,16.0800706886543
"961",61,10,16.5078762472132
"962",62,10,16.3256452698599
"963",63,10,16.1179526897646
"964",64,10,16.2396702234165
"965",65,10,16.3619526895427
"966",66,10,16.6453778265372
"967",67,10,16.1280289173367
"968",68,10,16.7422190529469
"969",69,10,16.5228885979984
"970",70,10,16.3390512221281
"971",71,10,16.4173486087906
"972",72,10,16.5488005101341
"973",73,10,16.6182992730036
"974",74,10,16.462145962936
"975",75,10,15.8631074762498
"976",76,10,16.7722509259284
"977",77,10,15.8314022665913
"978",78,10,16.0710245864868
"979",79,10,16.253637223085
"980",80,10,17.1152810146262
"981",81,10,15.9988921206103
"982",82,10,15.7401191038807
"983",83,10,16.8373312900631
"984",84,10,16.3807830157044
"985",85,10,16.5638753141159
"986",86,10,16.5130997503785
"987",87,10,16.9084500140507
"988",88,10,16.6026588706921
"989",89,10,16.1359712943755
"990",90,10,17.0953415175199
"991",91,10,16.0446712290959
"992",92,10,15.9304783013311
"993",93,10,15.8346685173941
"994",94,10,17.2128497397663
"995",95,10,16.1162630262935
"996",96,10,16.7873931048286
"997",97,10,15.9917539734464
"998",98,10,15.5355200067107
"999",99,10,16.3440263786739
"1000",100,10,15.8962789126563
"1001",1,11,9.26806142333018
"1002",2,11,8.93776879841055
"1003",3,11,9.3691484279
"1004",4,11,9.15161169643909
"1005",5,11,9.24826761143126
"1006",6,11,9.15324439081204
"1007",7,11,8.97835399906982
"1008",8,11,8.9635198871514
"1009",9,11,9.46444758491593
"1010",10,11,9.09958621912334
"1011",11,11,0
"1012",12,11,8.63058682291347
"1013",13,11,9.74069782979924
"1014",14,11,9.83007421278871
"1015",15,11,9.855309353127
"1016",16,11,9.78109136836075
"1017",17,11,10.1097989148936
"1018",18,11,9.96705428503433
"1019",19,11,9.4911596628903
"1020",20,11,9.87085637974694
"1021",21,11,9.64281259138802
"1022",22,11,9.73181985881005
"1023",23,11,9.55816726850534
"1024",24,11,9.61682166327818
"1025",25,11,9.65392191250085
"1026",26,11,9.69404875095815
"1027",27,11,9.4211252397383
"1028",28,11,9.88918301353422
"1029",29,11,9.57387907792478
"1030",30,11,9.68940624800775
"1031",31,11,9.73916190423964
"1032",32,11,9.73377343622316
"1033",33,11,9.39268674183507
"1034",34,11,9.36205052828696
"1035",35,11,9.62119809378336
"1036",36,11,9.72836158867425
"1037",37,11,9.90871512113963
"1038",38,11,9.92381553897966
"1039",39,11,9.45779137400654
"1040",40,11,9.3210589473804
"1041",41,11,9.4748367366388
"1042",42,11,9.56745712049875
"1043",43,11,9.49265509891457
"1044",44,11,9.39741661979979
"1045",45,11,9.12037010930651
"1046",46,11,9.39652935999513
"1047",47,11,9.35220745991029
"1048",48,11,10.0047476440904
"1049",49,11,9.51536353614429
"1050",50,11,9.62345239878081
"1051",51,11,15.5964315549386
"1052",52,11,16.2378368417341
"1053",53,11,15.993681973191
"1054",54,11,15.7749884682799
"1055",55,11,16.3590739020334
"1056",56,11,16.1224733108112
"1057",57,11,16.5352857493943
"1058",58,11,16.0781626267737
"1059",59,11,16.1921739305498
"1060",60,11,16.2268555341765
"1061",61,11,16.5725841705706
"1062",62,11,16.4324799842876
"1063",63,11,16.1068142648732
"1064",64,11,16.2596057014207
"1065",65,11,16.4488218744736
"1066",66,11,16.5383970581687
"1067",67,11,16.1185866689946
"1068",68,11,16.5330507594335
"1069",69,11,16.6745024149759
"1070",70,11,16.188091163655
"1071",71,11,16.2974622568923
"1072",72,11,16.3619896339174
"1073",73,11,16.6181667691721
"1074",74,11,16.4015635446577
"1075",75,11,15.7828329190216
"1076",76,11,16.7706074151043
"1077",77,11,15.6217421825608
"1078",78,11,16.1591018231961
"1079",79,11,16.166167151882
"1080",80,11,16.9978467731071
"1081",81,11,15.9324188434862
"1082",82,11,15.810307966409
"1083",83,11,16.7049877069071
"1084",84,11,16.3887337095422
"1085",85,11,16.4169525864482
"1086",86,11,16.3379164648429
"1087",87,11,16.6612721680662
"1088",88,11,16.2819820188316
"1089",89,11,16.1160286514417
"1090",90,11,17.1322289861103
"1091",91,11,16.1473969097689
"1092",92,11,15.8678344615861
"1093",93,11,15.7601461499
"1094",94,11,17.0636675282068
"1095",95,11,16.0329753701608
"1096",96,11,16.8072962128858
"1097",97,11,16.0507141877088
"1098",98,11,15.5693505957289
"1099",99,11,16.3192263937107
"1100",100,11,15.8322581484382
"1101",1,12,9.75437400966352
"1102",2,12,9.38340840348326
"1103",3,12,9.50844935574351
"1104",4,12,9.60038841680284
"1105",5,12,9.59470640724201
"1106",6,12,9.75502307036175
"1107",7,12,9.58484213743571
"1108",8,12,9.58435879748126
"1109",9,12,9.96151841988502
"1110",10,12,9.68145858864442
"1111",11,12,8.63058682291347
"1112",12,12,0
"1113",13,12,9.21939773193897
"1114",14,12,9.75412143441108
"1115",15,12,9.95501415752973
"1116",16,12,9.97543349549092
"1117",17,12,9.93066386828426
"1118",18,12,10.0693058750825
"1119",19,12,9.71509063895601
"1120",20,12,9.85972290455142
"1121",21,12,10.0729882683284
"1122",22,12,9.84030251943771
"1123",23,12,9.97495954120702
"1124",24,12,9.59374985519481
"1125",25,12,9.84607509020512
"1126",26,12,9.68730260006584
"1127",27,12,9.52875290216423
"1128",28,12,9.6911187605915
"1129",29,12,9.60865455037704
"1130",30,12,9.86568556548651
"1131",31,12,10.0434847561474
"1132",32,12,9.8453840663597
"1133",33,12,9.69169620514365
"1134",34,12,9.65296016577143
"1135",35,12,9.8388739893909
"1136",36,12,10.1423419025309
"1137",37,12,10.2109193898817
"1138",38,12,10.2980937493054
"1139",39,12,9.63925156377027
"1140",40,12,9.93956460004818
"1141",41,12,9.67169754231491
"1142",42,12,9.68671524999773
"1143",43,12,9.70933815219839
"1144",44,12,9.66117462608049
"1145",45,12,9.61725558487517
"1146",46,12,9.46727111727408
"1147",47,12,9.61001626712676
"1148",48,12,10.091200567339
"1149",49,12,9.79092045220767
"1150",50,12,9.85340083947383
"1151",51,12,16.2361299212152
"1152",52,12,16.904823503824
"1153",53,12,16.5311665764549
"1154",54,12,16.4888802149069
"1155",55,12,17.0192493734361
"1156",56,12,16.8208294284822
"1157",57,12,17.1437074292518
"1158",58,12,16.8360742012832
"1159",59,12,16.7658186609704
"1160",60,12,16.836836647908
"1161",61,12,17.3207689763168
"1162",62,12,17.0318402722651
"1163",63,12,16.8075894893049
"1164",64,12,16.917353661074
"1165",65,12,16.9515307453617
"1166",66,12,17.239612612319
"1167",67,12,16.6569251094785
"1168",68,12,17.2748163125683
"1169",69,12,17.295392865627
"1170",70,12,16.870447189743
"1171",71,12,16.8907025553531
"1172",72,12,17.0987617037212
"1173",73,12,17.2979925470476
"1174",74,12,17.1197990250549
"1175",75,12,16.5261210863583
"1176",76,12,17.3711762815543
"1177",77,12,16.2882898713851
"1178",78,12,16.8362356659574
"1179",79,12,16.8418411306589
"1180",80,12,17.783741676938
"1181",81,12,16.4826109519189
"1182",82,12,16.5996302454173
"1183",83,12,17.478969270051
"1184",84,12,16.9957850923127
"1185",85,12,17.0450945097989
"1186",86,12,16.9370132764595
"1187",87,12,17.372784966405
"1188",88,12,16.9803084090805
"1189",89,12,16.6718239834443
"1190",90,12,17.8199288832267
"1191",91,12,16.5754031594013
"1192",92,12,16.3374360058165
"1193",93,12,16.5113456486112
"1194",94,12,17.9249417716866
"1195",95,12,16.7181530916568
"1196",96,12,17.5287301889362
"1197",97,12,16.6392831201194
"1198",98,12,16.2014463954254
"1199",99,12,17.0825485100904
"1200",100,12,16.578886403463
"1201",1,13,9.43857836064538
"1202",2,13,9.74564603196396
"1203",3,13,9.60459815337419
"1204",4,13,9.46712864869223
"1205",5,13,9.65471492736053
"1206",6,13,9.76828662655964
"1207",7,13,9.86947477999116
"1208",8,13,9.34142391401411
"1209",9,13,10.0135918089228
"1210",10,13,9.58734353747164
"1211",11,13,9.74069782979924
"1212",12,13,9.21939773193897
"1213",13,13,0
"1214",14,13,8.830851005365
"1215",15,13,9.35567425393552
"1216",16,13,9.5161100685439
"1217",17,13,9.58322594742397
"1218",18,13,9.627433559616
"1219",19,13,9.74705593102252
"1220",20,13,9.4395561009874
"1221",21,13,9.86948357596695
"1222",22,13,9.48335502401408
"1223",23,13,9.66609951328279
"1224",24,13,9.42254860478825
"1225",25,13,9.65732341764993
"1226",26,13,9.6284613796996
"1227",27,13,9.87338152066472
"1228",28,13,9.61365896275038
"1229",29,13,9.40144360809795
"1230",30,13,9.51944980420791
"1231",31,13,9.70884389081373
"1232",32,13,9.94406364457851
"1233",33,13,9.88355280771022
"1234",34,13,9.7090394442968
"1235",35,13,10.0831919618381
"1236",36,13,10.1987992468328
"1237",37,13,10.1340999392233
"1238",38,13,10.224205747778
"1239",39,13,9.79534337264404
"1240",40,13,9.62706537140381
"1241",41,13,9.38218584439271
"1242",42,13,9.49923057372582
"1243",43,13,9.2518416100148
"1244",44,13,9.57774811959715
"1245",45,13,9.40087731087209
"1246",46,13,9.43547392489902
"1247",47,13,9.82244443369897
"1248",48,13,9.51053609678175
"1249",49,13,9.52495941226218
"1250",50,13,9.86576331633329
"1251",51,13,16.3440605146065
"1252",52,13,17.0061804543049
"1253",53,13,16.7306803473046
"1254",54,13,16.5436298114893
"1255",55,13,17.0199065370453
"1256",56,13,16.9266085579838
"1257",57,13,17.3805077243671
"1258",58,13,16.9072907121054
"1259",59,13,16.9285227649327
"1260",60,13,16.9184473654299
"1261",61,13,17.5116943377897
"1262",62,13,17.1991599143932
"1263",63,13,16.9184119279829
"1264",64,13,17.0156616426307
"1265",65,13,17.0558557919364
"1266",66,13,17.3160583276975
"1267",67,13,16.8000368374471
"1268",68,13,17.3331658971293
"1269",69,13,17.4022604374989
"1270",70,13,17.1646686979274
"1271",71,13,16.9676609248892
"1272",72,13,17.3454967173428
"1273",73,13,17.4764393481621
"1274",74,13,17.2792974928518
"1275",75,13,16.6814367323125
"1276",76,13,17.6032370250544
"1277",77,13,16.5868093511964
"1278",78,13,16.8248692534951
"1279",79,13,16.9762540364818
"1280",80,13,17.8327603423352
"1281",81,13,16.6744814751556
"1282",82,13,16.813329107809
"1283",83,13,17.7439128129461
"1284",84,13,17.214572021295
"1285",85,13,17.2258631236141
"1286",86,13,17.1385349168629
"1287",87,13,17.4754181886484
"1288",88,13,17.0308299515083
"1289",89,13,16.9036318797976
"1290",90,13,17.9243968234604
"1291",91,13,16.9366346036194
"1292",92,13,16.5701271367972
"1293",93,13,16.6115559823869
"1294",94,13,17.8871947995413
"1295",95,13,16.6526672040408
"1296",96,13,17.5181587128097
"1297",97,13,16.771668311706
"1298",98,13,16.3149882385346
"1299",99,13,17.212836088716
"1300",100,13,16.8041034073127
"1301",1,14,9.26032787898678
"1302",2,14,9.14553408118498
"1303",3,14,9.43254006786034
"1304",4,14,9.08053906978736
"1305",5,14,9.68165779583373
"1306",6,14,9.62149752258759
"1307",7,14,9.38212300337484
"1308",8,14,9.80309505481013
"1309",9,14,10.0909479017728
"1310",10,14,9.53178399324083
"1311",11,14,9.83007421278871
"1312",12,14,9.75412143441108
"1313",13,14,8.830851005365
"1314",14,14,0
"1315",15,14,9.24968633434816
"1316",16,14,9.00861459578301
"1317",17,14,9.25472887745421
"1318",18,14,9.59217942733931
"1319",19,14,9.68538615253371
"1320",20,14,9.39370336576551
"1321",21,14,9.59959203468425
"1322",22,14,9.0830606249239
"1323",23,14,9.69278787587797
"1324",24,14,9.82100306944898
"1325",25,14,9.79738801972573
"1326",26,14,9.8496361074413
"1327",27,14,9.50581310230501
"1328",28,14,9.26690597064543
"1329",29,14,9.10796819455229
"1330",30,14,9.31787335415456
"1331",31,14,9.5521937414786
"1332",32,14,9.58740092518877
"1333",33,14,9.85430081947857
"1334",34,14,9.66122320555686
"1335",35,14,10.5785605991685
"1336",36,14,9.78693737203954
"1337",37,14,9.86417597967488
"1338",38,14,10.1061777997687
"1339",39,14,9.83510258890595
"1340",40,14,9.62471189875626
"1341",41,14,9.4693979692853
"1342",42,14,9.61914028448073
"1343",43,14,9.16789765275236
"1344",44,14,9.19879774071617
"1345",45,14,9.09750967634507
"1346",46,14,9.29350505841679
"1347",47,14,9.63075153154853
"1348",48,14,9.60346455389559
"1349",49,14,9.20545940295857
"1350",50,14,9.71682847630478
"1351",51,14,15.7973179473647
"1352",52,14,16.5289231304744
"1353",53,14,16.087483173194
"1354",54,14,15.9934822450033
"1355",55,14,16.436045049778
"1356",56,14,16.3517993826995
"1357",57,14,16.7466215729591
"1358",58,14,16.2462225722117
"1359",59,14,16.3921037067105
"1360",60,14,16.4437541154239
"1361",61,14,16.9638748559738
"1362",62,14,16.5429571167133
"1363",63,14,16.2704998384582
"1364",64,14,16.4661744374763
"1365",65,14,16.365552954361
"1366",66,14,16.8661067992274
"1367",67,14,16.2933028038035
"1368",68,14,16.8319200576027
"1369",69,14,16.828841930763
"1370",70,14,16.5497641537353
"1371",71,14,16.5281157566443
"1372",72,14,16.7880703789527
"1373",73,14,16.8556466383623
"1374",74,14,16.7332357399548
"1375",75,14,16.0764252765466
"1376",76,14,16.921106373529
"1377",77,14,16.1204892818987
"1378",78,14,16.3246470112219
"1379",79,14,16.3885743259329
"1380",80,14,17.3427603838772
"1381",81,14,16.1125323825474
"1382",82,14,16.2234037932403
"1383",83,14,17.1795957751076
"1384",84,14,16.5853458730208
"1385",85,14,16.733053582847
"1386",86,14,16.563947272822
"1387",87,14,16.921190550911
"1388",88,14,16.5925571959761
"1389",89,14,16.3124247109493
"1390",90,14,17.3511087176551
"1391",91,14,16.2976275481013
"1392",92,14,16.054267292997
"1393",93,14,15.9803349679814
"1394",94,14,17.2254589424637
"1395",95,14,16.1132394071847
"1396",96,14,16.9127426791402
"1397",97,14,16.1928823470674
"1398",98,14,15.8080096842783
"1399",99,14,16.5385379162077
"1400",100,14,16.0718329891119
"1401",1,15,9.67140427053752
"1402",2,15,9.76441691525251
"1403",3,15,9.59161641995949
"1404",4,15,9.11650242864118
"1405",5,15,9.71711934448096
"1406",6,15,10.0490495421876
"1407",7,15,9.81208568189086
"1408",8,15,9.65585028540119
"1409",9,15,9.84447330908709
"1410",10,15,9.57693024368879
"1411",11,15,9.855309353127
"1412",12,15,9.95501415752973
"1413",13,15,9.35567425393552
"1414",14,15,9.24968633434816
"1415",15,15,0
"1416",16,15,9.15225198105741
