"","row","col","value"
"1",1,1,0
"2",2,1,8.64578078238538
"3",3,1,8.7277344565336
"4",4,1,8.78361512649517
"5",5,1,9.23358037516467
"6",6,1,9.02807192603859
"7",7,1,9.09562173627408
"8",8,1,8.88979550398482
"9",9,1,9.02972215742519
"10",10,1,8.88254327791009
"11",11,1,9.26806142333018
"12",12,1,9.75437400966352
"13",13,1,9.43857836064538
"14",14,1,9.26032787898678
"15",15,1,9.67140427053752
"16",16,1,9.33409166206886
"17",17,1,9.51503712069506
"18",18,1,9.271486367656
"19",19,1,9.57346264711789
"20",20,1,9.65020355313075
"21",21,1,9.45440307282319
"22",22,1,9.2898880234257
"23",23,1,9.3062546496647
"24",24,1,9.39871274319144
"25",25,1,9.90481306765076
"26",26,1,9.60884189519335
"27",27,1,9.55237355728912
"28",28,1,9.0145014307684
"29",29,1,8.90243198620878
"30",30,1,9.01204999290555
"31",31,1,9.18859334789321
"32",32,1,9.21808393357461
"33",33,1,9.14072839036339
"34",34,1,9.57279831851969
"35",35,1,9.89462884762259
"36",36,1,9.39530037691318
"37",37,1,9.57719194589636
"38",38,1,9.16076950232901
"39",39,1,9.4773978000529
"40",40,1,9.14666786445635
"41",41,1,9.65689914282639
"42",42,1,9.15681227602252
"43",43,1,9.17693349193855
"44",44,1,9.04312166115723
"45",45,1,8.89181927312447
"46",46,1,8.85778832550877
"47",47,1,9.47832895301637
"48",48,1,9.35169768385428
"49",49,1,9.23454784938171
"50",50,1,9.49558491499036
"51",51,1,17.2719019782939
"52",52,1,17.992633463912
"53",53,1,17.7032908996845
"54",54,1,18.3463505321952
"55",55,1,17.5063249594289
"56",56,1,18.0723691777033
"57",57,1,17.8045940535736
"58",58,1,17.7255102320842
"59",59,1,17.5841662418671
"60",60,1,17.318474730876
"61",61,1,18.7016913500833
"62",62,1,18.8926194068576
"63",63,1,18.375414589806
"64",64,1,17.7376240364166
"65",65,1,17.3376591805665
"66",66,1,18.1764695362945
"67",67,1,17.2634041934181
"68",68,1,17.2659145652302
"69",69,1,17.831118542387
"70",70,1,17.6010999302476
"71",71,1,17.2724326497995
"72",72,1,16.7803534775555
"73",73,1,17.3119478812129
"74",74,1,17.9762893145746
"75",75,1,17.9652515622535
"76",76,1,17.0958365632557
"77",77,1,17.3796256688223
"78",78,1,17.6725634317026
"79",79,1,18.5218555979925
"80",80,1,17.2868379841188
"81",81,1,17.9047105606962
"82",82,1,17.6076568485814
"83",83,1,17.795939320217
"84",84,1,17.9288563901731
"85",85,1,18.4616512730791
"86",86,1,18.3568801506719
"87",87,1,17.7697275267037
"88",88,1,17.665393759669
"89",89,1,17.8741061909625
"90",90,1,17.4313846473508
"91",91,1,18.4586491777991
"92",92,1,18.2358824144898
"93",93,1,18.6804819633725
"94",94,1,18.2359344933585
"95",95,1,18.0008484342571
"96",96,1,18.9292031102389
"97",97,1,18.4818747504449
"98",98,1,17.7850150010122
"99",99,1,17.9320869919139
"100",100,1,18.506300943367
"101",1,2,8.64578078238538
"102",2,2,0
"103",3,2,8.4253827200388
"104",4,2,8.58213356303437
"105",5,2,8.94165914881276
"106",6,2,8.86383826252206
"107",7,2,8.9261915537404
"108",8,2,9.12986546246909
"109",9,2,9.00737070345912
"110",10,2,9.1203563969448
"111",11,2,8.93776879841055
"112",12,2,9.38340840348326
"113",13,2,9.74564603196396
"114",14,2,9.14553408118498
"115",15,2,9.76441691525251
"116",16,2,9.57792778279498
"117",17,2,9.57517339161169
"118",18,2,9.37608858447902
"119",19,2,9.19317722390073
"120",20,2,9.57511901146211
"121",21,2,9.36464479867467
"122",22,2,9.33500825449341
"123",23,2,9.40016399291103
"124",24,2,9.31321580542753
"125",25,2,9.63007764493768
"126",26,2,9.54307985341398
"127",27,2,9.40312252971171
"128",28,2,9.27864102702162
"129",29,2,9.08903205996685
"130",30,2,9.18665084377253
"131",31,2,9.465681848766
"132",32,2,9.15048128921791
"133",33,2,9.45676447300181
"134",34,2,9.31837043731705
"135",35,2,9.90156337534759
"136",36,2,9.46960873589609
"137",37,2,9.54403367838709
"138",38,2,9.56251868647064
"139",39,2,9.42135805059738
"140",40,2,9.44686602237594
"141",41,2,9.17834079461662
"142",42,2,9.1609624058845
"143",43,2,9.04851849777221
"144",44,2,9.22853287982471
"145",45,2,8.87680474603616
"146",46,2,8.85176070052877
"147",47,2,9.20741908274582
"148",48,2,9.28668743605153
"149",49,2,9.32569149733629
"150",50,2,9.5281740601907
"151",51,2,17.3207148928878
"152",52,2,17.8726115697321
"153",53,2,17.9956305609577
"154",54,2,18.334066097864
"155",55,2,17.7353400914882
"156",56,2,18.1713375462151
"157",57,2,18.0975278536879
"158",58,2,17.8868555639721
"159",59,2,17.9240314837899
"160",60,2,17.567597720457
"161",61,2,18.6133621447461
"162",62,2,18.8677281474365
"163",63,2,18.4942215457598
"164",64,2,17.846976578168
"165",65,2,17.5565631325847
"166",66,2,18.317865588756
"167",67,2,17.2117907975276
"168",68,2,17.2179375561429
"169",69,2,17.9676022297232
"170",70,2,17.5669020498027
"171",71,2,17.4027141271901
"172",72,2,16.8943610043321
"173",73,2,17.3511297065048
"174",74,2,18.2491560618892
"175",75,2,18.0137968744193
"176",76,2,17.2304314926866
"177",77,2,17.317549065871
"178",78,2,17.7174748294369
"179",79,2,18.7195831532929
"180",80,2,17.2575641780718
"181",81,2,18.0630852388111
"182",82,2,17.7089541515885
"183",83,2,17.7517255668344
"184",84,2,18.0546572207617
"185",85,2,18.6020310027456
"186",86,2,18.4973322716323
"187",87,2,18.0959346436208
"188",88,2,17.833450845975
"189",89,2,18.08528123155
"190",90,2,17.4413302750081
"191",91,2,18.5557031502423
"192",92,2,18.338195286822
"193",93,2,18.8415887655947
"194",94,2,18.4747871823194
"195",95,2,18.1522419085222
"196",96,2,18.9209911289786
"197",97,2,18.5164877686116
"198",98,2,17.9702747835253
"199",99,2,18.0172938129209
"200",100,2,18.6152849740195
"201",1,3,8.7277344565336
"202",2,3,8.4253827200388
"203",3,3,0
"204",4,3,8.34725388352446
"205",5,3,8.79411643972693
"206",6,3,8.77707110286673
"207",7,3,8.97163196040131
"208",8,3,9.15789979873423
"209",9,3,9.38814194194411
"210",10,3,9.54578522939659
"211",11,3,9.3691484279
"212",12,3,9.50844935574351
"213",13,3,9.60459815337419
"214",14,3,9.43254006786034
"215",15,3,9.59161641995949
"216",16,3,9.28089874984894
"217",17,3,9.64192240332482
"218",18,3,9.07656956230634
"219",19,3,9.54048711961661
"220",20,3,9.64299913412735
"221",21,3,9.59156203471536
"222",22,3,9.37807923096097
"223",23,3,9.67099229914625
"224",24,3,9.55402181411058
"225",25,3,9.89863939312297
"226",26,3,9.58485445467297
"227",27,3,9.36937995026777
"228",28,3,9.45335970748561
"229",29,3,8.71536546659745
"230",30,3,9.08786319793886
"231",31,3,9.40714343618115
"232",32,3,9.40324370260451
"233",33,3,9.31416081720577
"234",34,3,9.09018097707877
"235",35,3,9.76685656782656
"236",36,3,9.14202308135668
"237",37,3,9.20716122614585
"238",38,3,9.42679664126513
"239",39,3,9.57721627021128
"240",40,3,9.41578458744135
"241",41,3,9.21801115480917
"242",42,3,9.18958788136324
"243",43,3,9.22246201918931
"244",44,3,9.31276669627247
"245",45,3,8.83388285274687
"246",46,3,8.90911366870493
"247",47,3,8.9434318314739
"248",48,3,9.33780981461039
"249",49,3,9.36675517860248
"250",50,3,9.54294689952606
"251",51,3,17.3011721395123
"252",52,3,17.8686195531919
"253",53,3,17.755695832121
"254",54,3,18.2437377625437
"255",55,3,17.5358292679768
"256",56,3,18.1024722283773
"257",57,3,17.918170988104
"258",58,3,17.7137079650902
"259",59,3,17.6237350515394
"260",60,3,17.4799907320892
"261",61,3,18.6579646958687
"262",62,3,18.9248982476984
"263",63,3,18.4051185952675
"264",64,3,17.7549832791076
"265",65,3,17.3854131216025
"266",66,3,18.0375943687789
"267",67,3,17.2787954431549
"268",68,3,17.0477988518577
"269",69,3,17.8511411864603
"270",70,3,17.7276216597168
"271",71,3,17.4843903986695
"272",72,3,16.708549474427
"273",73,3,17.3698028630517
"274",74,3,18.1060396756938
"275",75,3,17.9287572519436
"276",76,3,17.1494305221923
"277",77,3,17.2409942219993
"278",78,3,17.7596719038206
"279",79,3,18.558327576274
"280",80,3,17.4527485650945
"281",81,3,18.0142533678358
"282",82,3,17.6187812582481
"283",83,3,17.7677773908018
"284",84,3,18.0468652756849
"285",85,3,18.5387460697623
"286",86,3,18.4954688153959
"287",87,3,17.8269911040875
"288",88,3,17.7212197425966
"289",89,3,17.9048357816195
"290",90,3,17.4341278199568
"291",91,3,18.4163433997379
"292",92,3,18.3992525187451
"293",93,3,18.8593948091941
"294",94,3,18.2338599920598
"295",95,3,18.1025272500392
"296",96,3,18.8824189983129
"297",97,3,18.5520993589973
"298",98,3,17.7351104499604
"299",99,3,17.9250572464934
"300",100,3,18.6807015354372
"301",1,4,8.78361512649517
"302",2,4,8.58213356303437
"303",3,4,8.34725388352446
"304",4,4,0
"305",5,4,8.51102800071911
"306",6,4,8.49730767211365
"307",7,4,9.17765149529555
"308",8,4,9.00513181732398
"309",9,4,9.23892431088612
"310",10,4,9.03046913807568
"311",11,4,9.15161169643909
"312",12,4,9.60038841680284
"313",13,4,9.46712864869223
"314",14,4,9.08053906978736
"315",15,4,9.11650242864118
"316",16,4,9.1452137618145
"317",17,4,9.23044232831104
"318",18,4,9.16637187102988
"319",19,4,9.59382730008729
"320",20,4,9.36968475206835
"321",21,4,9.1971567426551
"322",22,4,9.32434442497145
"323",23,4,9.49467634173321
"324",24,4,9.56643761342628
"325",25,4,10.040810425361
"326",26,4,9.62534909253116
"327",27,4,9.14422614572642
"328",28,4,9.32712383625768
"329",29,4,8.88422898410372
"330",30,4,8.71611364191809
"331",31,4,9.43965457748145
"332",32,4,9.20011041357473
"333",33,4,9.19743578730946
"334",34,4,9.18748453811856
"335",35,4,9.67545081207307
"336",36,4,9.22260241817225
"337",37,4,9.2375921734617
"338",38,4,9.34367588176596
"339",39,4,9.34316711388348
"340",40,4,9.37771008894277
"341",41,4,9.10613751997809
"342",42,4,9.35401661932602
"343",43,4,9.33898628985149
"344",44,4,9.09071932595629
"345",45,4,8.86021497390409
"346",46,4,9.3555088218278
"347",47,4,9.69126206679648
"348",48,4,9.3218487702225
"349",49,4,9.18150876523138
"350",50,4,9.48922015338241
"351",51,4,17.5308955432782
"352",52,4,18.0930322791362
"353",53,4,18.0377920190051
"354",54,4,18.3865375730497
"355",55,4,17.6644588533485
"356",56,4,18.2099204475275
"357",57,4,18.0869076295441
"358",58,4,17.9024567349723
"359",59,4,17.8151399208798
"360",60,4,17.6799914074068
"361",61,4,18.7984454552895
"362",62,4,18.9933533463074
"363",63,4,18.5858205396079
"364",64,4,17.8238523021077
"365",65,4,17.6101538425504
"366",66,4,18.3194169302035
"367",67,4,17.4683747331347
"368",68,4,17.353542136159
"369",69,4,18.0225075027114
"370",70,4,17.7558351013368
"371",71,4,17.5758700688998
"372",72,4,16.9779583334039
"373",73,4,17.3316740525846
"374",74,4,18.203320126295
"375",75,4,18.2831746984324
"376",76,4,17.2411214120267
"377",77,4,17.5151713232623
"378",78,4,17.8512811263565
"379",79,4,18.8880816974609
"380",80,4,17.7573652594217
"381",81,4,18.1411034879949
"382",82,4,17.7803342196151
"383",83,4,17.8667660165133
"384",84,4,18.1139782448086
"385",85,4,18.6858572466385
"386",86,4,18.512952697226
"387",87,4,18.0583565319395
"388",88,4,17.9227519664013
"389",89,4,18.1158353325791
"390",90,4,17.5598382542512
"391",91,4,18.5514360869441
"392",92,4,18.5670154103882
"393",93,4,18.8600754973951
"394",94,4,18.4775804428743
"395",95,4,18.3137737820403
"396",96,4,19.0308295686346
"397",97,4,18.698616243168
"398",98,4,18.0182247569438
"399",99,4,18.0360299602204
"400",100,4,18.9048642838954
"401",1,5,9.23358037516467
"402",2,5,8.94165914881276
"403",3,5,8.79411643972693
"404",4,5,8.51102800071911
"405",5,5,0
"406",6,5,8.40595013733336
"407",7,5,8.80578444756343
"408",8,5,8.80783751653437
"409",9,5,9.39470148761076
"410",10,5,9.3326198564352
"411",11,5,9.24826761143126
"412",12,5,9.59470640724201
"413",13,5,9.65471492736053
"414",14,5,9.68165779583373
"415",15,5,9.71711934448096
"416",16,5,9.25080376744619
"417",17,5,9.47968101212715
"418",18,5,9.42826691406048
"419",19,5,9.46301652373874
"420",20,5,9.49550171853062
"421",21,5,9.44935312215026
"422",22,5,9.55849843788151
"423",23,5,9.38685685423232
"424",24,5,9.22370746481632
"425",25,5,9.53818031551103
"426",26,5,9.49186989858739
"427",27,5,9.72993580727023
"428",28,5,9.71948737564488
"429",29,5,9.16843651771501
"430",30,5,9.20813665367017
"431",31,5,9.63660657825231
"432",32,5,9.43977942309417
"433",33,5,9.38294945641168
"434",34,5,9.16186815621226
"435",35,5,9.57107488998776
"436",36,5,9.53085235356532
"437",37,5,9.65072507613879
"438",38,5,9.52407260033101
"439",39,5,9.33470185914918
"440",40,5,9.64420151937741
"441",41,5,9.33218734207517
"442",42,5,9.3681316005873
"443",43,5,9.48100476686638
"444",44,5,9.07734173542784
"445",45,5,9.01523687581053
"446",46,5,8.80781159169511
"447",47,5,9.39953426401949
"448",48,5,9.60743983085975
"449",49,5,9.3524401935465
"450",50,5,9.54397475228406
"451",51,5,17.7274503370344
"452",52,5,18.1426560616608
"453",53,5,18.034967288209
"454",54,5,18.5323673383129
"455",55,5,17.6988433278375
"456",56,5,18.2613024095919
"457",57,5,18.2449188981431
"458",58,5,18.1142786468446
"459",59,5,18.0210284124683
"460",60,5,17.8104690535703
"461",61,5,18.8655640511612
"462",62,5,19.1328481021948
"463",63,5,18.6234440458721
"464",64,5,18.0162119773529
"465",65,5,17.7758575345303
"466",66,5,18.2741316339233
"467",67,5,17.6148451804374
"468",68,5,17.3949880881576
"469",69,5,18.1795864731336
"470",70,5,17.9998709181987
"471",71,5,17.5685010256989
"472",72,5,17.1364419462382
"473",73,5,17.5178464889328
"474",74,5,18.4016213959865
"475",75,5,18.1691222098973
"476",76,5,17.2624739846814
"477",77,5,17.4840506493574
"478",78,5,17.9742938855265
"479",79,5,18.8894256645906
"480",80,5,17.5773722866126
"481",81,5,18.1352501400832
"482",82,5,17.9709538809705
"483",83,5,17.937810780992
"484",84,5,18.2741153974462
"485",85,5,19.0005562274921
"486",86,5,18.7396649788834
"487",87,5,18.1310140522952
"488",88,5,17.9807955159121
"489",89,5,18.2818490916793
"490",90,5,17.6231193690788
"491",91,5,18.6081465209335
"492",92,5,18.5204036901957
"493",93,5,19.1215118611728
"494",94,5,18.5327437424035
"495",95,5,18.264913959626
"496",96,5,19.1660851040625
"497",97,5,18.6943656635295
"498",98,5,17.9777568136724
"499",99,5,18.0856127064206
"500",100,5,18.9491243965909
"501",1,6,9.02807192603859
"502",2,6,8.86383826252206
"503",3,6,8.77707110286673
"504",4,6,8.49730767211365
"505",5,6,8.40595013733336
"506",6,6,0
"507",7,6,8.32158135964061
"508",8,6,8.71453408764932
"509",9,6,9.06754815277439
"510",10,6,9.14335114046129
"511",11,6,9.15324439081204
"512",12,6,9.75502307036175
"513",13,6,9.76828662655964
"514",14,6,9.62149752258759
"515",15,6,10.0490495421876
"516",16,6,9.35856319499405
"517",17,6,9.37205726207949
"518",18,6,9.54121689635558
"519",19,6,9.2524529455205
"520",20,6,9.39887898658123
"521",21,6,9.26813567324111
"522",22,6,9.43347567798141
"523",23,6,9.41401490655856
"524",24,6,9.14360183417169
"525",25,6,9.6864924518134
"526",26,6,9.54436281272449
"527",27,6,9.66290605539664
"528",28,6,9.6940763133653
"529",29,6,9.12057572766923
"530",30,6,9.05774181534565
"531",31,6,9.28765937143508
"532",32,6,9.38912684308103
"533",33,6,9.18659574726356
"534",34,6,9.05596845014035
"535",35,6,9.36681593984185
"536",36,6,9.19494883183008
"537",37,6,9.4090321397337
"538",38,6,9.54211296616213
"539",39,6,9.68986147403967
"540",40,6,9.47371709424901
"541",41,6,9.58699689349408
"542",42,6,9.20160919789886
"543",43,6,9.42513377373758
"544",44,6,8.68117604399707
"545",45,6,8.68880610366522
"546",46,6,9.13770461073812
"547",47,6,8.88757725011216
"548",48,6,9.31877841329747
"549",49,6,9.31821190717948
"550",50,6,9.38278191420761
"551",51,6,17.1448476076493
"552",52,6,17.799122239908
"553",53,6,17.5459913744113
"554",54,6,18.1264593064187
"555",55,6,17.3386695687876
"556",56,6,17.9489153998342
"557",57,6,17.772696006584
"558",58,6,17.5667335453675
"559",59,6,17.5945327590908
"560",60,6,17.4914174747408
"561",61,6,18.5044736507648
"562",62,6,18.8246849493989
"563",63,6,18.2978468595302
"564",64,6,17.5797128177103
"565",65,6,17.1939948923216
"566",66,6,17.9352717282018
"567",67,6,17.1919066681267
"568",68,6,17.1067501172302
"569",69,6,17.6504145301803
"570",70,6,17.4049954753096
"571",71,6,17.1494568803913
"572",72,6,16.6061513314811
"573",73,6,17.0502472982686
"574",74,6,17.9059247463308
"575",75,6,17.7647610255882
"576",76,6,17.0941586393459
"577",77,6,17.1055585570144
"578",78,6,17.6810885436566
"579",79,6,18.4911053213217
"580",80,6,17.1399428632481
"581",81,6,17.5946703363122
"582",82,6,17.4832561737121
"583",83,6,17.694735821917
"584",84,6,17.8925895213533
"585",85,6,18.3232584525763
"586",86,6,18.2563222703072
"587",87,6,17.6114096732341
"588",88,6,17.5959806115971
"589",89,6,17.7816079763313
"590",90,6,17.2188629514432
"591",91,6,18.2894829249338
"592",92,6,18.2928120618288
"593",93,6,18.668203085813
"594",94,6,18.2764626453822
"595",95,6,17.9321816036999
"596",96,6,18.6982967300925
"597",97,6,18.3907360610728
"598",98,6,17.5180595209487
"599",99,6,17.7515021535293
"600",100,6,18.5135688257488
"601",1,7,9.09562173627408
"602",2,7,8.9261915537404
"603",3,7,8.97163196040131
"604",4,7,9.17765149529555
"605",5,7,8.80578444756343
"606",6,7,8.32158135964061
"607",7,7,0
"608",8,7,8.36795402914894
"609",9,7,8.9504340705589
"610",10,7,9.01429359528317
"611",11,7,8.97835399906982
"612",12,7,9.58484213743571
"613",13,7,9.86947477999116
"614",14,7,9.38212300337484
"615",15,7,9.81208568189086
"616",16,7,9.25036025498714
"617",17,7,9.32746172411684
"618",18,7,9.18926237535199
"619",19,7,8.93052793023295
"620",20,7,9.30823494124586
"621",21,7,9.12945576107301
"622",22,7,9.31701911861632
"623",23,7,9.112556731818
"624",24,7,9.37136546139496
"625",25,7,9.62829796786118
"626",26,7,9.36556701566876
"627",27,7,9.59471343692878
"628",28,7,9.48159997559953
"629",29,7,9.16688095470381
"630",30,7,9.05892627256161
"631",31,7,9.30609959543204
"632",32,7,8.95855589377033
"633",33,7,9.06214166217953
"634",34,7,9.17861796862227
"635",35,7,9.54135465242691
"636",36,7,9.16011183168983
"637",37,7,9.10010577297416
"638",38,7,9.11466022078635
"639",39,7,9.6515296748376
"640",40,7,9.38343099463982
"641",41,7,9.43810626862789
"642",42,7,9.19422147116998
"643",43,7,9.20561894400049
"644",44,7,8.98773260135445
"645",45,7,8.68997067733934
"646",46,7,8.88975729537641
"647",47,7,9.01745420913798
"648",48,7,9.57580329014202
"649",49,7,9.39637182913642
"650",50,7,9.19088017073227
"651",51,7,16.8948778513073
"652",52,7,17.5110659294561
"653",53,7,17.3628440481381
"654",54,7,17.8495077692013
"655",55,7,17.3064839369178
"656",56,7,17.7198310288385
"657",57,7,17.6863685971329
"658",58,7,17.3864620797131
"659",59,7,17.3441179837882
"660",60,7,17.2169201774506
"661",61,7,18.1875061489445
"662",62,7,18.5792592955926
"663",63,7,17.9849439614414
"664",64,7,17.4708806648237
"665",65,7,17.0941786114784
"666",66,7,17.6965351012226
"667",67,7,16.9360657856237
"668",68,7,16.9757120259414
"669",69,7,17.4333793626104
"670",70,7,17.3455896236043
"671",71,7,16.9251221099211
"672",72,7,16.4195589358331
"673",73,7,16.9284701262093
"674",74,7,17.8055489083984
"675",75,7,17.7363002958162
"676",76,7,16.831418642525
"677",77,7,17.052618141302
"678",78,7,17.2743353894127
"679",79,7,18.1640341444759
"680",80,7,16.9152821922993
"681",81,7,17.488680521936
"682",82,7,17.3650902988864
"683",83,7,17.3434408626722
"684",84,7,17.5611368896758
"685",85,7,18.1619741484041
"686",86,7,18.0506233923487
"687",87,7,17.5895842010366
"688",88,7,17.3667130480087
"689",89,7,17.5855010116644
"690",90,7,16.9910056040792
"691",91,7,18.0654217322594
"692",92,7,17.9769193371282
"693",93,7,18.5842294957406
"694",94,7,18.0935095044167
"695",95,7,17.768830106409
"696",96,7,18.5821233432597
"697",97,7,18.0252824711908
"698",98,7,17.4586842159775
"699",99,7,17.6719193796476
"700",100,7,18.48935627399
"701",1,8,8.88979550398482
"702",2,8,9.12986546246909
"703",3,8,9.15789979873423
"704",4,8,9.00513181732398
"705",5,8,8.80783751653437
"706",6,8,8.71453408764932
"707",7,8,8.36795402914894
"708",8,8,0
"709",9,8,8.88292976814256
"710",10,8,9.00847468229477
"711",11,8,8.9635198871514
"712",12,8,9.58435879748126
"713",13,8,9.34142391401411
"714",14,8,9.80309505481013
"715",15,8,9.65585028540119
"716",16,8,9.44541623866283
"717",17,8,9.44203459910168
"718",18,8,9.47029689651521
"719",19,8,9.16919893428461
"720",20,8,9.45124261096527
"721",21,8,9.69287434892857
"722",22,8,9.6593044496298
"723",23,8,9.37573965253592
"724",24,8,9.63981394243808
"725",25,8,9.64360806787515
"726",26,8,9.29774653369026
"727",27,8,9.72839520476328
"728",28,8,9.5611774286611
"729",29,8,9.1464233767931
"730",30,8,9.09577919116901
"731",31,8,9.22244780545694
"732",32,8,9.49884975689115
"733",33,8,9.43208677510516
"734",34,8,9.24884005969921
"735",35,8,9.61897011378457
"736",36,8,9.01003265502981
"737",37,8,9.47061832439048
"738",38,8,9.20485946096255
"739",39,8,9.29434945625424
"740",40,8,9.34220375849947
"741",41,8,9.6203826803301
"742",42,8,9.20610615417274
"743",43,8,9.39120884028106
"744",44,8,8.97136682765917
"745",45,8,8.84506402666076
"746",46,8,9.24900497265879
"747",47,8,9.5338134802837
"748",48,8,9.73107591002501
"749",49,8,9.29435753166053
"750",50,8,9.36214830357882
"751",51,8,17.2751231439854
"752",52,8,17.8004197057752
"753",53,8,17.5683960091712
"754",54,8,18.0592256140223
"755",55,8,17.3802895730636
"756",56,8,17.9144375324085
"757",57,8,17.8397244889726
"758",58,8,17.7540744986027
"759",59,8,17.4216963848457
"760",60,8,17.455615405922
"761",61,8,18.4615319150072
"762",62,8,18.7434508554642
"763",63,8,18.3391322123879
"764",64,8,17.5660064701762
"765",65,8,17.0628374331561
"766",66,8,17.8376969726406
"767",67,8,16.9845192424595
"768",68,8,17.0489457531442
"769",69,8,17.7400004147287
"770",70,8,17.3729401252893
"771",71,8,17.1861584753464
"772",72,8,16.6754792393431
"773",73,8,17.207923793859
"774",74,8,17.833700616056
"775",75,8,17.796918784139
"776",76,8,16.8540542567843
"777",77,8,17.2210424248814
"778",78,8,17.5294607054931
"779",79,8,18.4854267927428
"780",80,8,17.0320368765199
"781",81,8,17.7126109723844
"782",82,8,17.5575331216555
"783",83,8,17.6033672060122
"784",84,8,17.8158337748825
"785",85,8,18.431191247739
"786",86,8,18.1242062699972
"787",87,8,17.653150455635
"788",88,8,17.5846092753829
"789",89,8,17.771285580429
"790",90,8,17.1715765654973
"791",91,8,18.1468816172856
"792",92,8,18.1245742022555
"793",93,8,18.4755986232866
"794",94,8,18.1023337758307
"795",95,8,17.6906108284811
"796",96,8,18.957055495917
"797",97,8,18.2762426469614
"798",98,8,17.62266478831
"799",99,8,17.76892311622
"800",100,8,18.395297363231
"801",1,9,9.02972215742519
"802",2,9,9.00737070345912
"803",3,9,9.38814194194411
"804",4,9,9.23892431088612
"805",5,9,9.39470148761076
"806",6,9,9.06754815277439
"807",7,9,8.9504340705589
"808",8,9,8.88292976814256
"809",9,9,0
"810",10,9,8.98658133575346
"811",11,9,9.46444758491593
"812",12,9,9.96151841988502
"813",13,9,10.0135918089228
"814",14,9,10.0909479017728
"815",15,9,9.84447330908709
"816",16,9,9.28261768020483
"817",17,9,9.21045626072871
"818",18,9,9.28781576885039
"819",19,9,9.44669806578914
"820",20,9,9.73803395128437
"821",21,9,9.64516214129046
"822",22,9,9.35443251859276
"823",23,9,9.01421267878529
"824",24,9,9.77717207005585
"825",25,9,10.1883347028568
"826",26,9,10.0543591245012
"827",27,9,9.90725235183572
"828",28,9,9.56998049535869
"829",29,9,9.60060919666243
"830",30,9,9.64794264960782
"831",31,9,9.26561120901271
"832",32,9,9.43797368657975
"833",33,9,9.5327370964709
"834",34,9,9.65654665657224
"835",35,9,10.0040531414287
"836",36,9,9.64966085371387
"837",37,9,9.45188496746142
"838",38,9,9.41233040286122
"839",39,9,10.0429870506191
"840",40,9,9.64686997689321
"841",41,9,9.84618204066309
"842",42,9,9.84556032055881
"843",43,9,9.68137318519551
"844",44,9,9.45381876244746
"845",45,9,9.08138949949692
"846",46,9,9.11344315739992
"847",47,9,9.52393087722317
"848",48,9,9.36139650927361
"849",49,9,9.47843114084664
"850",50,9,9.69695707084879
"851",51,9,17.2248779244679
"852",52,9,17.6628067400039
"853",53,9,17.622038287934
"854",54,9,18.1460506356207
"855",55,9,17.5270019085293
"856",56,9,17.828018578273
"857",57,9,17.7224148910947
"858",58,9,17.670291831984
"859",59,9,17.4142452268802
"860",60,9,17.3905562537517
"861",61,9,18.4119542435999
"862",62,9,18.878299702213
"863",63,9,18.1501809591623
"864",64,9,17.6634696633045
"865",65,9,17.0845462753464
"866",66,9,17.9670285731972
"867",67,9,17.2202458886831
"868",68,9,17.0781215234644
"869",69,9,17.7767503466197
"870",70,9,17.5060322211508
"871",71,9,17.2092108937734
"872",72,9,16.6136129288916
"873",73,9,17.2481136078523
"874",74,9,17.9582173173999
"875",75,9,17.8281841412056
"876",76,9,16.8955642223566
"877",77,9,17.2214440788631
"878",78,9,17.5697954608974
"879",79,9,18.3461895445709
"880",80,9,17.2056488927196
"881",81,9,17.7477526115161
"882",82,9,17.4370872864738
"883",83,9,17.6309807701406
"884",84,9,17.9077494888918
"885",85,9,18.3688137536861
"886",86,9,18.2793056199065
"887",87,9,17.8120080748811
"888",88,9,17.6949881683223
"889",89,9,17.798654581286
"890",90,9,17.295680709982
"891",91,9,18.3516468552211
"892",92,9,18.185493857313
"893",93,9,18.6029619232569
"894",94,9,18.2740740547806
"895",95,9,17.8714219126309
"896",96,9,18.9386988925
"897",97,9,18.4445649548449
"898",98,9,17.7378426750912
"899",99,9,17.909095342133
"900",100,9,18.5394448338467
"901",1,10,8.88254327791009
"902",2,10,9.1203563969448
"903",3,10,9.54578522939659
"904",4,10,9.03046913807568
"905",5,10,9.3326198564352
"906",6,10,9.14335114046129
"907",7,10,9.01429359528317
"908",8,10,9.00847468229477
"909",9,10,8.98658133575346
"910",10,10,0
"911",11,10,9.09958621912334
"912",12,10,9.68145858864442
"913",13,10,9.58734353747164
"914",14,10,9.53178399324083
"915",15,10,9.57693024368879
"916",16,10,9.49706700954652
"917",17,10,9.49431115124061
"918",18,10,9.3852275401935
"919",19,10,9.67424672180725
"920",20,10,9.48209508398498
"921",21,10,9.7204983164232
"922",22,10,9.57530248910152
"923",23,10,9.42229679423716
"924",24,10,9.56365723268671
"925",25,10,9.80623500728876
"926",26,10,9.92431227893154
"927",27,10,9.69120958646442
"928",28,10,9.58016086565481
"929",29,10,9.15359241776322
"930",30,10,8.97890261036456
"931",31,10,9.41145406128402
"932",32,10,9.67386295671474
"933",33,10,9.82359608979416
"934",34,10,9.30027505380276
"935",35,10,10.0653167595047
"936",36,10,9.61123877189581
"937",37,10,9.67341033815263
"938",38,10,9.58753858122582
"939",39,10,9.87074257914279
"940",40,10,9.43404261314603
"941",41,10,9.36003360402549
"942",42,10,9.71675920142313
"943",43,10,9.50393696988932
"944",44,10,9.34590156318149
"945",45,10,9.02173902753931
"946",46,10,9.44340400198361
"947",47,10,9.98435003207717
"948",48,10,9.63355565051435
"949",49,10,9.49770276423572
"950",50,10,9.37056234695199
"951",51,10,17.5451696341725
"952",52,10,18.2548102768466
"953",53,10,18.0527457876436
"954",54,10,18.5301224465108
"955",55,10,17.9072077558411
"956",56,10,18.2153757315391
"957",57,10,18.2531207137389
"958",58,10,18.0772290034974
"959",59,10,18.018503854137
"960",60,10,17.7934518555885
"961",61,10,18.9054872817723
"962",62,10,19.1672514728257
"963",63,10,18.7608755145799
"964",64,10,18.1147415324595
"965",65,10,17.7346402579373
"966",66,10,18.5123346714015
"967",67,10,17.629437207843
"968",68,10,17.4748607480379
"969",69,10,18.1149738519657
"970",70,10,17.7603153724947
"971",71,10,17.6081803774577
"972",72,10,17.1794075907808
"973",73,10,17.5792666428776
"974",74,10,18.3261107117194
"975",75,10,18.2496381893524
"976",76,10,17.2036189811936
"977",77,10,17.516001749218
"978",78,10,17.9391204151993
"979",79,10,18.8312050580717
"980",80,10,17.6023826322349
"981",81,10,18.1749818968148
"982",82,10,17.9318720658048
"983",83,10,18.0519117256042
"984",84,10,18.2861691582392
"985",85,10,18.8111500769894
"986",86,10,18.5449715200941
"987",87,10,18.1110755244886
"988",88,10,18.200877887523
"989",89,10,18.223282793456
"990",90,10,17.628216076639
"991",91,10,18.5989218208288
"992",92,10,18.4730059813543
"993",93,10,18.9383625965642
"994",94,10,18.5716375744457
"995",95,10,18.2479595857214
"996",96,10,19.1745787900841
"997",97,10,18.7383940707219
"998",98,10,18.1641984799273
"999",99,10,18.153423743522
"1000",100,10,18.8702745498936
"1001",1,11,9.26806142333018
"1002",2,11,8.93776879841055
"1003",3,11,9.3691484279
"1004",4,11,9.15161169643909
"1005",5,11,9.24826761143126
"1006",6,11,9.15324439081204
"1007",7,11,8.97835399906982
"1008",8,11,8.9635198871514
"1009",9,11,9.46444758491593
"1010",10,11,9.09958621912334
"1011",11,11,0
"1012",12,11,8.63058682291347
"1013",13,11,9.74069782979924
"1014",14,11,9.83007421278871
"1015",15,11,9.855309353127
"1016",16,11,9.78109136836075
"1017",17,11,10.1097989148936
"1018",18,11,9.96705428503433
"1019",19,11,9.4911596628903
"1020",20,11,9.87085637974694
"1021",21,11,9.64281259138802
"1022",22,11,9.73181985881005
"1023",23,11,9.55816726850534
"1024",24,11,9.61682166327818
"1025",25,11,9.65392191250085
"1026",26,11,9.69404875095815
"1027",27,11,9.4211252397383
"1028",28,11,9.88918301353422
"1029",29,11,9.57387907792478
"1030",30,11,9.68940624800775
"1031",31,11,9.73916190423964
"1032",32,11,9.73377343622316
"1033",33,11,9.39268674183507
"1034",34,11,9.36205052828696
"1035",35,11,9.62119809378336
"1036",36,11,9.72836158867425
"1037",37,11,9.90871512113963
"1038",38,11,9.92381553897966
"1039",39,11,9.45779137400654
"1040",40,11,9.3210589473804
"1041",41,11,9.4748367366388
"1042",42,11,9.56745712049875
"1043",43,11,9.49265509891457
"1044",44,11,9.39741661979979
"1045",45,11,9.12037010930651
"1046",46,11,9.39652935999513
"1047",47,11,9.35220745991029
"1048",48,11,10.0047476440904
"1049",49,11,9.51536353614429
"1050",50,11,9.62345239878081
"1051",51,11,17.3692081731067
"1052",52,11,17.9818495286821
"1053",53,11,17.8120087419195
"1054",54,11,18.2877483434499
"1055",55,11,17.7279803559675
"1056",56,11,18.0750219337186
"1057",57,11,17.9595226828943
"1058",58,11,17.9230433814673
"1059",59,11,17.78355722017
"1060",60,11,17.6340164994584
"1061",61,11,18.6431547930112
"1062",62,11,18.997866062874
"1063",63,11,18.7177200038489
"1064",64,11,17.9320721154773
"1065",65,11,17.4605765874507
"1066",66,11,18.3238482712519
"1067",67,11,17.3541959413481
"1068",68,11,17.2674616105971
"1069",69,11,17.9329748606361
"1070",70,11,17.7046696346159
"1071",71,11,17.3983819480515
"1072",72,11,16.7832158834381
"1073",73,11,17.233663136501
"1074",74,11,18.0820504284272
"1075",75,11,18.1723491947392
"1076",76,11,17.0552467315256
"1077",77,11,17.342091577721
"1078",78,11,17.7683557745073
"1079",79,11,18.6936420586362
"1080",80,11,17.4681385561421
"1081",81,11,18.143331635717
"1082",82,11,17.7777381526762
"1083",83,11,17.7914996710754
"1084",84,11,18.0142812631451
"1085",85,11,18.7015538774323
"1086",86,11,18.5039331615611
"1087",87,11,17.7702842761178
"1088",88,11,17.8435123834535
"1089",89,11,17.9166786348
"1090",90,11,17.4916594205732
"1091",91,11,18.4168002129793
"1092",92,11,18.3606324482989
"1093",93,11,18.846983645747
"1094",94,11,18.1366764236663
"1095",95,11,18.0312532740499
"1096",96,11,18.9941182726747
"1097",97,11,18.570409995818
"1098",98,11,17.7734918046931
"1099",99,11,18.0552654660631
"1100",100,11,18.7001590508789
"1101",1,12,9.75437400966352
"1102",2,12,9.38340840348326
"1103",3,12,9.50844935574351
"1104",4,12,9.60038841680284
"1105",5,12,9.59470640724201
"1106",6,12,9.75502307036175
"1107",7,12,9.58484213743571
"1108",8,12,9.58435879748126
"1109",9,12,9.96151841988502
"1110",10,12,9.68145858864442
"1111",11,12,8.63058682291347
"1112",12,12,0
"1113",13,12,9.21939773193897
"1114",14,12,9.75412143441108
"1115",15,12,9.95501415752973
"1116",16,12,9.97543349549092
"1117",17,12,9.93066386828426
"1118",18,12,10.0693058750825
"1119",19,12,9.71509063895601
"1120",20,12,9.85972290455142
"1121",21,12,10.0729882683284
"1122",22,12,9.84030251943771
"1123",23,12,9.97495954120702
"1124",24,12,9.59374985519481
"1125",25,12,9.84607509020512
"1126",26,12,9.68730260006584
"1127",27,12,9.52875290216423
"1128",28,12,9.6911187605915
"1129",29,12,9.60865455037704
"1130",30,12,9.86568556548651
"1131",31,12,10.0434847561474
"1132",32,12,9.8453840663597
"1133",33,12,9.69169620514365
"1134",34,12,9.65296016577143
"1135",35,12,9.8388739893909
"1136",36,12,10.1423419025309
"1137",37,12,10.2109193898817
"1138",38,12,10.2980937493054
"1139",39,12,9.63925156377027
"1140",40,12,9.93956460004818
"1141",41,12,9.67169754231491
"1142",42,12,9.68671524999773
"1143",43,12,9.70933815219839
"1144",44,12,9.66117462608049
"1145",45,12,9.61725558487517
"1146",46,12,9.46727111727408
"1147",47,12,9.61001626712676
"1148",48,12,10.091200567339
"1149",49,12,9.79092045220767
"1150",50,12,9.85340083947383
"1151",51,12,18.2517820752426
"1152",52,12,18.711545625538
"1153",53,12,18.5942239453087
"1154",54,12,19.0458746152571
"1155",55,12,18.4056200681207
"1156",56,12,18.8630661718835
"1157",57,12,18.917132374988
"1158",58,12,18.7723235931212
"1159",59,12,18.634902054314
"1160",60,12,18.5413124275682
"1161",61,12,19.5588791710145
"1162",62,12,19.7678218334784
"1163",63,12,19.4215412579748
"1164",64,12,18.6720782844011
"1165",65,12,18.2696904596633
"1166",66,12,19.0594682639331
"1167",67,12,18.2031055852483
"1168",68,12,18.1048292738442
"1169",69,12,18.5907591283031
"1170",70,12,18.4510892026975
"1171",71,12,18.1715818634948
"1172",72,12,17.6334019672497
"1173",73,12,18.0994569711158
"1174",74,12,18.9333269077568
"1175",75,12,18.7852793874485
"1176",76,12,17.659735061437
"1177",77,12,18.1182433537356
"1178",78,12,18.5718890312825
"1179",79,12,19.4625839643992
"1180",80,12,18.2014927989329
"1181",81,12,18.866553628811
"1182",82,12,18.4922524802139
"1183",83,12,18.5863259421386
"1184",84,12,18.9015616891633
"1185",85,12,19.4226830449515
"1186",86,12,19.228045701232
"1187",87,12,18.551187864425
"1188",88,12,18.6460166795985
"1189",89,12,18.8897626977612
"1190",90,12,18.2714545152324
"1191",91,12,19.2855674695248
"1192",92,12,19.2687993928784
"1193",93,12,19.6416730383428
"1194",94,12,19.1103656461045
"1195",95,12,18.8755569978837
"1196",96,12,19.8395992778257
"1197",97,12,19.3327201737387
"1198",98,12,18.5981090490351
"1199",99,12,18.8003827080858
"1200",100,12,19.495185256419
"1201",1,13,9.43857836064538
"1202",2,13,9.74564603196396
"1203",3,13,9.60459815337419
"1204",4,13,9.46712864869223
"1205",5,13,9.65471492736053
"1206",6,13,9.76828662655964
"1207",7,13,9.86947477999116
"1208",8,13,9.34142391401411
"1209",9,13,10.0135918089228
"1210",10,13,9.58734353747164
"1211",11,13,9.74069782979924
"1212",12,13,9.21939773193897
"1213",13,13,0
"1214",14,13,8.830851005365
"1215",15,13,9.35567425393552
"1216",16,13,9.5161100685439
"1217",17,13,9.58322594742397
"1218",18,13,9.627433559616
"1219",19,13,9.74705593102252
"1220",20,13,9.4395561009874
"1221",21,13,9.86948357596695
"1222",22,13,9.48335502401408
"1223",23,13,9.66609951328279
"1224",24,13,9.42254860478825
"1225",25,13,9.65732341764993
"1226",26,13,9.6284613796996
"1227",27,13,9.87338152066472
"1228",28,13,9.61365896275038
"1229",29,13,9.40144360809795
"1230",30,13,9.51944980420791
"1231",31,13,9.70884389081373
"1232",32,13,9.94406364457851
"1233",33,13,9.88355280771022
"1234",34,13,9.7090394442968
"1235",35,13,10.0831919618381
"1236",36,13,10.1987992468328
"1237",37,13,10.1340999392233
"1238",38,13,10.224205747778
"1239",39,13,9.79534337264404
"1240",40,13,9.62706537140381
"1241",41,13,9.38218584439271
"1242",42,13,9.49923057372582
"1243",43,13,9.2518416100148
"1244",44,13,9.57774811959715
"1245",45,13,9.40087731087209
"1246",46,13,9.43547392489902
"1247",47,13,9.82244443369897
"1248",48,13,9.51053609678175
"1249",49,13,9.52495941226218
"1250",50,13,9.86576331633329
"1251",51,13,18.4224867711759
"1252",52,13,18.9389106689546
"1253",53,13,18.7469344889847
"1254",54,13,19.147074679101
"1255",55,13,18.4142950464711
"1256",56,13,19.0285660603694
"1257",57,13,18.9404740044682
"1258",58,13,18.79441139552
"1259",59,13,18.6267940343865
"1260",60,13,18.5135205744775
"1261",61,13,19.6190547476902
"1262",62,13,19.7649377483471
"1263",63,13,19.2715139627418
"1264",64,13,18.5929096848858
"1265",65,13,18.3575844984577
"1266",66,13,19.248399475781
"1267",67,13,18.3526813867654
"1268",68,13,18.1470864660482
"1269",69,13,18.8215126576199
"1270",70,13,18.57725860394
"1271",71,13,18.2737441155958
"1272",72,13,17.6988134855726
"1273",73,13,18.2456929561082
"1274",74,13,18.9651090674445
"1275",75,13,18.7696635811164
"1276",76,13,17.7538550895866
"1277",77,13,18.0989070540251
"1278",78,13,18.7621815689423
"1279",79,13,19.6757935464178
"1280",80,13,18.3110457651997
"1281",81,13,18.9001184799304
"1282",82,13,18.4326250155255
"1283",83,13,18.5253323072693
"1284",84,13,19.0508180636476
"1285",85,13,19.5867873260578
"1286",86,13,19.2484190571439
"1287",87,13,18.5727386519817
"1288",88,13,18.6283949865583
"1289",89,13,18.8990439188468
"1290",90,13,18.2722570884405
"1291",91,13,19.2401371625579
"1292",92,13,19.061918641572
"1293",93,13,19.538372606772
"1294",94,13,19.0735826917511
"1295",95,13,18.7819482761713
"1296",96,13,19.9665494543555
"1297",97,13,19.4288703020328
"1298",98,13,18.7242265480139
"1299",99,13,18.7965289752725
"1300",100,13,19.3615574334105
"1301",1,14,9.26032787898678
"1302",2,14,9.14553408118498
"1303",3,14,9.43254006786034
"1304",4,14,9.08053906978736
"1305",5,14,9.68165779583373
"1306",6,14,9.62149752258759
"1307",7,14,9.38212300337484
"1308",8,14,9.80309505481013
"1309",9,14,10.0909479017728
"1310",10,14,9.53178399324083
"1311",11,14,9.83007421278871
"1312",12,14,9.75412143441108
"1313",13,14,8.830851005365
"1314",14,14,0
"1315",15,14,9.24968633434816
"1316",16,14,9.00861459578301
"1317",17,14,9.25472887745421
"1318",18,14,9.59217942733931
"1319",19,14,9.68538615253371
"1320",20,14,9.39370336576551
"1321",21,14,9.59959203468425
"1322",22,14,9.0830606249239
"1323",23,14,9.69278787587797
"1324",24,14,9.82100306944898
"1325",25,14,9.79738801972573
"1326",26,14,9.8496361074413
"1327",27,14,9.50581310230501
"1328",28,14,9.26690597064543
"1329",29,14,9.10796819455229
"1330",30,14,9.31787335415456
"1331",31,14,9.5521937414786
"1332",32,14,9.58740092518877
"1333",33,14,9.85430081947857
"1334",34,14,9.66122320555686
"1335",35,14,10.5785605991685
"1336",36,14,9.78693737203954
"1337",37,14,9.86417597967488
"1338",38,14,10.1061777997687
"1339",39,14,9.83510258890595
"1340",40,14,9.62471189875626
"1341",41,14,9.4693979692853
"1342",42,14,9.61914028448073
"1343",43,14,9.16789765275236
"1344",44,14,9.19879774071617
"1345",45,14,9.09750967634507
"1346",46,14,9.29350505841679
"1347",47,14,9.63075153154853
"1348",48,14,9.60346455389559
"1349",49,14,9.20545940295857
"1350",50,14,9.71682847630478
"1351",51,14,17.7716814388606
"1352",52,14,18.3923468266582
"1353",53,14,18.3128966145959
"1354",54,14,18.729149698317
"1355",55,14,17.9299794544447
"1356",56,14,18.5600924536378
"1357",57,14,18.4386939176667
"1358",58,14,18.3116415267852
"1359",59,14,18.2034173857662
"1360",60,14,17.934998096373
"1361",61,14,19.1510738919437
"1362",62,14,19.3565088156822
"1363",63,14,18.8935439489859
"1364",64,14,18.3242195251259
"1365",65,14,17.8821151939927
"1366",66,14,18.721352434347
"1367",67,14,17.8758768965561
"1368",68,14,17.7462257777257
"1369",69,14,18.233674772656
"1370",70,14,17.9578153618039
"1371",71,14,17.9151240192461
"1372",72,14,17.2653751911557
"1373",73,14,17.7287819723188
"1374",74,14,18.5270206378862
"1375",75,14,18.4729073943328
"1376",76,14,17.547759513847
"1377",77,14,17.7650620724455
"1378",78,14,18.1113821837118
"1379",79,14,19.1817021912568
"1380",80,14,17.9078455278313
"1381",81,14,18.2764605482223
"1382",82,14,18.1364828859152
"1383",83,14,18.2158475367007
"1384",84,14,18.4774433838031
"1385",85,14,19.0949365778386
"1386",86,14,18.8864890554362
"1387",87,14,18.3033858986818
"1388",88,14,18.2932889008629
"1389",89,14,18.500082233902
"1390",90,14,17.8114716621828
"1391",91,14,18.8189331882323
"1392",92,14,18.5991203036783
"1393",93,14,19.099313766547
"1394",94,14,18.5412320186983
"1395",95,14,18.4305759385074
"1396",96,14,19.3415743387102
"1397",97,14,18.9009341184545
"1398",98,14,18.225354054086
"1399",99,14,18.1918268345273
"1400",100,14,18.9734409091436
"1401",1,15,9.67140427053752
"1402",2,15,9.76441691525251
"1403",3,15,9.59161641995949
"1404",4,15,9.11650242864118
"1405",5,15,9.71711934448096
"1406",6,15,10.0490495421876
"1407",7,15,9.81208568189086
"1408",8,15,9.65585028540119
"1409",9,15,9.84447330908709
"1410",10,15,9.57693024368879
"1411",11,15,9.855309353127
"1412",12,15,9.95501415752973
"1413",13,15,9.35567425393552
"1414",14,15,9.24968633434816
"1415",15,15,0
"1416",16,15,9.15225198105741
"1417",17,15,9.39060659509796
