"","row","col","value"
"1",1,1,0
"2",2,1,9.81321032492396
"3",3,1,9.98647153366686
"4",4,1,10.3286766483267
"5",5,1,9.72499188571065
"6",6,1,9.58113403910042
"7",7,1,10.1477863101849
"8",8,1,10.5256538070076
"9",9,1,10.7889251783872
"10",10,1,10.0106479381235
"11",11,1,9.97605701316173
"12",12,1,10.5841477498439
"13",13,1,11.0537978588644
"14",14,1,10.2814576280482
"15",15,1,9.66788443922982
"16",16,1,10.3026560764646
"17",17,1,9.62015764672305
"18",18,1,9.87457132834779
"19",19,1,9.70640292536034
"20",20,1,9.5116048818045
"21",21,1,9.5131855509339
"22",22,1,10.3516044502965
"23",23,1,9.84714693482672
"24",24,1,9.74791191974437
"25",25,1,10.285467570042
"26",26,1,10.4737251388654
"27",27,1,10.0950473761099
"28",28,1,9.64521174662367
"29",29,1,10.1748653514097
"30",30,1,10.3199323045977
"31",31,1,10.0092495228055
"32",32,1,9.44842740264909
"33",33,1,9.26418969665164
"34",34,1,9.92226109910482
"35",35,1,9.77257745237137
"36",36,1,10.1078157219955
"37",37,1,9.95945994437614
"38",38,1,10.3217296954262
"39",39,1,9.61229344604865
"40",40,1,9.73776259170247
"41",41,1,10.2283481348802
"42",42,1,9.65455089590532
"43",43,1,10.2603047653466
"44",44,1,10.0863238509959
"45",45,1,9.87734569737689
"46",46,1,10.1545764871564
"47",47,1,9.79413174379195
"48",48,1,10.1152931750536
"49",49,1,9.90674551040838
"50",50,1,10.1670003756695
"51",51,1,17.8893786688876
"52",52,1,17.9994866179704
"53",53,1,18.7628860349965
"54",54,1,17.5026800397381
"55",55,1,17.462687266623
"56",56,1,18.7258334960925
"57",57,1,18.2510942630658
"58",58,1,17.4247650268999
"59",59,1,17.6586645370425
"60",60,1,17.3042208503141
"61",61,1,17.7159345159003
"62",62,1,17.2646780364075
"63",63,1,17.0803628127557
"64",64,1,18.9554288406075
"65",65,1,17.5506361990722
"66",66,1,17.7329479202139
"67",67,1,17.2290910366007
"68",68,1,16.7608249813894
"69",69,1,18.3073056944676
"70",70,1,17.2080663218073
"71",71,1,17.1139008502908
"72",72,1,18.3603782731195
"73",73,1,18.6527463607989
"74",74,1,21.8406245220794
"75",75,1,17.9399437393945
"76",76,1,18.1496346253508
"77",77,1,19.8031999766181
"78",78,1,17.9612264716391
"79",79,1,18.0821846750225
"80",80,1,19.2547309970466
"81",81,1,18.4767266994383
"82",82,1,17.8940181506334
"83",83,1,20.66345564039
"84",84,1,17.8380462717522
"85",85,1,19.072767249703
"86",86,1,20.405137872363
"87",87,1,18.614134946514
"88",88,1,20.7963471376185
"89",89,1,18.4306807026882
"90",90,1,17.7747587588464
"91",91,1,17.5752534650355
"92",92,1,18.0044941189296
"93",93,1,17.4396053304189
"94",94,1,18.2143521247495
"95",95,1,18.527052027751
"96",96,1,18.9642430166993
"97",97,1,18.1640429511857
"98",98,1,17.7026190626063
"99",99,1,18.9538198678819
"100",100,1,18.3688261394529
"101",1,2,9.81321032492396
"102",2,2,0
"103",3,2,9.30522317863702
"104",4,2,9.77922304129098
"105",5,2,9.79295355605159
"106",6,2,9.51568223027576
"107",7,2,9.97013614410755
"108",8,2,9.89451894821179
"109",9,2,10.6033020041123
"110",10,2,10.2626559867764
"111",11,2,10.4511578577537
"112",12,2,10.508440144155
"113",13,2,11.8770657939079
"114",14,2,10.6396371762932
"115",15,2,10.1106962925262
"116",16,2,9.60380953652554
"117",17,2,10.1814272696123
"118",18,2,10.235007926165
"119",19,2,10.528089003284
"120",20,2,10.0929914387702
"121",21,2,10.2043991378043
"122",22,2,10.0673831816765
"123",23,2,9.57710798630757
"124",24,2,10.4853500951521
"125",25,2,9.96779390286342
"126",26,2,10.2514977668123
"127",27,2,9.94802548801365
"128",28,2,10.0966597245628
"129",29,2,10.1033449936606
"130",30,2,10.4503231026318
"131",31,2,10.0589465385792
"132",32,2,9.86943087990959
"133",33,2,9.34642389653098
"134",34,2,10.2653547123755
"135",35,2,9.60254138690243
"136",36,2,9.99590317878802
"137",37,2,9.64572252417482
"138",38,2,9.75633621605324
"139",39,2,9.80351613557139
"140",40,2,9.92865516233458
"141",41,2,10.0372627999498
"142",42,2,10.3514136861904
"143",43,2,10.0182044920199
"144",44,2,10.7232104541497
"145",45,2,10.3428125509405
"146",46,2,10.2736216977736
"147",47,2,9.69475338175399
"148",48,2,10.799077520579
"149",49,2,10.9304430581943
"150",50,2,10.0266409132333
"151",51,2,17.4799280853356
"152",52,2,17.8185509094251
"153",53,2,18.5933342572012
"154",54,2,17.2308464606137
"155",55,2,17.2605265536327
"156",56,2,18.7411770265995
"157",57,2,18.2365552917719
"158",58,2,17.1704078247713
"159",59,2,17.460633161477
"160",60,2,17.3728520031695
"161",61,2,17.7827176223933
"162",62,2,17.1133469521485
"163",63,2,17.0720657909347
"164",64,2,18.8725585121577
"165",65,2,17.5771359768698
"166",66,2,17.5796816251669
"167",67,2,17.245243128719
"168",68,2,16.7333762192194
"169",69,2,18.2710909226821
"170",70,2,17.1520980910484
"171",71,2,17.1239842962394
"172",72,2,18.3486418652828
"173",73,2,18.6553186826081
"174",74,2,21.8794432027629
"175",75,2,18.0288319030847
"176",76,2,18.1487027686135
"177",77,2,19.5945027928752
"178",78,2,17.8591092263153
"179",79,2,17.7705053338733
"180",80,2,19.0335626870981
"181",81,2,18.2760491005824
"182",82,2,17.933158113031
"183",83,2,20.350492534485
"184",84,2,17.7831979730314
"185",85,2,18.8851643613589
"186",86,2,20.2369292299669
"187",87,2,18.5951839355437
"188",88,2,20.7746266129168
"189",89,2,18.3708708727745
"190",90,2,17.7894756169409
"191",91,2,17.5658096141049
"192",92,2,17.9588264103647
"193",93,2,17.2348859609363
"194",94,2,18.0731061700241
"195",95,2,18.5642597765614
"196",96,2,18.9327410660437
"197",97,2,18.166534565098
"198",98,2,17.7982045818824
"199",99,2,18.8256449699198
"200",100,2,17.895148797783
"201",1,3,9.98647153366686
"202",2,3,9.30522317863702
"203",3,3,0
"204",4,3,9.37582556077234
"205",5,3,9.350684483852
"206",6,3,9.14925667143549
"207",7,3,9.49101533090916
"208",8,3,10.055302798859
"209",9,3,10.5194806306605
"210",10,3,10.0269435136043
"211",11,3,9.8361655079952
"212",12,3,10.1069612987582
"213",13,3,11.4254358722924
"214",14,3,10.2674182128656
"215",15,3,9.98037907341966
"216",16,3,9.8824520262226
"217",17,3,9.85197310929249
"218",18,3,9.74262000215757
"219",19,3,10.2125209846373
"220",20,3,9.78663376888807
"221",21,3,9.96723355539936
"222",22,3,9.7414629090909
"223",23,3,9.67246979112793
"224",24,3,9.91555029567352
"225",25,3,9.85029985272095
"226",26,3,9.6674428150045
"227",27,3,9.86310307033832
"228",28,3,9.67692552431802
"229",29,3,9.79246549309018
"230",30,3,9.93435192931888
"231",31,3,9.71815187861788
"232",32,3,9.66084338282604
"233",33,3,9.377157597613
"234",34,3,9.72431752587351
"235",35,3,9.66534244902464
"236",36,3,9.44193425848965
"237",37,3,9.62403395945052
"238",38,3,9.78992136757867
"239",39,3,9.31790694344347
"240",40,3,9.72088426107156
"241",41,3,9.6658760680319
"242",42,3,9.78204534918872
"243",43,3,9.6963789400052
"244",44,3,9.80832082498984
"245",45,3,9.71105061054307
"246",46,3,9.79817788131401
"247",47,3,9.87301615786834
"248",48,3,10.4006759718578
"249",49,3,10.4267163648835
"250",50,3,9.77296129798103
"251",51,3,17.6523954148755
"252",52,3,17.9088377111089
"253",53,3,18.616695916248
"254",54,3,17.3899635804624
"255",55,3,17.5044649158245
"256",56,3,18.6932056502608
"257",57,3,18.338852291011
"258",58,3,17.4593126615927
"259",59,3,17.4181769601321
"260",60,3,17.3639235725898
"261",61,3,17.7110891431139
"262",62,3,17.3619609501568
"263",63,3,17.1634192297939
"264",64,3,18.80578878425
"265",65,3,17.8551551542312
"266",66,3,17.5833321000145
"267",67,3,17.1944045277181
"268",68,3,16.8569992439619
"269",69,3,18.2367496459993
"270",70,3,17.2194472811404
"271",71,3,17.0439515021805
"272",72,3,18.5886045576674
"273",73,3,18.392233322531
"274",74,3,21.6895202978439
"275",75,3,18.110401211077
"276",76,3,18.128405882227
"277",77,3,19.8449285994877
"278",78,3,17.9287091371403
"279",79,3,17.7915710776568
"280",80,3,18.929831119077
"281",81,3,18.1040700895848
"282",82,3,18.0178118251835
"283",83,3,20.4983871197976
"284",84,3,17.9314857485475
"285",85,3,18.8693411256951
"286",86,3,20.0372933652866
"287",87,3,18.8518923990751
"288",88,3,20.7158713527066
"289",89,3,18.3977046763214
"290",90,3,17.900793099706
"291",91,3,17.7057860860671
"292",92,3,17.9211155556061
"293",93,3,17.2815946970258
"294",94,3,18.1525190830154
"295",95,3,18.4375793926603
"296",96,3,19.0107847218896
"297",97,3,18.2284326754621
"298",98,3,17.8226714007079
"299",99,3,19.0286959077487
"300",100,3,18.0096965014823
"301",1,4,10.3286766483267
"302",2,4,9.77922304129098
"303",3,4,9.37582556077234
"304",4,4,0
"305",5,4,9.11451010041523
"306",6,4,9.16453300315229
"307",7,4,9.64059855936229
"308",8,4,9.85400640797272
"309",9,4,10.0126309999393
"310",10,4,9.76871459553101
"311",11,4,10.0052437268026
"312",12,4,10.2708227129593
"313",13,4,11.6835095587601
"314",14,4,10.1481881455401
"315",15,4,10.1319947608858
"316",16,4,9.88155668135695
"317",17,4,9.87861039346045
"318",18,4,10.143713549662
"319",19,4,9.8894977600188
"320",20,4,9.72170564772691
"321",21,4,9.97327236443631
"322",22,4,9.90334316583962
"323",23,4,9.81608269473974
"324",24,4,10.0683396015425
"325",25,4,9.93507510023476
"326",26,4,9.70931032802573
"327",27,4,9.96125319776293
"328",28,4,9.61805331490533
"329",29,4,10.0441337654006
"330",30,4,10.0552929178954
"331",31,4,9.59547293103925
"332",32,4,9.85668017936644
"333",33,4,9.36749726351719
"334",34,4,9.68248670384927
"335",35,4,9.41003431772724
"336",36,4,9.45628590267537
"337",37,4,9.49636998384269
"338",38,4,9.87124395568502
"339",39,4,9.88451491522387
"340",40,4,9.78055119371277
"341",41,4,9.42166528874865
"342",42,4,9.8487859960557
"343",43,4,9.91839554850075
"344",44,4,10.2106589253804
"345",45,4,9.82316179788618
"346",46,4,10.2285657931241
"347",47,4,10.0440895203425
"348",48,4,10.5289094415151
"349",49,4,10.4140442000052
"350",50,4,9.79674099798775
"351",51,4,16.6892902394826
"352",52,4,17.149043701071
"353",53,4,17.910036239845
"354",54,4,16.4722899634465
"355",55,4,17.0460701536324
"356",56,4,17.9313100869661
"357",57,4,17.6151744425407
"358",58,4,16.5406666636709
"359",59,4,16.8067182881954
"360",60,4,16.509960231158
"361",61,4,16.9544055435443
"362",62,4,16.435906850141
"363",63,4,16.4959973695459
"364",64,4,18.0127623519724
"365",65,4,16.9442539800994
"366",66,4,16.7990707487147
"367",67,4,16.3955507419483
"368",68,4,16.0249362427518
"369",69,4,17.5135928910278
"370",70,4,16.3014956256146
"371",71,4,16.1866411365406
"372",72,4,17.7652752351294
"373",73,4,17.591559325594
"374",74,4,20.8668928794531
"375",75,4,17.2085981315862
"376",76,4,17.2494589620664
"377",77,4,18.967663589708
"378",78,4,16.9930500982806
"379",79,4,17.0913237118259
"380",80,4,18.1775752610012
"381",81,4,17.3713319072944
"382",82,4,17.2449079457523
"383",83,4,19.6105603800078
"384",84,4,17.1239575444638
"385",85,4,18.1070627876674
"386",86,4,19.4064118260261
"387",87,4,17.9739713803798
"388",88,4,19.9837071450413
"389",89,4,17.6609424395027
"390",90,4,17.3714397393016
"391",91,4,17.126748656862
"392",92,4,17.2105339449708
"393",93,4,16.6972093934215
"394",94,4,17.4417416368999
"395",95,4,17.6277796737124
"396",96,4,18.1016270603625
"397",97,4,17.3484721163264
"398",98,4,17.0094609053009
"399",99,4,18.1354364433133
"400",100,4,17.1910831954025
"401",1,5,9.72499188571065
"402",2,5,9.79295355605159
"403",3,5,9.350684483852
"404",4,5,9.11451010041523
"405",5,5,0
"406",6,5,8.88196962863541
"407",7,5,9.40290584867121
"408",8,5,9.43534651507341
"409",9,5,10.0544796916639
"410",10,5,9.82616173255683
"411",11,5,10.0565511213549
"412",12,5,10.7229230485595
"413",13,5,11.4196517821658
"414",14,5,10.3226481631222
"415",15,5,9.95731379608535
"416",16,5,10.0994833940909
"417",17,5,9.69729751536502
"418",18,5,9.76514862970477
"419",19,5,10.0849958371527
"420",20,5,9.65439300613407
"421",21,5,9.68662825228294
"422",22,5,10.0358362017803
"423",23,5,9.98248959375899
"424",24,5,9.73562057119977
"425",25,5,9.91472047016503
"426",26,5,9.75400184360201
"427",27,5,9.63116266294501
"428",28,5,9.28731729542093
"429",29,5,9.74635228027026
"430",30,5,10.2131069510799
"431",31,5,10.0533710055344
"432",32,5,9.74419417508934
"433",33,5,8.93890519626868
"434",34,5,9.59291973879476
"435",35,5,8.95016212602089
"436",36,5,9.45367129190133
"437",37,5,9.85866184818203
"438",38,5,9.94991603202766
"439",39,5,9.3717709281443
"440",40,5,9.70947487655769
"441",41,5,9.70279749774299
"442",42,5,9.59667607268061
"443",43,5,9.68202253842093
"444",44,5,10.0981488676456
"445",45,5,9.87450542349056
"446",46,5,10.1378701594761
"447",47,5,9.55714564590392
"448",48,5,10.169361794812
"449",49,5,10.1067912705645
"450",50,5,9.33231480981119
"451",51,5,16.8671450573141
"452",52,5,17.2319532801127
"453",53,5,17.6303086787208
"454",54,5,16.5104109303464
"455",55,5,16.8198369226523
"456",56,5,17.8794621594989
"457",57,5,17.4964157978929
"458",58,5,16.4657632207221
"459",59,5,16.2243718093552
"460",60,5,16.2483556266535
"461",61,5,16.0542320998497
"462",62,5,16.2510040228699
"463",63,5,16.5638756092107
"464",64,5,18.1748874000057
"465",65,5,17.0140058179018
"466",66,5,16.5956467169589
"467",67,5,16.1347741033354
"468",68,5,16.2243917792175
"469",69,5,17.8467432468632
"470",70,5,16.4821999788295
"471",71,5,16.255158796359
"472",72,5,17.922825414132
"473",73,5,17.6232791619501
"474",74,5,20.6404450399166
"475",75,5,17.0655429858736
"476",76,5,17.366442162885
"477",77,5,19.1305651106157
"478",78,5,17.0751302904403
"479",79,5,17.1059052411279
"480",80,5,18.2407220307122
"481",81,5,17.1076985815121
"482",82,5,17.1025145892929
"483",83,5,19.6990108226912
"484",84,5,17.2294067217252
"485",85,5,18.2444791776624
"486",86,5,19.630943997416
"487",87,5,17.9106938879758
"488",88,5,19.9814920747979
"489",89,5,17.4247527637024
"490",90,5,17.15267912962
"491",91,5,17.1370171648035
"492",92,5,17.1685963485257
"493",93,5,16.2690849715175
"494",94,5,17.504892518783
"495",95,5,17.6722660051012
"496",96,5,18.1946547918543
"497",97,5,17.3405087667596
"498",98,5,16.9186535310712
"499",99,5,18.1990712673565
"500",100,5,17.238423608517
"501",1,6,9.58113403910042
"502",2,6,9.51568223027576
"503",3,6,9.14925667143549
"504",4,6,9.16453300315229
"505",5,6,8.88196962863541
"506",6,6,0
"507",7,6,9.03692659760141
"508",8,6,9.27132368674151
"509",9,6,9.8276945138955
"510",10,6,9.10886323606272
"511",11,6,9.39489952746251
"512",12,6,9.74079972937867
"513",13,6,11.4615980159273
"514",14,6,9.22820742233023
"515",15,6,9.47695487821854
"516",16,6,9.38538434391591
"517",17,6,9.34606090298246
"518",18,6,8.98401100748324
"519",19,6,9.48632317982991
"520",20,6,9.17734099420018
"521",21,6,9.43920162402389
"522",22,6,9.61676168683571
"523",23,6,9.22764073960076
"524",24,6,9.48997308049098
"525",25,6,9.33797527418473
"526",26,6,9.09453383115402
"527",27,6,9.08271339665309
"528",28,6,8.8768626137921
"529",29,6,9.33278272924093
"530",30,6,9.29036861633114
"531",31,6,8.94978452565833
"532",32,6,9.39154559807116
"533",33,6,8.48902168764154
"534",34,6,8.98867328992788
"535",35,6,8.62169734647804
"536",36,6,8.89795816159554
"537",37,6,8.93134867063583
"538",38,6,9.23642045364499
"539",39,6,9.28827617086244
"540",40,6,8.93067280927813
"541",41,6,8.76645047832893
"542",42,6,9.20435125981477
"543",43,6,9.06601987060785
"544",44,6,9.56084011908741
"545",45,6,9.10178201039204
"546",46,6,9.55630448679143
"547",47,6,9.3936834050499
"548",48,6,10.1649703029833
"549",49,6,9.96342868087629
"550",50,6,9.6001764704687
"551",51,6,17.0437026993745
"552",52,6,17.2026287989137
"553",53,6,17.9209860644569
"554",54,6,16.6055365110193
"555",55,6,16.8897684951909
"556",56,6,18.1700700436493
"557",57,6,17.6394583234441
"558",58,6,16.6231083807833
"559",59,6,16.7682973612502
"560",60,6,16.5812705360407
"561",61,6,16.8431155993443
"562",62,6,16.4691461488473
"563",63,6,16.3753522912443
"564",64,6,18.1572254984069
"565",65,6,16.8647362119744
"566",66,6,16.8461957134629
"567",67,6,16.4884713573183
"568",68,6,16.1224937208436
"569",69,6,17.704824989046
"570",70,6,16.320051173394
"571",71,6,16.4364660401527
"572",72,6,17.7259207864991
"573",73,6,17.6248671889831
"574",74,6,20.9315567690846
"575",75,6,17.2815128061354
"576",76,6,17.3948920946066
"577",77,6,19.1390596440547
"578",78,6,17.0725146165947
"579",79,6,17.2733378791678
"580",80,6,18.3599272835745
"581",81,6,17.5032570710781
"582",82,6,17.0924526423904
"583",83,6,19.7521073198378
"584",84,6,17.1310297249068
"585",85,6,18.105550369223
"586",86,6,19.4745703847069
"587",87,6,17.9654761114834
"588",88,6,19.9998654477636
"589",89,6,17.5111523597849
"590",90,6,17.2707250654962
"591",91,6,16.8767674989251
"592",92,6,17.1531958111087
"593",93,6,16.507519786161
"594",94,6,17.5764876200235
"595",95,6,17.8328232156018
"596",96,6,18.2413733045088
"597",97,6,17.3714666171689
"598",98,6,17.1687113840216
"599",99,6,18.183183334815
"600",100,6,17.2914819768015
"601",1,7,10.1477863101849
"602",2,7,9.97013614410755
"603",3,7,9.49101533090916
"604",4,7,9.64059855936229
"605",5,7,9.40290584867121
"606",6,7,9.03692659760141
"607",7,7,0
"608",8,7,9.40594089444469
"609",9,7,9.60442697756945
"610",10,7,9.40159184759735
"611",11,7,9.74248356350902
"612",12,7,10.2228643984638
"613",13,7,11.6174048011647
"614",14,7,10.0171914492416
"615",15,7,10.2369549940477
"616",16,7,9.94024478907301
"617",17,7,9.69248760928018
"618",18,7,9.64937013422034
"619",19,7,9.5571571876472
"620",20,7,9.79899581048547
"621",21,7,9.90810764320017
"622",22,7,9.78152085557457
"623",23,7,9.42598720811722
"624",24,7,9.67724562416291
"625",25,7,9.70000434904428
"626",26,7,9.57659974420572
"627",27,7,9.65636228058735
"628",28,7,9.63168623326478
"629",29,7,9.35083557098691
"630",30,7,9.97863204695269
"631",31,7,9.66993048317652
"632",32,7,9.24745355514609
"633",33,7,8.93071345086153
"634",34,7,9.54440974078218
"635",35,7,8.9680702429851
"636",36,7,9.3093347038759
"637",37,7,9.56267642703151
"638",38,7,9.59386578039754
"639",39,7,9.58089979099456
"640",40,7,9.78247792882174
"641",41,7,9.57959424691345
"642",42,7,9.703667981096
"643",43,7,9.47225406813648
"644",44,7,10.1513856075084
"645",45,7,9.85216062106581
"646",46,7,9.92120607643728
"647",47,7,9.96044864316597
"648",48,7,10.1610076604988
"649",49,7,9.80645319274949
"650",50,7,9.85123437034326
"651",51,7,16.8407360326786
"652",52,7,17.2550572052728
"653",53,7,17.8219220985576
"654",54,7,16.8204757345339
"655",55,7,16.7972104135944
"656",56,7,18.055103782252
"657",57,7,17.5897448461428
"658",58,7,16.6662836308809
"659",59,7,16.7013050767447
"660",60,7,16.6372756816787
"661",61,7,16.8618086018444
"662",62,7,16.6604134384559
"663",63,7,16.525668340835
"664",64,7,18.0940643832761
"665",65,7,16.9732189517011
"666",66,7,16.789203064696
"667",67,7,16.4154679741181
"668",68,7,16.1760929123164
"669",69,7,17.6320090792042
"670",70,7,16.3483139110028
"671",71,7,16.3093930897346
"672",72,7,17.8161706072238
"673",73,7,17.9028508364134
"674",74,7,20.9563519437244
"675",75,7,17.304987124438
"676",76,7,17.4779146286515
"677",77,7,19.1260979041912
"678",78,7,17.1793856121032
"679",79,7,17.407507969323
"680",80,7,18.1298766291307
"681",81,7,17.3923141567793
"682",82,7,17.3972116865398
"683",83,7,19.706937920106
"684",84,7,17.0287196778064
"685",85,7,18.115193943626
"686",86,7,19.4263074322977
"687",87,7,17.6861340863004
"688",88,7,19.8872485847997
"689",89,7,17.5738123427454
"690",90,7,17.2767830418384
"691",91,7,17.1106337384746
"692",92,7,17.3379698199891
"693",93,7,16.7307989609926
"694",94,7,17.5838978743867
"695",95,7,17.8416110673148
"696",96,7,18.1953781626426
"697",97,7,17.5017349643667
"698",98,7,17.169220335919
"699",99,7,18.2351587112231
"700",100,7,17.3601704295983
"701",1,8,10.5256538070076
"702",2,8,9.89451894821179
"703",3,8,10.055302798859
"704",4,8,9.85400640797272
"705",5,8,9.43534651507341
"706",6,8,9.27132368674151
"707",7,8,9.40594089444469
"708",8,8,0
"709",9,8,9.75974887617783
"710",10,8,9.87546332712101
"711",11,8,9.77861674474645
"712",12,8,10.6420706597607
"713",13,8,11.3658304064544
"714",14,8,10.0611823757519
"715",15,8,10.0059657161576
"716",16,8,10.2318688699127
"717",17,8,10.3155239267604
"718",18,8,10.1079299726872
"719",19,8,10.1126068066143
"720",20,8,10.0366394566024
"721",21,8,10.040787390155
"722",22,8,10.2485100111224
"723",23,8,9.79966259996389
"724",24,8,9.69815078076438
"725",25,8,9.7849505031212
"726",26,8,10.0987344106253
"727",27,8,9.74419811577111
"728",28,8,9.53061728835707
"729",29,8,9.38094900501743
"730",30,8,9.86635727612362
"731",31,8,9.77147679310848
"732",32,8,10.0382986150522
"733",33,8,9.40156300503912
"734",34,8,9.7843534794859
"735",35,8,9.17394722702868
"736",36,8,9.50000470683633
"737",37,8,9.62562294876789
"738",38,8,9.57881430706185
"739",39,8,9.81560174355578
"740",40,8,9.76803473879542
"741",41,8,9.691037728569
"742",42,8,9.8748376861493
"743",43,8,10.0442084516275
"744",44,8,10.1740589580775
"745",45,8,10.3678826530548
"746",46,8,10.4400176630596
"747",47,8,9.67852019944062
"748",48,8,10.4964223041729
"749",49,8,10.4277697062138
"750",50,8,9.54730222245591
"751",51,8,17.3448242685882
"752",52,8,17.7421679241743
"753",53,8,18.2711577300107
"754",54,8,17.0271277979826
"755",55,8,17.0391325744271
"756",56,8,18.3903293358688
"757",57,8,17.9858154627598
"758",58,8,16.9159562674467
"759",59,8,17.2990167657171
"760",60,8,16.7316940114399
"761",61,8,17.2748092024354
"762",62,8,16.7491900242834
"763",63,8,16.6570186724709
"764",64,8,18.3663268589002
"765",65,8,17.1522363760519
"766",66,8,17.1703938675037
"767",67,8,16.8776792036441
"768",68,8,16.4799839047315
"769",69,8,18.029528470124
"770",70,8,16.6332645093159
"771",71,8,16.5842962815939
"772",72,8,18.1677742956751
"773",73,8,18.1795783851262
"774",74,8,21.2175627058037
"775",75,8,17.5108720832809
"776",76,8,17.6652876753585
"777",77,8,19.3525905463378
"778",78,8,17.5418228953499
"779",79,8,17.5933393113758
"780",80,8,18.7770589070098
"781",81,8,17.9517692855398
"782",82,8,17.7055909409439
"783",83,8,20.1790543567288
"784",84,8,17.363839926986
"785",85,8,18.527980810276
"786",86,8,20.0391456046778
"787",87,8,18.1819623265671
"788",88,8,20.5311412988979
"789",89,8,18.0153399980498
"790",90,8,17.7056542052155
"791",91,8,17.280217365864
"792",92,8,17.6484913303028
"793",93,8,17.1334675853179
"794",94,8,17.925081497329
"795",95,8,18.1416557703317
"796",96,8,18.6157644074911
"797",97,8,18.0351021304303
"798",98,8,17.5270826668776
"799",99,8,18.4123060935888
"800",100,8,17.571813504844
"801",1,9,10.7889251783872
"802",2,9,10.6033020041123
"803",3,9,10.5194806306605
"804",4,9,10.0126309999393
"805",5,9,10.0544796916639
"806",6,9,9.8276945138955
"807",7,9,9.60442697756945
"808",8,9,9.75974887617783
"809",9,9,0
"810",10,9,9.17136375846087
"811",11,9,9.92769368798602
"812",12,9,10.3447470859581
"813",13,9,11.8028473069971
"814",14,9,10.6778675986174
"815",15,9,10.6813934947805
"816",16,9,10.5832569828827
"817",17,9,10.4585744148266
"818",18,9,10.2657002875323
"819",19,9,10.3051091051018
"820",20,9,10.2242314479196
"821",21,9,10.5656329295216
"822",22,9,10.4722539370915
"823",23,9,9.96105143136746
"824",24,9,9.98059936151489
"825",25,9,10.0825414687443
"826",26,9,10.0147833722388
"827",27,9,10.0208457872544
"828",28,9,9.92359081054801
"829",29,9,9.98329858876223
"830",30,9,10.1272671302142
"831",31,9,9.61507107031844
"832",32,9,9.93642590882563
"833",33,9,9.4129056139242
"834",34,9,9.99446836030872
"835",35,9,9.89132705114933
"836",36,9,9.33676695879193
"837",37,9,10.0961647368871
"838",38,9,10.1611622152978
"839",39,9,10.4107354147242
"840",40,9,10.1418296319887
"841",41,9,9.78887586450549
"842",42,9,9.90321110334819
"843",43,9,10.0538336171011
"844",44,9,9.96237071803792
"845",45,9,10.1710011706621
"846",46,9,10.8311441643068
"847",47,9,10.3995098039394
"848",48,9,11.3836663550552
"849",49,9,10.6973137382179
"850",50,9,10.4472956507471
"851",51,9,16.6759045997063
"852",52,9,17.1167280841198
"853",53,9,17.6697232420282
"854",54,9,16.3647748121303
"855",55,9,16.569793745964
"856",56,9,17.9786511870587
"857",57,9,17.3787964625107
"858",58,9,16.5801851928209
"859",59,9,16.6854893998477
"860",60,9,16.4910278773883
"861",61,9,16.7722285498243
"862",62,9,16.4080387145445
"863",63,9,16.3037570522751
"864",64,9,17.8112297780845
"865",65,9,16.6719511119792
"866",66,9,16.8128200521553
"867",67,9,16.4899981683424
"868",68,9,16.0214884801651
"869",69,9,17.5691625521395
"870",70,9,16.2439082500445
"871",71,9,16.0657551131967
"872",72,9,17.846332670253
"873",73,9,17.7674752114416
"874",74,9,20.4697953097096
"875",75,9,16.7533304623111
"876",76,9,17.0416609273178
"877",77,9,18.5898851863595
"878",78,9,17.1871799812442
"879",79,9,17.2215795440515
"880",80,9,18.2489124610027
"881",81,9,17.6117959801067
"882",82,9,17.0838575325857
"883",83,9,19.5642625516268
"884",84,9,17.0383798117436
"885",85,9,17.8994583024684
"886",86,9,19.3839934039438
"887",87,9,17.5057843581351
"888",88,9,19.5460539797565
"889",89,9,17.4051497883047
"890",90,9,17.2923694607027
"891",91,9,16.850677942937
"892",92,9,17.022760574607
"893",93,9,16.5692520386869
"894",94,9,17.3229035138457
"895",95,9,17.6989433539716
"896",96,9,18.430303575689
"897",97,9,17.5361583643815
"898",98,9,16.9177066230342
"899",99,9,17.8868778109466
"900",100,9,17.1387465298627
"901",1,10,10.0106479381235
"902",2,10,10.2626559867764
"903",3,10,10.0269435136043
"904",4,10,9.76871459553101
"905",5,10,9.82616173255683
"906",6,10,9.10886323606272
"907",7,10,9.40159184759735
"908",8,10,9.87546332712101
"909",9,10,9.17136375846087
"910",10,10,0
"911",11,10,9.30597017977168
"912",12,10,10.1005926350026
"913",13,10,11.0962899098968
"914",14,10,9.91424416474428
"915",15,10,9.81061474952071
"916",16,10,10.261015295197
"917",17,10,9.75688595306165
"918",18,10,9.96561386632183
"919",19,10,9.54584582485593
"920",20,10,9.51043645110158
"921",21,10,9.77957613813046
"922",22,10,10.0064569388569
"923",23,10,9.53862757143262
"924",24,10,9.43319992976507
"925",25,10,9.89845954753369
"926",26,10,9.83208967918297
"927",27,10,9.78797751452399
"928",28,10,9.49022040199128
"929",29,10,10.0376960102393
"930",30,10,10.034189160158
"931",31,10,9.3584093943011
"932",32,10,9.45505360587596
"933",33,10,8.89166619809477
"934",34,10,9.42557391950379
"935",35,10,9.16098342312255
"936",36,10,9.26430975973
"937",37,10,9.52450867483225
"938",38,10,9.5989021863851
"939",39,10,9.61588450827594
"940",40,10,9.58467227232693
"941",41,10,9.68025805111028
"942",42,10,9.22475767499529
"943",43,10,9.55871310049818
"944",44,10,9.59151288605559
"945",45,10,9.98628646606662
"946",46,10,10.2147039153285
"947",47,10,10.0223917630483
"948",48,10,10.7116361001251
"949",49,10,10.1422619013133
"950",50,10,10.0300567083835
"951",51,10,16.916829411252
"952",52,10,17.229388271896
"953",53,10,17.8189917036751
"954",54,10,16.7291201413287
"955",55,10,16.9499300835345
"956",56,10,18.0516734552312
"957",57,10,17.5939460755829
"958",58,10,16.7138138262248
"959",59,10,16.79075603945
"960",60,10,16.6745942583637
"961",61,10,16.9431865728613
"962",62,10,16.7435150072161
"963",63,10,16.4234961112537
"964",64,10,18.0342194687625
"965",65,10,16.7239496589726
"966",66,10,16.9168231875317
"967",67,10,16.6469889190119
"968",68,10,16.213903438932
"969",69,10,17.8394720688
"970",70,10,16.4619921915091
"971",71,10,16.4698071601215
"972",72,10,17.9305892815787
"973",73,10,17.8400952015372
"974",74,10,20.8950916741906
"975",75,10,17.143939795608
"976",76,10,17.4690957515086
"977",77,10,19.0414518591606
"978",78,10,17.24400587488
"979",79,10,17.2794742373551
"980",80,10,18.3780501850118
"981",81,10,17.4570335118342
"982",82,10,17.3864555744483
"983",83,10,19.9120241663086
"984",84,10,17.2532650071822
"985",85,10,18.0872581918209
"986",86,10,19.5699339859133
"987",87,10,17.7805162873283
"988",88,10,20.0090232184556
"989",89,10,17.6851487044135
"990",90,10,17.3169408595596
"991",91,10,17.0748301605504
"992",92,10,17.3341914831009
"993",93,10,16.8241406977531
"994",94,10,17.4840673206409
"995",95,10,17.9562485122851
"996",96,10,18.4914645897927
"997",97,10,17.5745931255063
"998",98,10,17.3656320091034
"999",99,10,18.2592523435552
"1000",100,10,17.41047125531
"1001",1,11,9.97605701316173
"1002",2,11,10.4511578577537
"1003",3,11,9.8361655079952
"1004",4,11,10.0052437268026
"1005",5,11,10.0565511213549
"1006",6,11,9.39489952746251
"1007",7,11,9.74248356350902
"1008",8,11,9.77861674474645
"1009",9,11,9.92769368798602
"1010",10,11,9.30597017977168
"1011",11,11,0
"1012",12,11,9.51133325564567
"1013",13,11,10.475647429564
"1014",14,11,10.0443715921406
"1015",15,11,9.63996146778792
"1016",16,11,10.0553535029783
"1017",17,11,9.83600360510462
"1018",18,11,9.41407766813477
"1019",19,11,9.53703426364764
"1020",20,11,9.59794554329851
"1021",21,11,9.60098233926352
"1022",22,11,10.0109829912383
"1023",23,11,9.74063940419661
"1024",24,11,9.90277299608718
"1025",25,11,9.96549603402991
"1026",26,11,9.91605636501776
"1027",27,11,9.9571370427776
"1028",28,11,9.68586936722342
"1029",29,11,9.87226425283722
"1030",30,11,10.3759263445547
"1031",31,11,9.78272480694999
"1032",32,11,9.8434258026628
"1033",33,11,9.22168858289109
"1034",34,11,9.53000984969455
"1035",35,11,9.04705644815726
"1036",36,11,9.70897105947183
"1037",37,11,10.1149701552782
"1038",38,11,10.0869321546962
"1039",39,11,9.57568659676774
"1040",40,11,9.50570239804645
"1041",41,11,9.63736396957114
"1042",42,11,9.64936164255853
"1043",43,11,9.60385987777182
"1044",44,11,9.87574790624575
"1045",45,11,9.76247672802323
"1046",46,11,10.1016922287572
"1047",47,11,10.1685785820602
"1048",48,11,10.5772627128233
"1049",49,11,10.0780503975955
"1050",50,11,10.3860215885467
"1051",51,11,16.9943460562432
"1052",52,11,17.3109165861057
"1053",53,11,17.7778652353633
"1054",54,11,16.7500062869734
"1055",55,11,16.8691049779479
"1056",56,11,18.0286653238427
"1057",57,11,17.6801494021411
"1058",58,11,16.5372585119582
"1059",59,11,16.3348479684311
"1060",60,11,16.3227164550059
"1061",61,11,16.2029038766036
"1062",62,11,16.6698571168405
"1063",63,11,16.4190690689265
"1064",64,11,18.277286572215
"1065",65,11,17.0036103137155
"1066",66,11,16.7234183686788
"1067",67,11,16.3151586268226
"1068",68,11,16.3142438739481
"1069",69,11,17.7672042873503
"1070",70,11,16.5770924875719
"1071",71,11,16.4929735626866
"1072",72,11,17.9890068763356
"1073",73,11,17.6454902870794
"1074",74,11,20.6182371040154
"1075",75,11,16.9084183652753
"1076",76,11,17.3703215587919
"1077",77,11,18.8912308181226
"1078",78,11,17.0989861776808
"1079",79,11,17.4573982495104
"1080",80,11,18.1902404153108
"1081",81,11,17.3460555400462
"1082",82,11,17.01510652159
"1083",83,11,19.862211708147
"1084",84,11,17.4154676524591
"1085",85,11,18.0643698578419
"1086",86,11,19.4432086186196
"1087",87,11,17.7031310826683
"1088",88,11,19.8273207755114
"1089",89,11,17.534059280138
"1090",90,11,17.2061264924055
"1091",91,11,17.1344850918646
"1092",92,11,17.0633450263606
"1093",93,11,16.5742936892725
"1094",94,11,17.5325316393287
"1095",95,11,17.7797084262906
"1096",96,11,18.2804246794316
"1097",97,11,17.471102195281
"1098",98,11,17.055416974759
"1099",99,11,18.4115752862626
"1100",100,11,17.1818154317512
"1101",1,12,10.5841477498439
"1102",2,12,10.508440144155
"1103",3,12,10.1069612987582
"1104",4,12,10.2708227129593
"1105",5,12,10.7229230485595
"1106",6,12,9.74079972937867
"1107",7,12,10.2228643984638
"1108",8,12,10.6420706597607
"1109",9,12,10.3447470859581
"1110",10,12,10.1005926350026
"1111",11,12,9.51133325564567
"1112",12,12,0
"1113",13,12,11.2634446369297
"1114",14,12,10.3988277106791
"1115",15,12,10.1233965332417
"1116",16,12,10.1134940680704
"1117",17,12,10.416037749057
"1118",18,12,10.1016936106464
"1119",19,12,10.1249602470696
"1120",20,12,9.9110163144928
"1121",21,12,10.2762534008257
"1122",22,12,10.4600995249601
"1123",23,12,10.1853614165025
"1124",24,12,10.4913005215735
"1125",25,12,10.4048232334854
"1126",26,12,10.6115593490853
"1127",27,12,10.6078973329965
"1128",28,12,10.0223077555834
"1129",29,12,10.4117829125454
"1130",30,12,10.1330075585605
"1131",31,12,9.9148225811886
"1132",32,12,9.88188694024765
"1133",33,12,9.6828678168085
"1134",34,12,10.1123834428764
"1135",35,12,10.2912509326689
"1136",36,12,10.4686967199007
"1137",37,12,10.1894042231109
"1138",38,12,10.1384853851082
"1139",39,12,10.344147856579
"1140",40,12,10.2283900666411
"1141",41,12,10.0726820135127
"1142",42,12,10.4386113497725
"1143",43,12,10.3008028465257
"1144",44,12,10.069539871886
"1145",45,12,10.0909343345264
"1146",46,12,10.6058418101593
"1147",47,12,10.7194454954341
"1148",48,12,11.4719834679223
"1149",49,12,10.9755076321665
"1150",50,12,10.7936763952896
"1151",51,12,17.8499392426103
"1152",52,12,18.0979705851949
"1153",53,12,18.7735411813671
"1154",54,12,17.7442767294817
"1155",55,12,17.875062442554
"1156",56,12,18.900215523451
"1157",57,12,18.6186143686003
"1158",58,12,17.5742035592427
"1159",59,12,17.6613672284857
"1160",60,12,17.6611272548244
"1161",61,12,17.8554873134333
"1162",62,12,17.6247931537521
"1163",63,12,17.5206758121878
"1164",64,12,18.9727736622544
"1165",65,12,17.8963690417475
"1166",66,12,17.7926652523604
"1167",67,12,17.6881857502896
"1168",68,12,17.1259478087735
"1169",69,12,18.6728716144354
"1170",70,12,17.5143265059495
"1171",71,12,17.357631027694
"1172",72,12,18.9246205640383
"1173",73,12,18.7655477374559
"1174",74,12,21.8225551224303
"1175",75,12,17.9622740344474
"1176",76,12,18.1337013848246
"1177",77,12,19.9216111196649
"1178",78,12,18.2936662262023
"1179",79,12,18.3732388097282
"1180",80,12,19.3304808927227
"1181",81,12,18.353911219445
"1182",82,12,18.2656176139228
"1183",83,12,20.6275984963305
"1184",84,12,18.2177631656082
"1185",85,12,19.0883257109655
"1186",86,12,20.2308507802629
"1187",87,12,18.8193818772535
"1188",88,12,20.9792891169452
"1189",89,12,18.6858415366929
"1190",90,12,18.24801231771
"1191",91,12,17.9503891988908
"1192",92,12,18.1150807566288
"1193",93,12,17.6228382887718
"1194",94,12,18.429974917955
"1195",95,12,18.8325152484021
"1196",96,12,19.2251056639591
"1197",97,12,18.4181214913549
"1198",98,12,18.0887034211082
"1199",99,12,19.2109108283332
"1200",100,12,18.1503462218103
"1201",1,13,11.0537978588644
"1202",2,13,11.8770657939079
"1203",3,13,11.4254358722924
"1204",4,13,11.6835095587601
"1205",5,13,11.4196517821658
"1206",6,13,11.4615980159273
"1207",7,13,11.6174048011647
"1208",8,13,11.3658304064544
"1209",9,13,11.8028473069971
"1210",10,13,11.0962899098968
"1211",11,13,10.475647429564
"1212",12,13,11.2634446369297
"1213",13,13,0
"1214",14,13,10.7868803298884
"1215",15,13,10.585832798562
"1216",16,13,11.8194884412605
"1217",17,13,11.0753551151327
"1218",18,13,11.4637883853215
"1219",19,13,11.1797860899369
"1220",20,13,10.538664966438
"1221",21,13,10.8146581601918
"1222",22,13,11.7135899782745
"1223",23,13,11.1756414172579
"1224",24,13,10.5268901329379
"1225",25,13,11.3667967031573
"1226",26,13,12.3401391616183
"1227",27,13,11.5488009517007
"1228",28,13,11.2994340773012
"1229",29,13,11.440389523786
"1230",30,13,11.827756641275
"1231",31,13,11.4651354257859
"1232",32,13,11.245609413036
"1233",33,13,11.0822353104965
"1234",34,13,11.7218083041524
"1235",35,13,11.6083618086713
"1236",36,13,11.970171916544
"1237",37,13,11.7121547152
"1238",38,13,12.1630337296659
"1239",39,13,11.0675816883803
"1240",40,13,11.474420021391
"1241",41,13,11.8292841480046
"1242",42,13,10.6922448667686
"1243",43,13,11.1361119004993
"1244",44,13,11.2002126025818
"1245",45,13,11.2898073790008
"1246",46,13,11.2976935382533
"1247",47,13,11.502290154724
"1248",48,13,11.0509301871014
"1249",49,13,11.0731803098069
"1250",50,13,11.8076338695214
"1251",51,13,19.4775647324068
"1252",52,13,19.6992947335093
"1253",53,13,20.5185625126745
"1254",54,13,19.4632755541714
"1255",55,13,19.3307377067289
"1256",56,13,20.7084533879867
"1257",57,13,20.0762002742228
"1258",58,13,19.1292437517339
"1259",59,13,19.1977226728043
"1260",60,13,19.3035245041461
"1261",61,13,19.3824819408614
"1262",62,13,19.2508107895382
"1263",63,13,18.8622905246989
"1264",64,13,20.6220038107338
"1265",65,13,19.2831181331297
"1266",66,13,19.3734298681575
"1267",67,13,19.1756741428413
"1268",68,13,18.794634411952
"1269",69,13,20.3151228163151
"1270",70,13,19.1717248953153
"1271",71,13,19.1749112954351
"1272",72,13,20.583179237892
"1273",73,13,20.4641629750629
"1274",74,13,23.7241331294954
"1275",75,13,19.4564289975279
"1276",76,13,19.8678313777811
"1277",77,13,21.5035034061034
"1278",78,13,19.8454883944486
"1279",79,13,20.059251976597
"1280",80,13,21.1388719331953
"1281",81,13,19.9755396836386
"1282",82,13,19.7918326074569
"1283",83,13,22.5107345534884
"1284",84,13,19.8624553182845
"1285",85,13,20.8065166191511
"1286",86,13,22.1787529670504
"1287",87,13,20.5349049471262
"1288",88,13,22.7552539564261
"1289",89,13,20.3969467376816
"1290",90,13,19.8395794512037
"1291",91,13,19.588133424834
"1292",92,13,19.5896501457254
"1293",93,13,19.3392360860057
"1294",94,13,20.1885053915033
"1295",95,13,20.5287711830782
"1296",96,13,20.9235298155439
"1297",97,13,20.0288055658463
"1298",98,13,19.4581245385826
"1299",99,13,20.7471787810512
"1300",100,13,19.7540413751438
"1301",1,14,10.2814576280482
"1302",2,14,10.6396371762932
"1303",3,14,10.2674182128656
"1304",4,14,10.1481881455401
"1305",5,14,10.3226481631222
"1306",6,14,9.22820742233023
"1307",7,14,10.0171914492416
"1308",8,14,10.0611823757519
"1309",9,14,10.6778675986174
"1310",10,14,9.91424416474428
"1311",11,14,10.0443715921406
"1312",12,14,10.3988277106791
"1313",13,14,10.7868803298884
"1314",14,14,0
"1315",15,14,9.50135577755705
"1316",16,14,9.97069747576533
"1317",17,14,9.61832010609175
"1318",18,14,9.97229354835014
"1319",19,14,9.68540988648836
"1320",20,14,9.79693420309738
"1321",21,14,9.94289259079346
"1322",22,14,10.1606883400903
"1323",23,14,10.1602109090785
"1324",24,14,9.98476686009857
"1325",25,14,10.1322890625359
"1326",26,14,10.2336052900832
"1327",27,14,10.343182949699
"1328",28,14,10.0316724900917
"1329",29,14,10.3515420538976
"1330",30,14,10.0370563073452
"1331",31,14,9.90681491670601
"1332",32,14,9.9444666133551
"1333",33,14,9.34030063261122
"1334",34,14,9.82049322414973
"1335",35,14,9.54611045013579
"1336",36,14,10.0315537880997
"1337",37,14,9.77105914786758
"1338",38,14,10.1111142030131
"1339",39,14,9.88686660657908
"1340",40,14,9.86227898077063
"1341",41,14,9.5903000968837
"1342",42,14,9.77854043337597
"1343",43,14,9.87580081395084
"1344",44,14,10.2426003551339
"1345",45,14,10.5501281603726
"1346",46,14,10.3518862139976
"1347",47,14,10.2108238511626
"1348",48,14,10.5988963637774
"1349",49,14,10.4572714977338
"1350",50,14,10.1815646219099
"1351",51,14,17.7474619039697
"1352",52,14,17.9316157398465
"1353",53,14,18.5220482125038
"1354",54,14,17.4338270654604
"1355",55,14,17.5751263752485
"1356",56,14,18.7140107475129
"1357",57,14,18.4502637281478
"1358",58,14,17.1987753673583
"1359",59,14,17.5222812069234
"1360",60,14,17.2349291008817
"1361",61,14,17.462821646088
"1362",62,14,17.2066870675082
"1363",63,14,17.0308270317077
"1364",64,14,18.7404140635288
"1365",65,14,17.6293003880864
"1366",66,14,17.4392822228105
"1367",67,14,17.1387300828371
"1368",68,14,16.7581951759697
"1369",69,14,18.4374824494262
"1370",70,14,17.2123573182778
"1371",71,14,17.0591429390114
"1372",72,14,18.5689153028159
"1373",73,14,18.4078421848985
"1374",74,14,21.4802115936208
"1375",75,14,17.8904953838937
"1376",76,14,18.0508463329442
"1377",77,14,19.8567657589989
"1378",78,14,17.8922533653378
"1379",79,14,17.8987612076916
"1380",80,14,18.9124907144137
"1381",81,14,18.1817814923622
"1382",82,14,18.0906331408416
"1383",83,14,20.4664988845841
"1384",84,14,17.7816305430874
"1385",85,14,18.8544614812415
"1386",86,14,20.1763262719389
"1387",87,14,18.597953706034
"1388",88,14,20.6257371895069
"1389",89,14,18.3484886034426
"1390",90,14,18.0900109585828
"1391",91,14,18.0326119392765
"1392",92,14,17.7843621824408
"1393",93,14,17.3494637095518
"1394",94,14,18.3390309106609
"1395",95,14,18.5308895689316
"1396",96,14,18.8831729412352
"1397",97,14,18.2360509883677
"1398",98,14,17.8241935180664
"1399",99,14,18.7828497172666
"1400",100,14,18.1266870774254
"1401",1,15,9.66788443922982
"1402",2,15,10.1106962925262
"1403",3,15,9.98037907341966
"1404",4,15,10.1319947608858
"1405",5,15,9.95731379608535
"1406",6,15,9.47695487821854
"1407",7,15,10.2369549940477
"1408",8,15,10.0059657161576
"1409",9,15,10.6813934947805
"1410",10,15,9.81061474952071
"1411",11,15,9.63996146778792
"1412",12,15,10.1233965332417
"1413",13,15,10.585832798562
"1414",14,15,9.50135577755705
"1415",15,15,0
"1416",16,15,9.55898131463452
