"","row","col","value"
"1",1,1,0
"2",2,1,9.81321032492396
"3",3,1,9.98647153366686
"4",4,1,10.3286766483267
"5",5,1,9.72499188571065
"6",6,1,9.58113403910042
"7",7,1,10.1477863101849
"8",8,1,10.5256538070076
"9",9,1,10.7889251783872
"10",10,1,10.0106479381235
"11",11,1,9.97605701316173
"12",12,1,10.5841477498439
"13",13,1,11.0537978588644
"14",14,1,10.2814576280482
"15",15,1,9.66788443922982
"16",16,1,10.3026560764646
"17",17,1,9.62015764672305
"18",18,1,9.87457132834779
"19",19,1,9.70640292536034
"20",20,1,9.5116048818045
"21",21,1,9.5131855509339
"22",22,1,10.3516044502965
"23",23,1,9.84714693482672
"24",24,1,9.74791191974437
"25",25,1,10.285467570042
"26",26,1,10.4737251388654
"27",27,1,10.0950473761099
"28",28,1,9.64521174662367
"29",29,1,10.1748653514097
"30",30,1,10.3199323045977
"31",31,1,10.0092495228055
"32",32,1,9.44842740264909
"33",33,1,9.26418969665164
"34",34,1,9.92226109910482
"35",35,1,9.77257745237137
"36",36,1,10.1078157219955
"37",37,1,9.95945994437614
"38",38,1,10.3217296954262
"39",39,1,9.61229344604865
"40",40,1,9.73776259170247
"41",41,1,10.2283481348802
"42",42,1,9.65455089590532
"43",43,1,10.2603047653466
"44",44,1,10.0863238509959
"45",45,1,9.87734569737689
"46",46,1,10.1545764871564
"47",47,1,9.79413174379195
"48",48,1,10.1152931750536
"49",49,1,9.90674551040838
"50",50,1,10.1670003756695
"51",51,1,16.9078779149563
"52",52,1,17.9274520633515
"53",53,1,17.1022392338604
"54",54,1,16.9750135806648
"55",55,1,17.5228324986774
"56",56,1,17.4075864502788
"57",57,1,17.9215595062333
"58",58,1,17.3863669346757
"59",59,1,17.904474661766
"60",60,1,17.3277284950142
"61",61,1,17.9518555651045
"62",62,1,17.5486098619915
"63",63,1,17.164527123372
"64",64,1,17.5263222958217
"65",65,1,17.6543235377551
"66",66,1,17.8883322872815
"67",67,1,17.299252207511
"68",68,1,17.8514964122946
"69",69,1,17.8368168731076
"70",70,1,17.6250007887467
"71",71,1,17.4430505006649
"72",72,1,17.7962697807319
"73",73,1,17.9934188826159
"74",74,1,17.7117379617531
"75",75,1,16.8924532550164
"76",76,1,17.7012003533089
"77",77,1,16.9039490477566
"78",78,1,17.3211912622233
"79",79,1,17.9727878658412
"80",80,1,18.4670535841202
"81",81,1,17.216299574783
"82",82,1,17.3514940988307
"83",83,1,18.046944314208
"84",84,1,17.7630879332101
"85",85,1,17.639986068569
"86",86,1,17.8053737566811
"87",87,1,18.3639597154084
"88",88,1,18.083902498979
"89",89,1,17.5309754930942
"90",90,1,18.3158827608233
"91",91,1,17.3885468934898
"92",92,1,16.888851381206
"93",93,1,17.0780678334159
"94",94,1,18.1068124557529
"95",95,1,17.4318226820877
"96",96,1,18.0352615831827
"97",97,1,17.0703053346814
"98",98,1,16.6923620358223
"99",99,1,17.5008262963186
"100",100,1,17.0643892052174
"101",1,2,9.81321032492396
"102",2,2,0
"103",3,2,9.30522317863702
"104",4,2,9.77922304129098
"105",5,2,9.79295355605159
"106",6,2,9.51568223027576
"107",7,2,9.97013614410755
"108",8,2,9.89451894821179
"109",9,2,10.6033020041123
"110",10,2,10.2626559867764
"111",11,2,10.4511578577537
"112",12,2,10.508440144155
"113",13,2,11.8770657939079
"114",14,2,10.6396371762932
"115",15,2,10.1106962925262
"116",16,2,9.60380953652554
"117",17,2,10.1814272696123
"118",18,2,10.235007926165
"119",19,2,10.528089003284
"120",20,2,10.0929914387702
"121",21,2,10.2043991378043
"122",22,2,10.0673831816765
"123",23,2,9.57710798630757
"124",24,2,10.4853500951521
"125",25,2,9.96779390286342
"126",26,2,10.2514977668123
"127",27,2,9.94802548801365
"128",28,2,10.0966597245628
"129",29,2,10.1033449936606
"130",30,2,10.4503231026318
"131",31,2,10.0589465385792
"132",32,2,9.86943087990959
"133",33,2,9.34642389653098
"134",34,2,10.2653547123755
"135",35,2,9.60254138690243
"136",36,2,9.99590317878802
"137",37,2,9.64572252417482
"138",38,2,9.75633621605324
"139",39,2,9.80351613557139
"140",40,2,9.92865516233458
"141",41,2,10.0372627999498
"142",42,2,10.3514136861904
"143",43,2,10.0182044920199
"144",44,2,10.7232104541497
"145",45,2,10.3428125509405
"146",46,2,10.2736216977736
"147",47,2,9.69475338175399
"148",48,2,10.799077520579
"149",49,2,10.9304430581943
"150",50,2,10.0266409132333
"151",51,2,17.0089957286575
"152",52,2,17.5764457334006
"153",53,2,17.0633475941663
"154",54,2,16.7556566295152
"155",55,2,17.1924941545679
"156",56,2,17.2886588804678
"157",57,2,17.8095696543406
"158",58,2,17.1316741131264
"159",59,2,17.5790157999107
"160",60,2,17.0838685424458
"161",61,2,17.843352762423
"162",62,2,17.3267464971899
"163",63,2,16.927690449941
"164",64,2,17.2823745942494
"165",65,2,17.3303174384792
"166",66,2,17.6432072489648
"167",67,2,17.0318818491009
"168",68,2,17.6260556292152
"169",69,2,17.4811813857824
"170",70,2,17.2316479040277
"171",71,2,17.3017219374568
"172",72,2,17.4225680147989
"173",73,2,17.7231139889976
"174",74,2,17.4508919207874
"175",75,2,16.8555755672854
"176",76,2,17.6519312025343
"177",77,2,16.5931473916818
"178",78,2,17.2316772245871
"179",79,2,17.6165899412545
"180",80,2,18.3959278410931
"181",81,2,16.9941948160279
"182",82,2,16.8902116467707
"183",83,2,17.8815135394684
"184",84,2,17.49009625155
"185",85,2,17.4105032059286
"186",86,2,17.4139460646365
"187",87,2,18.0549801346727
"188",88,2,17.648872233902
"189",89,2,17.2601102087182
"190",90,2,18.0354104588819
"191",91,2,17.2102139146932
"192",92,2,16.6413809378728
"193",93,2,16.9062426318863
"194",94,2,17.8828428396941
"195",95,2,17.0285445854089
"196",96,2,17.7035432897085
"197",97,2,16.8049163843943
"198",98,2,16.5988880187656
"199",99,2,17.478068408417
"200",100,2,16.9433049766658
"201",1,3,9.98647153366686
"202",2,3,9.30522317863702
"203",3,3,0
"204",4,3,9.37582556077234
"205",5,3,9.350684483852
"206",6,3,9.14925667143549
"207",7,3,9.49101533090916
"208",8,3,10.055302798859
"209",9,3,10.5194806306605
"210",10,3,10.0269435136043
"211",11,3,9.8361655079952
"212",12,3,10.1069612987582
"213",13,3,11.4254358722924
"214",14,3,10.2674182128656
"215",15,3,9.98037907341966
"216",16,3,9.8824520262226
"217",17,3,9.85197310929249
"218",18,3,9.74262000215757
"219",19,3,10.2125209846373
"220",20,3,9.78663376888807
"221",21,3,9.96723355539936
"222",22,3,9.7414629090909
"223",23,3,9.67246979112793
"224",24,3,9.91555029567352
"225",25,3,9.85029985272095
"226",26,3,9.6674428150045
"227",27,3,9.86310307033832
"228",28,3,9.67692552431802
"229",29,3,9.79246549309018
"230",30,3,9.93435192931888
"231",31,3,9.71815187861788
"232",32,3,9.66084338282604
"233",33,3,9.377157597613
"234",34,3,9.72431752587351
"235",35,3,9.66534244902464
"236",36,3,9.44193425848965
"237",37,3,9.62403395945052
"238",38,3,9.78992136757867
"239",39,3,9.31790694344347
"240",40,3,9.72088426107156
"241",41,3,9.6658760680319
"242",42,3,9.78204534918872
"243",43,3,9.6963789400052
"244",44,3,9.80832082498984
"245",45,3,9.71105061054307
"246",46,3,9.79817788131401
"247",47,3,9.87301615786834
"248",48,3,10.4006759718578
"249",49,3,10.4267163648835
"250",50,3,9.77296129798103
"251",51,3,17.0693523430271
"252",52,3,17.7442503392825
"253",53,3,17.2255113214494
"254",54,3,16.9069750529471
"255",55,3,17.3698536966934
"256",56,3,17.5666926635627
"257",57,3,18.0064766775656
"258",58,3,17.3195159723246
"259",59,3,17.7797097259159
"260",60,3,17.2755110706124
"261",61,3,17.9421866688376
"262",62,3,17.5656321143411
"263",63,3,17.1634502915414
"264",64,3,17.5093233582976
"265",65,3,17.5318535701906
"266",66,3,17.9280225252375
"267",67,3,17.3787971073116
"268",68,3,17.9182105922599
"269",69,3,17.8176143722419
"270",70,3,17.5526091113485
"271",71,3,17.582040301592
"272",72,3,17.8079787973791
"273",73,3,18.0481454295414
"274",74,3,17.6208459763544
"275",75,3,16.8619285642515
"276",76,3,17.8410362530172
"277",77,3,16.8971458854096
"278",78,3,17.2530904161215
"279",79,3,17.9063031644045
"280",80,3,18.5739003560957
"281",81,3,17.2841494601747
"282",82,3,17.1043301640161
"283",83,3,18.1680003987566
"284",84,3,17.7513083165078
"285",85,3,17.4731767048996
"286",86,3,17.6303071260408
"287",87,3,18.3674656917184
"288",88,3,17.8706999870605
"289",89,3,17.3113854849257
"290",90,3,18.0520789549633
"291",91,3,17.3180966517635
"292",92,3,16.8854933667502
"293",93,3,17.0751885708499
"294",94,3,17.9492502110624
"295",95,3,17.2384323852123
"296",96,3,17.9298506067999
"297",97,3,17.1734787502941
"298",98,3,16.7750884561574
"299",99,3,17.8000543855399
"300",100,3,17.1585757002207
"301",1,4,10.3286766483267
"302",2,4,9.77922304129098
"303",3,4,9.37582556077234
"304",4,4,0
"305",5,4,9.11451010041523
"306",6,4,9.16453300315229
"307",7,4,9.64059855936229
"308",8,4,9.85400640797272
"309",9,4,10.0126309999393
"310",10,4,9.76871459553101
"311",11,4,10.0052437268026
"312",12,4,10.2708227129593
"313",13,4,11.6835095587601
"314",14,4,10.1481881455401
"315",15,4,10.1319947608858
"316",16,4,9.88155668135695
"317",17,4,9.87861039346045
"318",18,4,10.143713549662
"319",19,4,9.8894977600188
"320",20,4,9.72170564772691
"321",21,4,9.97327236443631
"322",22,4,9.90334316583962
"323",23,4,9.81608269473974
"324",24,4,10.0683396015425
"325",25,4,9.93507510023476
"326",26,4,9.70931032802573
"327",27,4,9.96125319776293
"328",28,4,9.61805331490533
"329",29,4,10.0441337654006
"330",30,4,10.0552929178954
"331",31,4,9.59547293103925
"332",32,4,9.85668017936644
"333",33,4,9.36749726351719
"334",34,4,9.68248670384927
"335",35,4,9.41003431772724
"336",36,4,9.45628590267537
"337",37,4,9.49636998384269
"338",38,4,9.87124395568502
"339",39,4,9.88451491522387
"340",40,4,9.78055119371277
"341",41,4,9.42166528874865
"342",42,4,9.8487859960557
"343",43,4,9.91839554850075
"344",44,4,10.2106589253804
"345",45,4,9.82316179788618
"346",46,4,10.2285657931241
"347",47,4,10.0440895203425
"348",48,4,10.5289094415151
"349",49,4,10.4140442000052
"350",50,4,9.79674099798775
"351",51,4,16.2427647858493
"352",52,4,17.1458942580737
"353",53,4,16.5630193602346
"354",54,4,16.1872683178944
"355",55,4,16.7649782603332
"356",56,4,16.7055640859468
"357",57,4,17.2517581701217
"358",58,4,16.4714337681315
"359",59,4,16.9639374944532
"360",60,4,16.6370115902759
"361",61,4,17.2034380373913
"362",62,4,16.912096906566
"363",63,4,16.6690789252702
"364",64,4,16.8452556118896
"365",65,4,16.8925028084687
"366",66,4,17.248828098032
"367",67,4,16.5616854512827
"368",68,4,17.1186671623718
"369",69,4,16.9651559344144
"370",70,4,16.8227858101181
"371",71,4,16.7440022188453
"372",72,4,17.1648726904429
"373",73,4,17.2565924438614
"374",74,4,16.9639036825575
"375",75,4,16.1580643743
"376",76,4,17.1976909631421
"377",77,4,16.1407118929466
"378",78,4,16.5623071436232
"379",79,4,17.0984596175255
"380",80,4,17.7608652532296
"381",81,4,16.4739121752262
"382",82,4,16.4900301279021
"383",83,4,17.4795994622988
"384",84,4,16.8489317385541
"385",85,4,16.701181203834
"386",86,4,16.877268535614
"387",87,4,17.5364968191729
"388",88,4,17.1715874875726
"389",89,4,16.7566989306456
"390",90,4,17.5665997105618
"391",91,4,16.5904320082354
"392",92,4,16.1763894920303
"393",93,4,16.4614008458403
"394",94,4,17.4016981566332
"395",95,4,16.58948165663
"396",96,4,17.1620340986135
"397",97,4,16.5188772791003
"398",98,4,15.9489070682945
"399",99,4,17.0065808092801
"400",100,4,16.4327210112789
"401",1,5,9.72499188571065
"402",2,5,9.79295355605159
"403",3,5,9.350684483852
"404",4,5,9.11451010041523
"405",5,5,0
"406",6,5,8.88196962863541
"407",7,5,9.40290584867121
"408",8,5,9.43534651507341
"409",9,5,10.0544796916639
"410",10,5,9.82616173255683
"411",11,5,10.0565511213549
"412",12,5,10.7229230485595
"413",13,5,11.4196517821658
"414",14,5,10.3226481631222
"415",15,5,9.95731379608535
"416",16,5,10.0994833940909
"417",17,5,9.69729751536502
"418",18,5,9.76514862970477
"419",19,5,10.0849958371527
"420",20,5,9.65439300613407
"421",21,5,9.68662825228294
"422",22,5,10.0358362017803
"423",23,5,9.98248959375899
"424",24,5,9.73562057119977
"425",25,5,9.91472047016503
"426",26,5,9.75400184360201
"427",27,5,9.63116266294501
"428",28,5,9.28731729542093
"429",29,5,9.74635228027026
"430",30,5,10.2131069510799
"431",31,5,10.0533710055344
"432",32,5,9.74419417508934
"433",33,5,8.93890519626868
"434",34,5,9.59291973879476
"435",35,5,8.95016212602089
"436",36,5,9.45367129190133
"437",37,5,9.85866184818203
"438",38,5,9.94991603202766
"439",39,5,9.3717709281443
"440",40,5,9.70947487655769
"441",41,5,9.70279749774299
"442",42,5,9.59667607268061
"443",43,5,9.68202253842093
"444",44,5,10.0981488676456
"445",45,5,9.87450542349056
"446",46,5,10.1378701594761
"447",47,5,9.55714564590392
"448",48,5,10.169361794812
"449",49,5,10.1067912705645
"450",50,5,9.33231480981119
"451",51,5,16.2909889803303
"452",52,5,17.0838406626843
"453",53,5,16.4453361133946
"454",54,5,16.2046704251893
"455",55,5,16.8012614150948
"456",56,5,16.7215841359219
"457",57,5,17.2802674700893
"458",58,5,16.7082529724992
"459",59,5,16.9573498624825
"460",60,5,16.6210533617499
"461",61,5,17.3526229780645
"462",62,5,16.8779990256238
"463",63,5,16.522566525289
"464",64,5,16.7867160133979
"465",65,5,16.782202616801
"466",66,5,17.1443484406751
"467",67,5,16.6747011693574
"468",68,5,17.2497173921511
"469",69,5,17.2117195460505
"470",70,5,16.895340225472
"471",71,5,16.8582305302283
"472",72,5,17.1570325229514
"473",73,5,17.305471432601
"474",74,5,17.0264525037243
"475",75,5,16.2675394725611
"476",76,5,17.1867146955524
"477",77,5,16.2165516901829
"478",78,5,16.7193211030623
"479",79,5,17.2187077466276
"480",80,5,17.8954935747805
"481",81,5,16.5547740580953
"482",82,5,16.5779545207582
"483",83,5,17.5778209459427
"484",84,5,17.0899654598914
"485",85,5,17.0525933430015
"486",86,5,17.2208407181236
"487",87,5,17.7487241570681
"488",88,5,17.4287622511494
"489",89,5,16.8085683077817
"490",90,5,17.5659839647019
"491",91,5,16.8053530414066
"492",92,5,16.1943272891942
"493",93,5,16.570579876575
"494",94,5,17.3432161344556
"495",95,5,16.6004251272107
"496",96,5,17.3259225340417
"497",97,5,16.4904588126315
"498",98,5,16.107862078783
"499",99,5,17.0188887099047
"500",100,5,16.5800366209674
"501",1,6,9.58113403910042
"502",2,6,9.51568223027576
"503",3,6,9.14925667143549
"504",4,6,9.16453300315229
"505",5,6,8.88196962863541
"506",6,6,0
"507",7,6,9.03692659760141
"508",8,6,9.27132368674151
"509",9,6,9.8276945138955
"510",10,6,9.10886323606272
"511",11,6,9.39489952746251
"512",12,6,9.74079972937867
"513",13,6,11.4615980159273
"514",14,6,9.22820742233023
"515",15,6,9.47695487821854
"516",16,6,9.38538434391591
"517",17,6,9.34606090298246
"518",18,6,8.98401100748324
"519",19,6,9.48632317982991
"520",20,6,9.17734099420018
"521",21,6,9.43920162402389
"522",22,6,9.61676168683571
"523",23,6,9.22764073960076
"524",24,6,9.48997308049098
"525",25,6,9.33797527418473
"526",26,6,9.09453383115402
"527",27,6,9.08271339665309
"528",28,6,8.8768626137921
"529",29,6,9.33278272924093
"530",30,6,9.29036861633114
"531",31,6,8.94978452565833
"532",32,6,9.39154559807116
"533",33,6,8.48902168764154
"534",34,6,8.98867328992788
"535",35,6,8.62169734647804
"536",36,6,8.89795816159554
"537",37,6,8.93134867063583
"538",38,6,9.23642045364499
"539",39,6,9.28827617086244
"540",40,6,8.93067280927813
"541",41,6,8.76645047832893
"542",42,6,9.20435125981477
"543",43,6,9.06601987060785
"544",44,6,9.56084011908741
"545",45,6,9.10178201039204
"546",46,6,9.55630448679143
"547",47,6,9.3936834050499
"548",48,6,10.1649703029833
"549",49,6,9.96342868087629
"550",50,6,9.6001764704687
"551",51,6,16.2446004828085
"552",52,6,17.0866028442822
"553",53,6,16.4918362188255
"554",54,6,15.9464630782473
"555",55,6,16.6851362110938
"556",56,6,16.581423526214
"557",57,6,17.0743111923295
"558",58,6,16.5204195246189
"559",59,6,16.9514444812093
"560",60,6,16.341254347166
"561",61,6,16.9864117328461
"562",62,6,16.7152157463681
"563",63,6,16.2184223110017
"564",64,6,16.6461974042589
"565",65,6,16.7604342232568
"566",66,6,17.0320315042449
"567",67,6,16.2762334327727
"568",68,6,17.0632000047568
"569",69,6,17.0167781117151
"570",70,6,16.8272572171452
"571",71,6,16.6849821363999
"572",72,6,16.9646542924663
"573",73,6,17.1323564616631
"574",74,6,16.8416842121647
"575",75,6,16.120881505079
"576",76,6,16.9568074235547
"577",77,6,16.1180551156078
"578",78,6,16.4856916873303
"579",79,6,17.0919704878631
"580",80,6,17.5999127320584
"581",81,6,16.3201991472518
"582",82,6,16.2710450404652
"583",83,6,17.2605002303648
"584",84,6,16.9254781319084
"585",85,6,16.6994770183404
"586",86,6,16.9187485752262
"587",87,6,17.6338032100507
"588",88,6,17.0828350527946
"589",89,6,16.5867041395336
"590",90,6,17.4821825081624
"591",91,6,16.3729590481112
"592",92,6,16.1549583683301
"593",93,6,16.3040449919148
"594",94,6,17.1716727226046
"595",95,6,16.4511251428419
"596",96,6,17.1642293410662
"597",97,6,16.3363988500648
"598",98,6,15.9145543721434
"599",99,6,16.8091096873698
"600",100,6,16.3337165985476
"601",1,7,10.1477863101849
"602",2,7,9.97013614410755
"603",3,7,9.49101533090916
"604",4,7,9.64059855936229
"605",5,7,9.40290584867121
"606",6,7,9.03692659760141
"607",7,7,0
"608",8,7,9.40594089444469
"609",9,7,9.60442697756945
"610",10,7,9.40159184759735
"611",11,7,9.74248356350902
"612",12,7,10.2228643984638
"613",13,7,11.6174048011647
"614",14,7,10.0171914492416
"615",15,7,10.2369549940477
"616",16,7,9.94024478907301
"617",17,7,9.69248760928018
"618",18,7,9.64937013422034
"619",19,7,9.5571571876472
"620",20,7,9.79899581048547
"621",21,7,9.90810764320017
"622",22,7,9.78152085557457
"623",23,7,9.42598720811722
"624",24,7,9.67724562416291
"625",25,7,9.70000434904428
"626",26,7,9.57659974420572
"627",27,7,9.65636228058735
"628",28,7,9.63168623326478
"629",29,7,9.35083557098691
"630",30,7,9.97863204695269
"631",31,7,9.66993048317652
"632",32,7,9.24745355514609
"633",33,7,8.93071345086153
"634",34,7,9.54440974078218
"635",35,7,8.9680702429851
"636",36,7,9.3093347038759
"637",37,7,9.56267642703151
"638",38,7,9.59386578039754
"639",39,7,9.58089979099456
"640",40,7,9.78247792882174
"641",41,7,9.57959424691345
"642",42,7,9.703667981096
"643",43,7,9.47225406813648
"644",44,7,10.1513856075084
"645",45,7,9.85216062106581
"646",46,7,9.92120607643728
"647",47,7,9.96044864316597
"648",48,7,10.1610076604988
"649",49,7,9.80645319274949
"650",50,7,9.85123437034326
"651",51,7,16.4276998923918
"652",52,7,17.3546648597074
"653",53,7,16.5713967761636
"654",54,7,16.3692250463472
"655",55,7,16.7512497503306
"656",56,7,16.7408725686931
"657",57,7,17.38476366643
"658",58,7,16.6737562096747
"659",59,7,17.0904161539787
"660",60,7,16.5337716118099
"661",61,7,17.2861684165536
"662",62,7,16.8950967069575
"663",63,7,16.7042021789432
"664",64,7,16.8298809571541
"665",65,7,16.9786518300872
"666",66,7,17.2499887496143
"667",67,7,16.7480089518545
"668",68,7,17.3098788934293
"669",69,7,17.0870714766294
"670",70,7,16.9261959002321
"671",71,7,16.9485443757659
"672",72,7,17.2388845854547
"673",73,7,17.3422758545745
"674",74,7,17.0234990926546
"675",75,7,16.2012487785616
"676",76,7,17.2088931398143
"677",77,7,16.2237009572715
"678",78,7,16.6817441175758
"679",79,7,17.0513278016445
"680",80,7,17.7690962784997
"681",81,7,16.601234816061
"682",82,7,16.6628383763222
"683",83,7,17.5619485355337
"684",84,7,17.0950187961428
"685",85,7,17.0173458051319
"686",86,7,17.2632258274116
"687",87,7,17.8892678360481
"688",88,7,17.3765990119231
"689",89,7,16.8554005411984
"690",90,7,17.7188219359852
"691",91,7,16.8420646303382
"692",92,7,16.4209285070727
"693",93,7,16.6127213073093
"694",94,7,17.5369926198616
"695",95,7,16.7226124945154
"696",96,7,17.4255113680779
"697",97,7,16.6859040615695
"698",98,7,16.2041711448126
"699",99,7,16.8760607201015
"700",100,7,16.5331341414791
"701",1,8,10.5256538070076
"702",2,8,9.89451894821179
"703",3,8,10.055302798859
"704",4,8,9.85400640797272
"705",5,8,9.43534651507341
"706",6,8,9.27132368674151
"707",7,8,9.40594089444469
"708",8,8,0
"709",9,8,9.75974887617783
"710",10,8,9.87546332712101
"711",11,8,9.77861674474645
"712",12,8,10.6420706597607
"713",13,8,11.3658304064544
"714",14,8,10.0611823757519
"715",15,8,10.0059657161576
"716",16,8,10.2318688699127
"717",17,8,10.3155239267604
"718",18,8,10.1079299726872
"719",19,8,10.1126068066143
"720",20,8,10.0366394566024
"721",21,8,10.040787390155
"722",22,8,10.2485100111224
"723",23,8,9.79966259996389
"724",24,8,9.69815078076438
"725",25,8,9.7849505031212
"726",26,8,10.0987344106253
"727",27,8,9.74419811577111
"728",28,8,9.53061728835707
"729",29,8,9.38094900501743
"730",30,8,9.86635727612362
"731",31,8,9.77147679310848
"732",32,8,10.0382986150522
"733",33,8,9.40156300503912
"734",34,8,9.7843534794859
"735",35,8,9.17394722702868
"736",36,8,9.50000470683633
"737",37,8,9.62562294876789
"738",38,8,9.57881430706185
"739",39,8,9.81560174355578
"740",40,8,9.76803473879542
"741",41,8,9.691037728569
"742",42,8,9.8748376861493
"743",43,8,10.0442084516275
"744",44,8,10.1740589580775
"745",45,8,10.3678826530548
"746",46,8,10.4400176630596
"747",47,8,9.67852019944062
"748",48,8,10.4964223041729
"749",49,8,10.4277697062138
"750",50,8,9.54730222245591
"751",51,8,16.37067124748
"752",52,8,17.1088167562074
"753",53,8,16.5887169222946
"754",54,8,16.3273711427594
"755",55,8,16.9504282135529
"756",56,8,16.7038164378231
"757",57,8,17.2529424016338
"758",58,8,16.7332150209896
"759",59,8,17.01424805407
"760",60,8,16.7341920322844
"761",61,8,17.3427012419669
"762",62,8,16.9563826389729
"763",63,8,16.5334237942119
"764",64,8,16.9182155832754
"765",65,8,16.9881694851443
"766",66,8,17.2112539679437
"767",67,8,16.633638487318
"768",68,8,17.2593656914821
"769",69,8,17.0286415854546
"770",70,8,16.9005551944561
"771",71,8,16.9129189798592
"772",72,8,17.072233738053
"773",73,8,17.3685006005104
"774",74,8,17.0842290592766
"775",75,8,16.1710302684861
"776",76,8,17.1970176423064
"777",77,8,16.4083308038111
"778",78,8,16.6631197454469
"779",79,8,17.090079412635
"780",80,8,17.6927924440026
"781",81,8,16.5415774865066
"782",82,8,16.556987155582
"783",83,8,17.4816860236051
"784",84,8,17.0511428233341
"785",85,8,16.8428405780583
"786",86,8,16.9738922774691
"787",87,8,17.6380201788296
"788",88,8,17.3137253781962
"789",89,8,16.7626545866369
"790",90,8,17.5827013838711
"791",91,8,16.6531605609596
"792",92,8,16.2958190057981
"793",93,8,16.6381716434384
"794",94,8,17.6247759865987
"795",95,8,16.6302623826475
"796",96,8,17.32059968927
"797",97,8,16.5428135094199
"798",98,8,16.2461192059436
"799",99,8,16.9917690902537
"800",100,8,16.5292726886605
"801",1,9,10.7889251783872
"802",2,9,10.6033020041123
"803",3,9,10.5194806306605
"804",4,9,10.0126309999393
"805",5,9,10.0544796916639
"806",6,9,9.8276945138955
"807",7,9,9.60442697756945
"808",8,9,9.75974887617783
"809",9,9,0
"810",10,9,9.17136375846087
"811",11,9,9.92769368798602
"812",12,9,10.3447470859581
"813",13,9,11.8028473069971
"814",14,9,10.6778675986174
"815",15,9,10.6813934947805
"816",16,9,10.5832569828827
"817",17,9,10.4585744148266
"818",18,9,10.2657002875323
"819",19,9,10.3051091051018
"820",20,9,10.2242314479196
"821",21,9,10.5656329295216
"822",22,9,10.4722539370915
"823",23,9,9.96105143136746
"824",24,9,9.98059936151489
"825",25,9,10.0825414687443
"826",26,9,10.0147833722388
"827",27,9,10.0208457872544
"828",28,9,9.92359081054801
"829",29,9,9.98329858876223
"830",30,9,10.1272671302142
"831",31,9,9.61507107031844
"832",32,9,9.93642590882563
"833",33,9,9.4129056139242
"834",34,9,9.99446836030872
"835",35,9,9.89132705114933
"836",36,9,9.33676695879193
"837",37,9,10.0961647368871
"838",38,9,10.1611622152978
"839",39,9,10.4107354147242
"840",40,9,10.1418296319887
"841",41,9,9.78887586450549
"842",42,9,9.90321110334819
"843",43,9,10.0538336171011
"844",44,9,9.96237071803792
"845",45,9,10.1710011706621
"846",46,9,10.8311441643068
"847",47,9,10.3995098039394
"848",48,9,11.3836663550552
"849",49,9,10.6973137382179
"850",50,9,10.4472956507471
"851",51,9,16.2382000285658
"852",52,9,16.9555186783398
"853",53,9,16.3491372728256
"854",54,9,16.2903156355896
"855",55,9,16.7026993692122
"856",56,9,16.586902911675
"857",57,9,16.9843081822698
"858",58,9,16.343338672894
"859",59,9,16.7135075808135
"860",60,9,16.3144466708805
"861",61,9,17.2730266929741
"862",62,9,16.683177834303
"863",63,9,16.4114625634407
"864",64,9,16.7045402009578
"865",65,9,16.8515053716933
"866",66,9,17.0652635416524
"867",67,9,16.550743191405
"868",68,9,17.0190853434086
"869",69,9,16.9423590732817
"870",70,9,16.7763347637432
"871",71,9,16.634353932895
"872",72,9,16.9513187245499
"873",73,9,17.1506678167747
"874",74,9,16.8120514669458
"875",75,9,15.9652770907155
"876",76,9,16.9969681250831
"877",77,9,16.2677803193769
"878",78,9,16.440081026651
"879",79,9,16.8425501227988
"880",80,9,17.5131271352754
"881",81,9,16.3922256646961
"882",82,9,16.4021387150617
"883",83,9,17.2316497681598
"884",84,9,16.974708908157
"885",85,9,16.6133589369341
"886",86,9,16.8171603468525
"887",87,9,17.3829800773495
"888",88,9,16.9885220463035
"889",89,9,16.5689083010101
"890",90,9,17.3482860500208
"891",91,9,16.3490739613406
"892",92,9,16.0206697916132
"893",93,9,16.2690141390292
"894",94,9,17.314585445304
"895",95,9,16.5026146829904
"896",96,9,17.0350026285567
"897",97,9,16.2940065028234
"898",98,9,15.9184137592966
"899",99,9,16.6405618723004
"900",100,9,16.3935838396444
"901",1,10,10.0106479381235
"902",2,10,10.2626559867764
"903",3,10,10.0269435136043
"904",4,10,9.76871459553101
"905",5,10,9.82616173255683
"906",6,10,9.10886323606272
"907",7,10,9.40159184759735
"908",8,10,9.87546332712101
"909",9,10,9.17136375846087
"910",10,10,0
"911",11,10,9.30597017977168
"912",12,10,10.1005926350026
"913",13,10,11.0962899098968
"914",14,10,9.91424416474428
"915",15,10,9.81061474952071
"916",16,10,10.261015295197
"917",17,10,9.75688595306165
"918",18,10,9.96561386632183
"919",19,10,9.54584582485593
"920",20,10,9.51043645110158
"921",21,10,9.77957613813046
"922",22,10,10.0064569388569
"923",23,10,9.53862757143262
"924",24,10,9.43319992976507
"925",25,10,9.89845954753369
"926",26,10,9.83208967918297
"927",27,10,9.78797751452399
"928",28,10,9.49022040199128
"929",29,10,10.0376960102393
"930",30,10,10.034189160158
"931",31,10,9.3584093943011
"932",32,10,9.45505360587596
"933",33,10,8.89166619809477
"934",34,10,9.42557391950379
"935",35,10,9.16098342312255
"936",36,10,9.26430975973
"937",37,10,9.52450867483225
"938",38,10,9.5989021863851
"939",39,10,9.61588450827594
"940",40,10,9.58467227232693
"941",41,10,9.68025805111028
"942",42,10,9.22475767499529
"943",43,10,9.55871310049818
"944",44,10,9.59151288605559
"945",45,10,9.98628646606662
"946",46,10,10.2147039153285
"947",47,10,10.0223917630483
"948",48,10,10.7116361001251
"949",49,10,10.1422619013133
"950",50,10,10.0300567083835
"951",51,10,16.4664940432741
"952",52,10,17.3769963586318
"953",53,10,16.6550812430919
"954",54,10,16.2520283021702
"955",55,10,16.8455626613978
"956",56,10,16.845126893701
"957",57,10,17.168818105439
"958",58,10,16.6308276604748
"959",59,10,17.0170148667313
"960",60,10,16.5255130846957
"961",61,10,17.2367034866371
"962",62,10,16.9226804858162
"963",63,10,16.5582683847937
"964",64,10,17.0005103086099
"965",65,10,17.1379169681829
"966",66,10,17.2276456027541
"967",67,10,16.6897680852016
"968",68,10,17.2310679131586
"969",69,10,17.1608613976646
"970",70,10,16.9747329677533
"971",71,10,16.9980158870971
"972",72,10,17.2498882174126
"973",73,10,17.4841263599293
"974",74,10,17.1607752941229
"975",75,10,16.275636041675
"976",76,10,17.1739048331697
"977",77,10,16.3866221725853
"978",78,10,16.6915243449865
"979",79,10,17.1260181718082
"980",80,10,17.9179832635728
"981",81,10,16.5653161016831
"982",82,10,16.5135341920538
"983",83,10,17.4181651041184
"984",84,10,17.1019120571467
"985",85,10,16.9999929558319
"986",86,10,17.2276261515252
"987",87,10,17.8091065193093
"988",88,10,17.3251902736414
"989",89,10,16.8957210748053
"990",90,10,17.7418245985835
"991",91,10,16.834270699766
"992",92,10,16.4233304400029
"993",93,10,16.5606477579225
"994",94,10,17.3807146954321
"995",95,10,16.6242582239036
"996",96,10,17.3465995534974
"997",97,10,16.4894179835508
"998",98,10,16.1670113556305
"999",99,10,16.8118976179373
"1000",100,10,16.5766631299873
"1001",1,11,9.97605701316173
"1002",2,11,10.4511578577537
"1003",3,11,9.8361655079952
"1004",4,11,10.0052437268026
"1005",5,11,10.0565511213549
"1006",6,11,9.39489952746251
"1007",7,11,9.74248356350902
"1008",8,11,9.77861674474645
"1009",9,11,9.92769368798602
"1010",10,11,9.30597017977168
"1011",11,11,0
"1012",12,11,9.51133325564567
"1013",13,11,10.475647429564
"1014",14,11,10.0443715921406
"1015",15,11,9.63996146778792
"1016",16,11,10.0553535029783
"1017",17,11,9.83600360510462
"1018",18,11,9.41407766813477
"1019",19,11,9.53703426364764
"1020",20,11,9.59794554329851
"1021",21,11,9.60098233926352
"1022",22,11,10.0109829912383
"1023",23,11,9.74063940419661
"1024",24,11,9.90277299608718
"1025",25,11,9.96549603402991
"1026",26,11,9.91605636501776
"1027",27,11,9.9571370427776
"1028",28,11,9.68586936722342
"1029",29,11,9.87226425283722
"1030",30,11,10.3759263445547
"1031",31,11,9.78272480694999
"1032",32,11,9.8434258026628
"1033",33,11,9.22168858289109
"1034",34,11,9.53000984969455
"1035",35,11,9.04705644815726
"1036",36,11,9.70897105947183
"1037",37,11,10.1149701552782
"1038",38,11,10.0869321546962
"1039",39,11,9.57568659676774
"1040",40,11,9.50570239804645
"1041",41,11,9.63736396957114
"1042",42,11,9.64936164255853
"1043",43,11,9.60385987777182
"1044",44,11,9.87574790624575
"1045",45,11,9.76247672802323
"1046",46,11,10.1016922287572
"1047",47,11,10.1685785820602
"1048",48,11,10.5772627128233
"1049",49,11,10.0780503975955
"1050",50,11,10.3860215885467
"1051",51,11,16.8760933735189
"1052",52,11,17.7594428276587
"1053",53,11,16.8783000585862
"1054",54,11,16.6437936184122
"1055",55,11,17.1511476706431
"1056",56,11,17.1715423656275
"1057",57,11,17.6129957002059
"1058",58,11,16.9368892672619
"1059",59,11,17.5853579137911
"1060",60,11,16.8802930932048
"1061",61,11,17.6183026522892
"1062",62,11,17.3044368458552
"1063",63,11,16.9323600881642
"1064",64,11,17.2798194732986
"1065",65,11,17.4202810256684
"1066",66,11,17.5801707274074
"1067",67,11,17.0132237943133
"1068",68,11,17.6376206708794
"1069",69,11,17.4833123368701
"1070",70,11,17.27954485438
"1071",71,11,17.3270933469266
"1072",72,11,17.5914348650499
"1073",73,11,17.6763951390175
"1074",74,11,17.4578670518985
"1075",75,11,16.5400019680218
"1076",76,11,17.6693483205586
"1077",77,11,16.8672925188762
"1078",78,11,17.0429982411838
"1079",79,11,17.6263081834538
"1080",80,11,18.1873547623095
"1081",81,11,16.8164542758853
"1082",82,11,16.8284063669559
"1083",83,11,17.6744463004538
"1084",84,11,17.4035308868882
"1085",85,11,17.1935678415935
"1086",86,11,17.4434403696312
"1087",87,11,18.1305242581449
"1088",88,11,17.7831444594716
"1089",89,11,17.1923123358928
"1090",90,11,18.1066381127604
"1091",91,11,17.1268535338555
"1092",92,11,16.6295771675943
"1093",93,11,16.828342162673
"1094",94,11,17.8206951392398
"1095",95,11,17.106296524027
"1096",96,11,17.6900339965458
"1097",97,11,16.7667776896691
"1098",98,11,16.3752782726045
"1099",99,11,17.1951244896009
"1100",100,11,16.8372976690054
"1101",1,12,10.5841477498439
"1102",2,12,10.508440144155
"1103",3,12,10.1069612987582
"1104",4,12,10.2708227129593
"1105",5,12,10.7229230485595
"1106",6,12,9.74079972937867
"1107",7,12,10.2228643984638
"1108",8,12,10.6420706597607
"1109",9,12,10.3447470859581
"1110",10,12,10.1005926350026
"1111",11,12,9.51133325564567
"1112",12,12,0
"1113",13,12,11.2634446369297
"1114",14,12,10.3988277106791
"1115",15,12,10.1233965332417
"1116",16,12,10.1134940680704
"1117",17,12,10.416037749057
"1118",18,12,10.1016936106464
"1119",19,12,10.1249602470696
"1120",20,12,9.9110163144928
"1121",21,12,10.2762534008257
"1122",22,12,10.4600995249601
"1123",23,12,10.1853614165025
"1124",24,12,10.4913005215735
"1125",25,12,10.4048232334854
"1126",26,12,10.6115593490853
"1127",27,12,10.6078973329965
"1128",28,12,10.0223077555834
"1129",29,12,10.4117829125454
"1130",30,12,10.1330075585605
"1131",31,12,9.9148225811886
"1132",32,12,9.88188694024765
"1133",33,12,9.6828678168085
"1134",34,12,10.1123834428764
"1135",35,12,10.2912509326689
"1136",36,12,10.4686967199007
"1137",37,12,10.1894042231109
"1138",38,12,10.1384853851082
"1139",39,12,10.344147856579
"1140",40,12,10.2283900666411
"1141",41,12,10.0726820135127
"1142",42,12,10.4386113497725
"1143",43,12,10.3008028465257
"1144",44,12,10.069539871886
"1145",45,12,10.0909343345264
"1146",46,12,10.6058418101593
"1147",47,12,10.7194454954341
"1148",48,12,11.4719834679223
"1149",49,12,10.9755076321665
"1150",50,12,10.7936763952896
"1151",51,12,17.6298007523624
"1152",52,12,18.3189715188462
"1153",53,12,17.7745248170793
"1154",54,12,17.6013773256547
"1155",55,12,17.9483658228514
"1156",56,12,18.005514540074
"1157",57,12,18.4157009921346
"1158",58,12,17.7867595532433
"1159",59,12,18.2270507294014
"1160",60,12,17.8025503342164
"1161",61,12,18.39505535937
"1162",62,12,18.1725889346853
"1163",63,12,17.6556503454154
"1164",64,12,18.0945223051102
"1165",65,12,18.0640278827513
"1166",66,12,18.2336301953996
"1167",67,12,17.7688103208372
"1168",68,12,18.3470320255005
"1169",69,12,18.08697929104
"1170",70,12,17.964314432436
"1171",71,12,17.9505382927676
"1172",72,12,18.1354481657661
"1173",73,12,18.4350471813761
"1174",74,12,18.0786076357167
"1175",75,12,17.3153306223549
"1176",76,12,18.3798070102795
"1177",77,12,17.656963958966
"1178",78,12,17.8881097689095
"1179",79,12,18.4906861969355
"1180",80,12,18.9003887274624
"1181",81,12,17.6769691295536
"1182",82,12,17.6330771260692
"1183",83,12,18.4494695728894
"1184",84,12,18.1007878811671
"1185",85,12,18.0588313663291
"1186",86,12,18.1488409841313
"1187",87,12,18.7602496422222
"1188",88,12,18.415684852063
"1189",89,12,17.9975891880235
"1190",90,12,18.5637429668054
"1191",91,12,17.758315312263
"1192",92,12,17.372264349313
"1193",93,12,17.724129707082
"1194",94,12,18.4690263330988
"1195",95,12,17.7873080764766
"1196",96,12,18.4848178135605
"1197",97,12,17.6485609530074
"1198",98,12,17.1312984337504
"1199",99,12,17.9748606992127
"1200",100,12,17.6025413674687
"1201",1,13,11.0537978588644
"1202",2,13,11.8770657939079
"1203",3,13,11.4254358722924
"1204",4,13,11.6835095587601
"1205",5,13,11.4196517821658
"1206",6,13,11.4615980159273
"1207",7,13,11.6174048011647
"1208",8,13,11.3658304064544
"1209",9,13,11.8028473069971
"1210",10,13,11.0962899098968
"1211",11,13,10.475647429564
"1212",12,13,11.2634446369297
"1213",13,13,0
"1214",14,13,10.7868803298884
"1215",15,13,10.585832798562
"1216",16,13,11.8194884412605
"1217",17,13,11.0753551151327
"1218",18,13,11.4637883853215
"1219",19,13,11.1797860899369
"1220",20,13,10.538664966438
"1221",21,13,10.8146581601918
"1222",22,13,11.7135899782745
"1223",23,13,11.1756414172579
"1224",24,13,10.5268901329379
"1225",25,13,11.3667967031573
"1226",26,13,12.3401391616183
"1227",27,13,11.5488009517007
"1228",28,13,11.2994340773012
"1229",29,13,11.440389523786
"1230",30,13,11.827756641275
"1231",31,13,11.4651354257859
"1232",32,13,11.245609413036
"1233",33,13,11.0822353104965
"1234",34,13,11.7218083041524
"1235",35,13,11.6083618086713
"1236",36,13,11.970171916544
"1237",37,13,11.7121547152
"1238",38,13,12.1630337296659
"1239",39,13,11.0675816883803
"1240",40,13,11.474420021391
"1241",41,13,11.8292841480046
"1242",42,13,10.6922448667686
"1243",43,13,11.1361119004993
"1244",44,13,11.2002126025818
"1245",45,13,11.2898073790008
"1246",46,13,11.2976935382533
"1247",47,13,11.502290154724
"1248",48,13,11.0509301871014
"1249",49,13,11.0731803098069
"1250",50,13,11.8076338695214
"1251",51,13,19.1042159405682
"1252",52,13,19.9937063522149
"1253",53,13,19.2916954760024
"1254",54,13,19.0840826415
"1255",55,13,19.514273342253
"1256",56,13,19.6529633227174
"1257",57,13,19.9492323677864
"1258",58,13,19.1218174651566
"1259",59,13,19.886511000772
"1260",60,13,19.2388815224062
"1261",61,13,19.9327148851626
"1262",62,13,19.6660217188731
"1263",63,13,19.2158824714195
"1264",64,13,19.5201192678314
"1265",65,13,19.448314044705
"1266",66,13,19.8862976873628
"1267",67,13,19.3363852881354
"1268",68,13,19.8700906260403
"1269",69,13,19.7037320916976
"1270",70,13,19.5126927377349
"1271",71,13,19.6065603379319
"1272",72,13,19.6530605313018
"1273",73,13,20.1714270348428
"1274",74,13,19.738102620827
"1275",75,13,18.745214977651
"1276",76,13,19.8155631713529
"1277",77,13,19.2551217722949
"1278",78,13,19.4424144599433
"1279",79,13,19.830683315401
"1280",80,13,20.5083423078563
"1281",81,13,19.2369226732393
"1282",82,13,19.2608607448632
"1283",83,13,20.0143697866687
"1284",84,13,19.7568178217229
"1285",85,13,19.4992370976655
"1286",86,13,19.7360145306753
"1287",87,13,20.3437361739182
"1288",88,13,19.9068947621921
"1289",89,13,19.5170210512124
"1290",90,13,20.2919392356271
"1291",91,13,19.3835236054752
"1292",92,13,18.9500547396984
"1293",93,13,19.0540492721094
"1294",94,13,19.902441116973
"1295",95,13,19.2989005425738
"1296",96,13,19.9339166947719
"1297",97,13,19.0741777660083
"1298",98,13,18.7364294783156
"1299",99,13,19.4996077002446
"1300",100,13,18.9539405936118
"1301",1,14,10.2814576280482
"1302",2,14,10.6396371762932
"1303",3,14,10.2674182128656
"1304",4,14,10.1481881455401
"1305",5,14,10.3226481631222
"1306",6,14,9.22820742233023
"1307",7,14,10.0171914492416
"1308",8,14,10.0611823757519
"1309",9,14,10.6778675986174
"1310",10,14,9.91424416474428
"1311",11,14,10.0443715921406
"1312",12,14,10.3988277106791
"1313",13,14,10.7868803298884
"1314",14,14,0
"1315",15,14,9.50135577755705
"1316",16,14,9.97069747576533
"1317",17,14,9.61832010609175
"1318",18,14,9.97229354835014
"1319",19,14,9.68540988648836
"1320",20,14,9.79693420309738
"1321",21,14,9.94289259079346
"1322",22,14,10.1606883400903
"1323",23,14,10.1602109090785
"1324",24,14,9.98476686009857
"1325",25,14,10.1322890625359
"1326",26,14,10.2336052900832
"1327",27,14,10.343182949699
"1328",28,14,10.0316724900917
"1329",29,14,10.3515420538976
"1330",30,14,10.0370563073452
"1331",31,14,9.90681491670601
"1332",32,14,9.9444666133551
"1333",33,14,9.34030063261122
"1334",34,14,9.82049322414973
"1335",35,14,9.54611045013579
"1336",36,14,10.0315537880997
"1337",37,14,9.77105914786758
"1338",38,14,10.1111142030131
"1339",39,14,9.88686660657908
"1340",40,14,9.86227898077063
"1341",41,14,9.5903000968837
"1342",42,14,9.77854043337597
"1343",43,14,9.87580081395084
"1344",44,14,10.2426003551339
"1345",45,14,10.5501281603726
"1346",46,14,10.3518862139976
"1347",47,14,10.2108238511626
"1348",48,14,10.5988963637774
"1349",49,14,10.4572714977338
"1350",50,14,10.1815646219099
"1351",51,14,16.9275048574636
"1352",52,14,17.7646702718865
"1353",53,14,17.0307947809649
"1354",54,14,16.7936581540229
"1355",55,14,17.300478912708
"1356",56,14,17.1113403539199
"1357",57,14,17.7673197883591
"1358",58,14,17.0950151281323
"1359",59,14,17.6300064156145
"1360",60,14,17.0897865316702
"1361",61,14,17.51238125952
"1362",62,14,17.4276916835476
"1363",63,14,17.1090989783516
"1364",64,14,17.357567007294
"1365",65,14,17.5743823739513
"1366",66,14,17.6513923739333
"1367",67,14,17.0489226104864
"1368",68,14,17.7853466483983
"1369",69,14,17.506981673422
"1370",70,14,17.4710341588948
"1371",71,14,17.3821924287677
"1372",72,14,17.7500677503051
"1373",73,14,17.9042994608931
"1374",74,14,17.5456071256262
"1375",75,14,16.5041705023179
"1376",76,14,17.7175917282034
"1377",77,14,16.8915337225152
"1378",78,14,17.1131715286629
"1379",79,14,17.7592954615941
"1380",80,14,18.137195135504
"1381",81,14,17.0358537142781
"1382",82,14,17.0391028213478
"1383",83,14,17.858591153862
"1384",84,14,17.4562443211992
"1385",85,14,17.4108086400735
"1386",86,14,17.6513513413139
"1387",87,14,18.328105298763
"1388",88,14,17.9294852791023
"1389",89,14,17.3000179101501
"1390",90,14,18.147049764222
"1391",91,14,17.2380782432194
"1392",92,14,16.7524215860758
"1393",93,14,17.0781490367641
"1394",94,14,17.8721005453446
"1395",95,14,17.2247629908038
"1396",96,14,18.0239041454423
"1397",97,14,17.0180384228742
"1398",98,14,16.5897879916727
"1399",99,14,17.420979225048
"1400",100,14,17.0325623671174
"1401",1,15,9.66788443922982
"1402",2,15,10.1106962925262
"1403",3,15,9.98037907341966
"1404",4,15,10.1319947608858
"1405",5,15,9.95731379608535
"1406",6,15,9.47695487821854
"1407",7,15,10.2369549940477
"1408",8,15,10.0059657161576
"1409",9,15,10.6813934947805
"1410",10,15,9.81061474952071
"1411",11,15,9.63996146778792
"1412",12,15,10.1233965332417
"1413",13,15,10.585832798562
"1414",14,15,9.50135577755705
"1415",15,15,0
"1416",16,15,9.55898131463452
