"","row","col","value"
"1",1,1,0
"2",2,1,9.81321032492396
"3",3,1,9.98647153366686
"4",4,1,10.3286766483267
"5",5,1,9.72499188571065
"6",6,1,9.58113403910042
"7",7,1,10.1477863101849
"8",8,1,10.5256538070076
"9",9,1,10.7889251783872
"10",10,1,10.0106479381235
"11",11,1,9.97605701316173
"12",12,1,10.5841477498439
"13",13,1,11.0537978588644
"14",14,1,10.2814576280482
"15",15,1,9.66788443922982
"16",16,1,10.3026560764646
"17",17,1,9.62015764672305
"18",18,1,9.87457132834779
"19",19,1,9.70640292536034
"20",20,1,9.5116048818045
"21",21,1,9.5131855509339
"22",22,1,10.3516044502965
"23",23,1,9.84714693482672
"24",24,1,9.74791191974437
"25",25,1,10.285467570042
"26",26,1,10.4737251388654
"27",27,1,10.0950473761099
"28",28,1,9.64521174662367
"29",29,1,10.1748653514097
"30",30,1,10.3199323045977
"31",31,1,10.0092495228055
"32",32,1,9.44842740264909
"33",33,1,9.26418969665164
"34",34,1,9.92226109910482
"35",35,1,9.77257745237137
"36",36,1,10.1078157219955
"37",37,1,9.95945994437614
"38",38,1,10.3217296954262
"39",39,1,9.61229344604865
"40",40,1,9.73776259170247
"41",41,1,10.2283481348802
"42",42,1,9.65455089590532
"43",43,1,10.2603047653466
"44",44,1,10.0863238509959
"45",45,1,9.87734569737689
"46",46,1,10.1545764871564
"47",47,1,9.79413174379195
"48",48,1,10.1152931750536
"49",49,1,9.90674551040838
"50",50,1,10.1670003756695
"51",51,1,18.2164851004315
"52",52,1,17.5409724464551
"53",53,1,17.4394653625849
"54",54,1,17.4921589075083
"55",55,1,18.030457956786
"56",56,1,16.9555884464499
"57",57,1,17.6435868584495
"58",58,1,17.2365533564371
"59",59,1,17.3246809390812
"60",60,1,17.6485884099817
"61",61,1,17.174067569038
"62",62,1,17.2745609240576
"63",63,1,17.5968366721565
"64",64,1,17.8143298438179
"65",65,1,18.2298733931973
"66",66,1,17.4030494061733
"67",67,1,17.5746467274792
"68",68,1,17.5826258813566
"69",69,1,18.8194401512665
"70",70,1,18.5117638546529
"71",71,1,18.3556755618711
"72",72,1,17.8164124924085
"73",73,1,17.6200676471728
"74",74,1,17.244835201232
"75",75,1,17.3060946047153
"76",76,1,17.85693398307
"77",77,1,18.0457080197529
"78",78,1,17.5394777830219
"79",79,1,17.6199815032359
"80",80,1,17.6006556297957
"81",81,1,17.2543088938888
"82",82,1,17.6321889527775
"83",83,1,17.6407917351182
"84",84,1,17.1408880884216
"85",85,1,17.6682488617849
"86",86,1,17.7410556359592
"87",87,1,17.5576639580592
"88",88,1,17.6498408894366
"89",89,1,17.286143383406
"90",90,1,17.5794557081965
"91",91,1,17.6045738240114
"92",92,1,17.4179900465536
"93",93,1,17.7099601456327
"94",94,1,17.6581439773347
"95",95,1,17.3208179752505
"96",96,1,17.3850022068375
"97",97,1,17.4129585507674
"98",98,1,17.8863835111914
"99",99,1,17.6256226650458
"100",100,1,18.0667662378195
"101",1,2,9.81321032492396
"102",2,2,0
"103",3,2,9.30522317863702
"104",4,2,9.77922304129098
"105",5,2,9.79295355605159
"106",6,2,9.51568223027576
"107",7,2,9.97013614410755
"108",8,2,9.89451894821179
"109",9,2,10.6033020041123
"110",10,2,10.2626559867764
"111",11,2,10.4511578577537
"112",12,2,10.508440144155
"113",13,2,11.8770657939079
"114",14,2,10.6396371762932
"115",15,2,10.1106962925262
"116",16,2,9.60380953652554
"117",17,2,10.1814272696123
"118",18,2,10.235007926165
"119",19,2,10.528089003284
"120",20,2,10.0929914387702
"121",21,2,10.2043991378043
"122",22,2,10.0673831816765
"123",23,2,9.57710798630757
"124",24,2,10.4853500951521
"125",25,2,9.96779390286342
"126",26,2,10.2514977668123
"127",27,2,9.94802548801365
"128",28,2,10.0966597245628
"129",29,2,10.1033449936606
"130",30,2,10.4503231026318
"131",31,2,10.0589465385792
"132",32,2,9.86943087990959
"133",33,2,9.34642389653098
"134",34,2,10.2653547123755
"135",35,2,9.60254138690243
"136",36,2,9.99590317878802
"137",37,2,9.64572252417482
"138",38,2,9.75633621605324
"139",39,2,9.80351613557139
"140",40,2,9.92865516233458
"141",41,2,10.0372627999498
"142",42,2,10.3514136861904
"143",43,2,10.0182044920199
"144",44,2,10.7232104541497
"145",45,2,10.3428125509405
"146",46,2,10.2736216977736
"147",47,2,9.69475338175399
"148",48,2,10.799077520579
"149",49,2,10.9304430581943
"150",50,2,10.0266409132333
"151",51,2,18.1869054955764
"152",52,2,17.6595018105613
"153",53,2,17.69406898294
"154",54,2,17.5051499365359
"155",55,2,18.0672798912981
"156",56,2,16.891109157383
"157",57,2,17.8359179343439
"158",58,2,17.3534916803627
"159",59,2,17.2426119362924
"160",60,2,17.6824817776025
"161",61,2,17.2301790551102
"162",62,2,17.4944767624857
"163",63,2,17.4179256598218
"164",64,2,17.9169057512251
"165",65,2,18.3750517020203
"166",66,2,17.6387872212614
"167",67,2,17.6920289917049
"168",68,2,17.5550789726795
"169",69,2,19.114528302917
"170",70,2,18.648099620003
"171",71,2,18.3766033407592
"172",72,2,17.8329067325165
"173",73,2,17.8837064946275
"174",74,2,17.2865702990874
"175",75,2,17.1983307815728
"176",76,2,17.963616621703
"177",77,2,18.3494277377005
"178",78,2,17.7013809154319
"179",79,2,17.5788720841782
"180",80,2,17.6187157596929
"181",81,2,17.4705161628664
"182",82,2,17.8421078956131
"183",83,2,17.7150575212364
"184",84,2,17.300544478883
"185",85,2,17.6723807453805
"186",86,2,17.8695368788268
"187",87,2,17.9120296246467
"188",88,2,17.7415016463118
"189",89,2,17.369689712715
"190",90,2,17.6077345567318
"191",91,2,17.9062513375555
"192",92,2,17.5993386167139
"193",93,2,17.8680256591274
"194",94,2,17.778059644626
"195",95,2,17.2878583937855
"196",96,2,17.2979952483609
"197",97,2,17.1365279222321
"198",98,2,17.933305389542
"199",99,2,17.7992455296737
"200",100,2,18.0185588486115
"201",1,3,9.98647153366686
"202",2,3,9.30522317863702
"203",3,3,0
"204",4,3,9.37582556077234
"205",5,3,9.350684483852
"206",6,3,9.14925667143549
"207",7,3,9.49101533090916
"208",8,3,10.055302798859
"209",9,3,10.5194806306605
"210",10,3,10.0269435136043
"211",11,3,9.8361655079952
"212",12,3,10.1069612987582
"213",13,3,11.4254358722924
"214",14,3,10.2674182128656
"215",15,3,9.98037907341966
"216",16,3,9.8824520262226
"217",17,3,9.85197310929249
"218",18,3,9.74262000215757
"219",19,3,10.2125209846373
"220",20,3,9.78663376888807
"221",21,3,9.96723355539936
"222",22,3,9.7414629090909
"223",23,3,9.67246979112793
"224",24,3,9.91555029567352
"225",25,3,9.85029985272095
"226",26,3,9.6674428150045
"227",27,3,9.86310307033832
"228",28,3,9.67692552431802
"229",29,3,9.79246549309018
"230",30,3,9.93435192931888
"231",31,3,9.71815187861788
"232",32,3,9.66084338282604
"233",33,3,9.377157597613
"234",34,3,9.72431752587351
"235",35,3,9.66534244902464
"236",36,3,9.44193425848965
"237",37,3,9.62403395945052
"238",38,3,9.78992136757867
"239",39,3,9.31790694344347
"240",40,3,9.72088426107156
"241",41,3,9.6658760680319
"242",42,3,9.78204534918872
"243",43,3,9.6963789400052
"244",44,3,9.80832082498984
"245",45,3,9.71105061054307
"246",46,3,9.79817788131401
"247",47,3,9.87301615786834
"248",48,3,10.4006759718578
"249",49,3,10.4267163648835
"250",50,3,9.77296129798103
"251",51,3,18.4049962032256
"252",52,3,17.7347082469751
"253",53,3,17.6804577518507
"254",54,3,17.6689115684982
"255",55,3,18.2024611823907
"256",56,3,17.0812094063064
"257",57,3,17.9496070549511
"258",58,3,17.5722688111045
"259",59,3,17.2017760340672
"260",60,3,17.7647375496339
"261",61,3,17.3581792563387
"262",62,3,17.6285298484278
"263",63,3,17.5976704708971
"264",64,3,18.1498283754403
"265",65,3,18.3793916612233
"266",66,3,17.804828613562
"267",67,3,17.5936632183809
"268",68,3,17.6724962622351
"269",69,3,19.199748332821
"270",70,3,18.8517782173835
"271",71,3,18.4661683188938
"272",72,3,17.912470833323
"273",73,3,17.8327282169475
"274",74,3,17.5165914296268
"275",75,3,17.4014046214489
"276",76,3,18.009150894762
"277",77,3,18.175460415278
"278",78,3,17.5965163533875
"279",79,3,17.6244485372517
"280",80,3,17.8039556120442
"281",81,3,17.4151770192571
"282",82,3,17.7340883345183
"283",83,3,17.9380639187519
"284",84,3,17.6175812212039
"285",85,3,17.9886568637818
"286",86,3,17.8712050577047
"287",87,3,18.0645548091395
"288",88,3,17.7570161243643
"289",89,3,17.2932504537285
"290",90,3,17.6255295446983
"291",91,3,17.9646622384003
"292",92,3,17.8058657586327
"293",93,3,17.9781338777034
"294",94,3,17.9210067571468
"295",95,3,17.4109249553237
"296",96,3,17.5080135586917
"297",97,3,17.5906727868346
"298",98,3,18.0238986477566
"299",99,3,17.9406484203204
"300",100,3,18.111780750263
"301",1,4,10.3286766483267
"302",2,4,9.77922304129098
"303",3,4,9.37582556077234
"304",4,4,0
"305",5,4,9.11451010041523
"306",6,4,9.16453300315229
"307",7,4,9.64059855936229
"308",8,4,9.85400640797272
"309",9,4,10.0126309999393
"310",10,4,9.76871459553101
"311",11,4,10.0052437268026
"312",12,4,10.2708227129593
"313",13,4,11.6835095587601
"314",14,4,10.1481881455401
"315",15,4,10.1319947608858
"316",16,4,9.88155668135695
"317",17,4,9.87861039346045
"318",18,4,10.143713549662
"319",19,4,9.8894977600188
"320",20,4,9.72170564772691
"321",21,4,9.97327236443631
"322",22,4,9.90334316583962
"323",23,4,9.81608269473974
"324",24,4,10.0683396015425
"325",25,4,9.93507510023476
"326",26,4,9.70931032802573
"327",27,4,9.96125319776293
"328",28,4,9.61805331490533
"329",29,4,10.0441337654006
"330",30,4,10.0552929178954
"331",31,4,9.59547293103925
"332",32,4,9.85668017936644
"333",33,4,9.36749726351719
"334",34,4,9.68248670384927
"335",35,4,9.41003431772724
"336",36,4,9.45628590267537
"337",37,4,9.49636998384269
"338",38,4,9.87124395568502
"339",39,4,9.88451491522387
"340",40,4,9.78055119371277
"341",41,4,9.42166528874865
"342",42,4,9.8487859960557
"343",43,4,9.91839554850075
"344",44,4,10.2106589253804
"345",45,4,9.82316179788618
"346",46,4,10.2285657931241
"347",47,4,10.0440895203425
"348",48,4,10.5289094415151
"349",49,4,10.4140442000052
"350",50,4,9.79674099798775
"351",51,4,17.8609763306017
"352",52,4,17.1513018126568
"353",53,4,17.1094204472249
"354",54,4,17.0858050097694
"355",55,4,17.6068381161991
"356",56,4,16.5177454919697
"357",57,4,17.2618605407347
"358",58,4,16.9328234548616
"359",59,4,16.6493885007042
"360",60,4,17.11770135905
"361",61,4,16.7049274619226
"362",62,4,16.7467765056693
"363",63,4,16.9658735208034
"364",64,4,17.2915877979845
"365",65,4,17.7481231908563
"366",66,4,17.2266910477264
"367",67,4,17.02679385429
"368",68,4,17.1201685994753
"369",69,4,18.5853305542291
"370",70,4,18.3424202523429
"371",71,4,17.9540422390767
"372",72,4,17.43708396348
"373",73,4,17.2477884909852
"374",74,4,16.7959049133037
"375",75,4,16.717683941495
"376",76,4,17.3972489349263
"377",77,4,17.5904588167412
"378",78,4,16.9949798235366
"379",79,4,17.1114616699099
"380",80,4,17.2032707671437
"381",81,4,16.8593489569205
"382",82,4,17.1831288346057
"383",83,4,17.1359248539289
"384",84,4,16.6754975903138
"385",85,4,17.3693762209189
"386",86,4,17.2576553841069
"387",87,4,17.3429192974502
"388",88,4,17.1535734578351
"389",89,4,16.8613277827923
"390",90,4,17.1642864484006
"391",91,4,17.3278598512066
"392",92,4,17.1622287170659
"393",93,4,17.2556291946025
"394",94,4,17.2779598675782
"395",95,4,16.9663068475417
"396",96,4,16.8048943911176
"397",97,4,16.9177914218712
"398",98,4,17.5378593473826
"399",99,4,17.4102543235452
"400",100,4,17.5967053523876
"401",1,5,9.72499188571065
"402",2,5,9.79295355605159
"403",3,5,9.350684483852
"404",4,5,9.11451010041523
"405",5,5,0
"406",6,5,8.88196962863541
"407",7,5,9.40290584867121
"408",8,5,9.43534651507341
"409",9,5,10.0544796916639
"410",10,5,9.82616173255683
"411",11,5,10.0565511213549
"412",12,5,10.7229230485595
"413",13,5,11.4196517821658
"414",14,5,10.3226481631222
"415",15,5,9.95731379608535
"416",16,5,10.0994833940909
"417",17,5,9.69729751536502
"418",18,5,9.76514862970477
"419",19,5,10.0849958371527
"420",20,5,9.65439300613407
"421",21,5,9.68662825228294
"422",22,5,10.0358362017803
"423",23,5,9.98248959375899
"424",24,5,9.73562057119977
"425",25,5,9.91472047016503
"426",26,5,9.75400184360201
"427",27,5,9.63116266294501
"428",28,5,9.28731729542093
"429",29,5,9.74635228027026
"430",30,5,10.2131069510799
"431",31,5,10.0533710055344
"432",32,5,9.74419417508934
"433",33,5,8.93890519626868
"434",34,5,9.59291973879476
"435",35,5,8.95016212602089
"436",36,5,9.45367129190133
"437",37,5,9.85866184818203
"438",38,5,9.94991603202766
"439",39,5,9.3717709281443
"440",40,5,9.70947487655769
"441",41,5,9.70279749774299
"442",42,5,9.59667607268061
"443",43,5,9.68202253842093
"444",44,5,10.0981488676456
"445",45,5,9.87450542349056
"446",46,5,10.1378701594761
"447",47,5,9.55714564590392
"448",48,5,10.169361794812
"449",49,5,10.1067912705645
"450",50,5,9.33231480981119
"451",51,5,17.918230766844
"452",52,5,17.2777977560865
"453",53,5,17.1758007372184
"454",54,5,17.1510592152318
"455",55,5,17.6619479762204
"456",56,5,16.5780299153063
"457",57,5,17.2318224191176
"458",58,5,16.9468588522366
"459",59,5,16.865901442949
"460",60,5,17.3281590792605
"461",61,5,16.6606489293815
"462",62,5,16.8918553395219
"463",63,5,16.9492612432388
"464",64,5,17.5102589849325
"465",65,5,17.9805359736422
"466",66,5,17.2002904505615
"467",67,5,17.1945516582182
"468",68,5,17.1642939333076
"469",69,5,18.571813526787
"470",70,5,18.2382854366764
"471",71,5,18.0359588074605
"472",72,5,17.4558949711712
"473",73,5,17.1644997343044
"474",74,5,16.8900597474661
"475",75,5,16.7899646400436
"476",76,5,17.4016463463654
"477",77,5,17.7065374863829
"478",78,5,17.1114921971709
"479",79,5,17.1089623036546
"480",80,5,17.1601523017566
"481",81,5,16.9739274265911
"482",82,5,17.1083416647286
"483",83,5,17.3447071074857
"484",84,5,16.8363830279345
"485",85,5,17.4329320334526
"486",86,5,17.3499884344329
"487",87,5,17.3736079710008
"488",88,5,17.2348525178838
"489",89,5,16.7829276149063
"490",90,5,17.2252372416779
"491",91,5,17.3516829880118
"492",92,5,17.2028284554031
"493",93,5,17.4066070005833
"494",94,5,17.4314126706929
"495",95,5,16.7976479171961
"496",96,5,16.8848615075132
"497",97,5,16.8701729558262
"498",98,5,17.5402553319821
"499",99,5,17.4750697963119
"500",100,5,17.8176733352357
"501",1,6,9.58113403910042
"502",2,6,9.51568223027576
"503",3,6,9.14925667143549
"504",4,6,9.16453300315229
"505",5,6,8.88196962863541
"506",6,6,0
"507",7,6,9.03692659760141
"508",8,6,9.27132368674151
"509",9,6,9.8276945138955
"510",10,6,9.10886323606272
"511",11,6,9.39489952746251
"512",12,6,9.74079972937867
"513",13,6,11.4615980159273
"514",14,6,9.22820742233023
"515",15,6,9.47695487821854
"516",16,6,9.38538434391591
"517",17,6,9.34606090298246
"518",18,6,8.98401100748324
"519",19,6,9.48632317982991
"520",20,6,9.17734099420018
"521",21,6,9.43920162402389
"522",22,6,9.61676168683571
"523",23,6,9.22764073960076
"524",24,6,9.48997308049098
"525",25,6,9.33797527418473
"526",26,6,9.09453383115402
"527",27,6,9.08271339665309
"528",28,6,8.8768626137921
"529",29,6,9.33278272924093
"530",30,6,9.29036861633114
"531",31,6,8.94978452565833
"532",32,6,9.39154559807116
"533",33,6,8.48902168764154
"534",34,6,8.98867328992788
"535",35,6,8.62169734647804
"536",36,6,8.89795816159554
"537",37,6,8.93134867063583
"538",38,6,9.23642045364499
"539",39,6,9.28827617086244
"540",40,6,8.93067280927813
"541",41,6,8.76645047832893
"542",42,6,9.20435125981477
"543",43,6,9.06601987060785
"544",44,6,9.56084011908741
"545",45,6,9.10178201039204
"546",46,6,9.55630448679143
"547",47,6,9.3936834050499
"548",48,6,10.1649703029833
"549",49,6,9.96342868087629
"550",50,6,9.6001764704687
"551",51,6,17.5794453073149
"552",52,6,16.9462733759967
"553",53,6,16.8446848980578
"554",54,6,16.8473228471649
"555",55,6,17.500367868411
"556",56,6,16.2866781120874
"557",57,6,17.150825341543
"558",58,6,16.6691288276972
"559",59,6,16.5290512712343
"560",60,6,17.063553379515
"561",61,6,16.5514868945135
"562",62,6,16.8196347277813
"563",63,6,16.676461050732
"564",64,6,17.329676404386
"565",65,6,17.5954383947584
"566",66,6,17.0295858848667
"567",67,6,16.9712523034854
"568",68,6,16.9938339633642
"569",69,6,18.2437400443467
"570",70,6,17.9767919015473
"571",71,6,17.8335894883114
"572",72,6,17.1680210833417
"573",73,6,17.0734339382212
"574",74,6,16.7988699462731
"575",75,6,16.4431052169148
"576",76,6,17.0953779350029
"577",77,6,17.4236705086991
"578",78,6,16.7449628680678
"579",79,6,16.9284557014302
"580",80,6,16.9649252463492
"581",81,6,16.6100537527306
"582",82,6,16.903190848436
"583",83,6,17.1129388507234
"584",84,6,16.5120558070347
"585",85,6,17.1330650704404
"586",86,6,17.2262578115403
"587",87,6,17.1348181346216
"588",88,6,16.9240963320656
"589",89,6,16.6709209334386
"590",90,6,17.0071336072152
"591",91,6,17.1593564144649
"592",92,6,16.9938643867374
"593",93,6,17.233647321231
"594",94,6,17.1902913536125
"595",95,6,16.6713796487504
"596",96,6,16.7957048319388
"597",97,6,16.762550527868
"598",98,6,17.2006280602625
"599",99,6,17.3239990381213
"600",100,6,17.4197959233647
"601",1,7,10.1477863101849
"602",2,7,9.97013614410755
"603",3,7,9.49101533090916
"604",4,7,9.64059855936229
"605",5,7,9.40290584867121
"606",6,7,9.03692659760141
"607",7,7,0
"608",8,7,9.40594089444469
"609",9,7,9.60442697756945
"610",10,7,9.40159184759735
"611",11,7,9.74248356350902
"612",12,7,10.2228643984638
"613",13,7,11.6174048011647
"614",14,7,10.0171914492416
"615",15,7,10.2369549940477
"616",16,7,9.94024478907301
"617",17,7,9.69248760928018
"618",18,7,9.64937013422034
"619",19,7,9.5571571876472
"620",20,7,9.79899581048547
"621",21,7,9.90810764320017
"622",22,7,9.78152085557457
"623",23,7,9.42598720811722
"624",24,7,9.67724562416291
"625",25,7,9.70000434904428
"626",26,7,9.57659974420572
"627",27,7,9.65636228058735
"628",28,7,9.63168623326478
"629",29,7,9.35083557098691
"630",30,7,9.97863204695269
"631",31,7,9.66993048317652
"632",32,7,9.24745355514609
"633",33,7,8.93071345086153
"634",34,7,9.54440974078218
"635",35,7,8.9680702429851
"636",36,7,9.3093347038759
"637",37,7,9.56267642703151
"638",38,7,9.59386578039754
"639",39,7,9.58089979099456
"640",40,7,9.78247792882174
"641",41,7,9.57959424691345
"642",42,7,9.703667981096
"643",43,7,9.47225406813648
"644",44,7,10.1513856075084
"645",45,7,9.85216062106581
"646",46,7,9.92120607643728
"647",47,7,9.96044864316597
"648",48,7,10.1610076604988
"649",49,7,9.80645319274949
"650",50,7,9.85123437034326
"651",51,7,17.6162467736823
"652",52,7,16.8593750177563
"653",53,7,16.883587633391
"654",54,7,16.7849431537995
"655",55,7,17.3798772070049
"656",56,7,16.1465148051847
"657",57,7,16.9898408981833
"658",58,7,16.6117881013279
"659",59,7,16.5091362977869
"660",60,7,17.0404991679674
"661",61,7,16.5814475052519
"662",62,7,16.8437150671143
"663",63,7,16.6951608786166
"664",64,7,17.1783271162882
"665",65,7,17.5778908065202
"666",66,7,16.8722818578427
"667",67,7,16.9334031239348
"668",68,7,16.9513103483566
"669",69,7,18.3430232761172
"670",70,7,17.8831378429752
"671",71,7,17.7995795646046
"672",72,7,17.2208606506418
"673",73,7,16.936056835952
"674",74,7,16.6253527614424
"675",75,7,16.6121060963698
"676",76,7,17.2045045111473
"677",77,7,17.472109695195
"678",78,7,16.8275314664002
"679",79,7,16.754253704231
"680",80,7,16.849318308692
"681",81,7,16.5604396221675
"682",82,7,16.7012154434648
"683",83,7,16.9711963632196
"684",84,7,16.4359572654618
"685",85,7,16.8991039298949
"686",86,7,17.0252709521175
"687",87,7,17.0354266297853
"688",88,7,16.8838386330844
"689",89,7,16.443306875713
"690",90,7,16.8818160823248
"691",91,7,17.0754913419291
"692",92,7,16.9385383143808
"693",93,7,17.1018478991622
"694",94,7,17.1219415639914
"695",95,7,16.603326640512
"696",96,7,16.6396803320879
"697",97,7,16.6129044155626
"698",98,7,17.1297029699615
"699",99,7,17.1317276844654
"700",100,7,17.2260102492021
"701",1,8,10.5256538070076
"702",2,8,9.89451894821179
"703",3,8,10.055302798859
"704",4,8,9.85400640797272
"705",5,8,9.43534651507341
"706",6,8,9.27132368674151
"707",7,8,9.40594089444469
"708",8,8,0
"709",9,8,9.75974887617783
"710",10,8,9.87546332712101
"711",11,8,9.77861674474645
"712",12,8,10.6420706597607
"713",13,8,11.3658304064544
"714",14,8,10.0611823757519
"715",15,8,10.0059657161576
"716",16,8,10.2318688699127
"717",17,8,10.3155239267604
"718",18,8,10.1079299726872
"719",19,8,10.1126068066143
"720",20,8,10.0366394566024
"721",21,8,10.040787390155
"722",22,8,10.2485100111224
"723",23,8,9.79966259996389
"724",24,8,9.69815078076438
"725",25,8,9.7849505031212
"726",26,8,10.0987344106253
"727",27,8,9.74419811577111
"728",28,8,9.53061728835707
"729",29,8,9.38094900501743
"730",30,8,9.86635727612362
"731",31,8,9.77147679310848
"732",32,8,10.0382986150522
"733",33,8,9.40156300503912
"734",34,8,9.7843534794859
"735",35,8,9.17394722702868
"736",36,8,9.50000470683633
"737",37,8,9.62562294876789
"738",38,8,9.57881430706185
"739",39,8,9.81560174355578
"740",40,8,9.76803473879542
"741",41,8,9.691037728569
"742",42,8,9.8748376861493
"743",43,8,10.0442084516275
"744",44,8,10.1740589580775
"745",45,8,10.3678826530548
"746",46,8,10.4400176630596
"747",47,8,9.67852019944062
"748",48,8,10.4964223041729
"749",49,8,10.4277697062138
"750",50,8,9.54730222245591
"751",51,8,17.9692255319997
"752",52,8,17.3199849426333
"753",53,8,17.201733868608
"754",54,8,17.0642618662054
"755",55,8,17.6626853232559
"756",56,8,16.5086449778933
"757",57,8,17.270807313678
"758",58,8,17.0644223259619
"759",59,8,16.9164446815433
"760",60,8,17.4645098446314
"761",61,8,16.9007901281633
"762",62,8,17.0989733013883
"763",63,8,17.3238786623734
"764",64,8,17.6178588602428
"765",65,8,18.0120319390239
"766",66,8,17.2589254472536
"767",67,8,17.2114748816702
"768",68,8,17.2371166031976
"769",69,8,18.6830376952093
"770",70,8,18.4794507830163
"771",71,8,18.0669810382409
"772",72,8,17.5932765373194
"773",73,8,17.3457086969899
"774",74,8,17.0844651424682
"775",75,8,16.8836633192104
"776",76,8,17.4964092403695
"777",77,8,17.7680513678355
"778",78,8,17.3700073964519
"779",79,8,17.3315015199742
"780",80,8,17.5007934551326
"781",81,8,17.1185599941743
"782",82,8,17.4063169328098
"783",83,8,17.4085068640573
"784",84,8,16.9559201068219
"785",85,8,17.3759902560433
"786",86,8,17.7092722297566
"787",87,8,17.5788629980339
"788",88,8,17.4005212725723
"789",89,8,17.0602529533638
"790",90,8,17.1567862544224
"791",91,8,17.492904772099
"792",92,8,17.3619230092172
"793",93,8,17.4471954219056
"794",94,8,17.3519522864924
"795",95,8,16.7356357036056
"796",96,8,16.9308249425569
"797",97,8,17.0098416888432
"798",98,8,17.4653751565641
"799",99,8,17.4259011948371
"800",100,8,17.6755687660766
"801",1,9,10.7889251783872
"802",2,9,10.6033020041123
"803",3,9,10.5194806306605
"804",4,9,10.0126309999393
"805",5,9,10.0544796916639
"806",6,9,9.8276945138955
"807",7,9,9.60442697756945
"808",8,9,9.75974887617783
"809",9,9,0
"810",10,9,9.17136375846087
"811",11,9,9.92769368798602
"812",12,9,10.3447470859581
"813",13,9,11.8028473069971
"814",14,9,10.6778675986174
"815",15,9,10.6813934947805
"816",16,9,10.5832569828827
"817",17,9,10.4585744148266
"818",18,9,10.2657002875323
"819",19,9,10.3051091051018
"820",20,9,10.2242314479196
"821",21,9,10.5656329295216
"822",22,9,10.4722539370915
"823",23,9,9.96105143136746
"824",24,9,9.98059936151489
"825",25,9,10.0825414687443
"826",26,9,10.0147833722388
"827",27,9,10.0208457872544
"828",28,9,9.92359081054801
"829",29,9,9.98329858876223
"830",30,9,10.1272671302142
"831",31,9,9.61507107031844
"832",32,9,9.93642590882563
"833",33,9,9.4129056139242
"834",34,9,9.99446836030872
"835",35,9,9.89132705114933
"836",36,9,9.33676695879193
"837",37,9,10.0961647368871
"838",38,9,10.1611622152978
"839",39,9,10.4107354147242
"840",40,9,10.1418296319887
"841",41,9,9.78887586450549
"842",42,9,9.90321110334819
"843",43,9,10.0538336171011
"844",44,9,9.96237071803792
"845",45,9,10.1710011706621
"846",46,9,10.8311441643068
"847",47,9,10.3995098039394
"848",48,9,11.3836663550552
"849",49,9,10.6973137382179
"850",50,9,10.4472956507471
"851",51,9,17.2364926123302
"852",52,9,16.4546102826413
"853",53,9,16.4645275462604
"854",54,9,16.4506610110889
"855",55,9,17.0671206094269
"856",56,9,15.8356276672834
"857",57,9,16.605718094322
"858",58,9,16.3057921612466
"859",59,9,16.4447563325947
"860",60,9,16.68912063545
"861",61,9,16.2340425650982
"862",62,9,16.2406633184782
"863",63,9,16.5787284614339
"864",64,9,16.8571467009881
"865",65,9,17.1725716108355
"866",66,9,16.681340343506
"867",67,9,16.3723754504367
"868",68,9,16.510504254613
"869",69,9,17.9674565763669
"870",70,9,17.6286048045893
"871",71,9,17.2882485083216
"872",72,9,17.0787824112379
"873",73,9,16.5724883471668
"874",74,9,16.2909469811385
"875",75,9,16.2336007364417
"876",76,9,16.7414558056964
"877",77,9,16.9908512942761
"878",78,9,16.4245750503564
"879",79,9,16.5342077275888
"880",80,9,16.6065218645503
"881",81,9,16.3512161469958
"882",82,9,16.6652664818163
"883",83,9,16.6490686190995
"884",84,9,16.1160939009882
"885",85,9,16.6793123473736
"886",86,9,16.7304472682546
"887",87,9,16.8154164399563
"888",88,9,16.5695895574643
"889",89,9,16.2096005898669
"890",90,9,16.5047285649858
"891",91,9,16.6927734674281
"892",92,9,16.4817207706025
"893",93,9,16.8183138863818
"894",94,9,16.7860129717335
"895",95,9,16.3021239651166
"896",96,9,16.3698437311145
"897",97,9,16.3440897401951
"898",98,9,16.8913851176091
"899",99,9,16.8217514522097
"900",100,9,17.123121168353
"901",1,10,10.0106479381235
"902",2,10,10.2626559867764
"903",3,10,10.0269435136043
"904",4,10,9.76871459553101
"905",5,10,9.82616173255683
"906",6,10,9.10886323606272
"907",7,10,9.40159184759735
"908",8,10,9.87546332712101
"909",9,10,9.17136375846087
"910",10,10,0
"911",11,10,9.30597017977168
"912",12,10,10.1005926350026
"913",13,10,11.0962899098968
"914",14,10,9.91424416474428
"915",15,10,9.81061474952071
"916",16,10,10.261015295197
"917",17,10,9.75688595306165
"918",18,10,9.96561386632183
"919",19,10,9.54584582485593
"920",20,10,9.51043645110158
"921",21,10,9.77957613813046
"922",22,10,10.0064569388569
"923",23,10,9.53862757143262
"924",24,10,9.43319992976507
"925",25,10,9.89845954753369
"926",26,10,9.83208967918297
"927",27,10,9.78797751452399
"928",28,10,9.49022040199128
"929",29,10,10.0376960102393
"930",30,10,10.034189160158
"931",31,10,9.3584093943011
"932",32,10,9.45505360587596
"933",33,10,8.89166619809477
"934",34,10,9.42557391950379
"935",35,10,9.16098342312255
"936",36,10,9.26430975973
"937",37,10,9.52450867483225
"938",38,10,9.5989021863851
"939",39,10,9.61588450827594
"940",40,10,9.58467227232693
"941",41,10,9.68025805111028
"942",42,10,9.22475767499529
"943",43,10,9.55871310049818
"944",44,10,9.59151288605559
"945",45,10,9.98628646606662
"946",46,10,10.2147039153285
"947",47,10,10.0223917630483
"948",48,10,10.7116361001251
"949",49,10,10.1422619013133
"950",50,10,10.0300567083835
"951",51,10,17.7190421308533
"952",52,10,16.9349307540001
"953",53,10,16.9173420915638
"954",54,10,16.8514746353018
"955",55,10,17.5080271541794
"956",56,10,16.4055478044881
"957",57,10,17.0101918700429
"958",58,10,16.7071344157149
"959",59,10,16.6765714714132
"960",60,10,17.0849122370152
"961",61,10,16.6713446882414
"962",62,10,16.6936357981428
"963",63,10,16.9646385080416
"964",64,10,17.2453784625965
"965",65,10,17.563007660408
"966",66,10,17.0222176788064
"967",67,10,16.8723063987696
"968",68,10,16.8762949714443
"969",69,10,18.3311761396941
"970",70,10,17.8538907071468
"971",71,10,17.713594198748
"972",72,10,17.3629410526998
"973",73,10,17.013975128627
"974",74,10,16.6452205933769
"975",75,10,16.7435066281759
"976",76,10,17.159021082877
"977",77,10,17.3331460205673
"978",78,10,16.6827752246108
"979",79,10,16.9552966740337
"980",80,10,16.9730662275855
"981",81,10,16.7143433394959
"982",82,10,17.0363655091488
"983",83,10,17.0922917502316
"984",84,10,16.4471240106439
"985",85,10,16.9962938185913
"986",86,10,17.2231991824777
"987",87,10,17.1814822213044
"988",88,10,17.0084610983312
"989",89,10,16.61907217276
"990",90,10,16.9442151341263
"991",91,10,17.0972533197779
"992",92,10,16.8842046339798
"993",93,10,17.1615751591776
"994",94,10,17.1281101273502
"995",95,10,16.7413096340547
"996",96,10,16.7583485569908
"997",97,10,16.9183726318109
"998",98,10,17.2436845742796
"999",99,10,17.1609880675024
"1000",100,10,17.4537910813908
"1001",1,11,9.97605701316173
"1002",2,11,10.4511578577537
"1003",3,11,9.8361655079952
"1004",4,11,10.0052437268026
"1005",5,11,10.0565511213549
"1006",6,11,9.39489952746251
"1007",7,11,9.74248356350902
"1008",8,11,9.77861674474645
"1009",9,11,9.92769368798602
"1010",10,11,9.30597017977168
"1011",11,11,0
"1012",12,11,9.51133325564567
"1013",13,11,10.475647429564
"1014",14,11,10.0443715921406
"1015",15,11,9.63996146778792
"1016",16,11,10.0553535029783
"1017",17,11,9.83600360510462
"1018",18,11,9.41407766813477
"1019",19,11,9.53703426364764
"1020",20,11,9.59794554329851
"1021",21,11,9.60098233926352
"1022",22,11,10.0109829912383
"1023",23,11,9.74063940419661
"1024",24,11,9.90277299608718
"1025",25,11,9.96549603402991
"1026",26,11,9.91605636501776
"1027",27,11,9.9571370427776
"1028",28,11,9.68586936722342
"1029",29,11,9.87226425283722
"1030",30,11,10.3759263445547
"1031",31,11,9.78272480694999
"1032",32,11,9.8434258026628
"1033",33,11,9.22168858289109
"1034",34,11,9.53000984969455
"1035",35,11,9.04705644815726
"1036",36,11,9.70897105947183
"1037",37,11,10.1149701552782
"1038",38,11,10.0869321546962
"1039",39,11,9.57568659676774
"1040",40,11,9.50570239804645
"1041",41,11,9.63736396957114
"1042",42,11,9.64936164255853
"1043",43,11,9.60385987777182
"1044",44,11,9.87574790624575
"1045",45,11,9.76247672802323
"1046",46,11,10.1016922287572
"1047",47,11,10.1685785820602
"1048",48,11,10.5772627128233
"1049",49,11,10.0780503975955
"1050",50,11,10.3860215885467
"1051",51,11,18.1226218527748
"1052",52,11,17.3093336748294
"1053",53,11,17.2854751060178
"1054",54,11,17.2576275184619
"1055",55,11,17.8393604371368
"1056",56,11,16.5594362164481
"1057",57,11,17.4210009743503
"1058",58,11,17.1221901158476
"1059",59,11,16.9622137063473
"1060",60,11,17.5296851789028
"1061",61,11,17.0754173589046
"1062",62,11,17.3336296388794
"1063",63,11,17.2061956543475
"1064",64,11,17.6739960158105
"1065",65,11,17.952251970914
"1066",66,11,17.3659961197996
"1067",67,11,17.2487848203054
"1068",68,11,17.0552975229773
"1069",69,11,18.5531973706494
"1070",70,11,18.3060941121869
"1071",71,11,18.0619221373623
"1072",72,11,17.619459487878
"1073",73,11,17.4061343690798
"1074",74,11,17.1925522217946
"1075",75,11,16.9506061699329
"1076",76,11,17.6270601179957
"1077",77,11,17.7802953746814
"1078",78,11,17.269430426913
"1079",79,11,17.2297457388147
"1080",80,11,17.381290984713
"1081",81,11,17.1173605696982
"1082",82,11,17.3738685838121
"1083",83,11,17.3538941895663
"1084",84,11,16.8434782573379
"1085",85,11,17.2794106789825
"1086",86,11,17.5795999763649
"1087",87,11,17.4610305770964
"1088",88,11,17.2674909959289
"1089",89,11,17.059200643021
"1090",90,11,17.2091805289744
"1091",91,11,17.4369042398291
"1092",92,11,17.3190220055486
"1093",93,11,17.5788439868864
"1094",94,11,17.3499247894291
"1095",95,11,16.9060199854564
"1096",96,11,17.1908696820565
"1097",97,11,17.1802871443953
"1098",98,11,17.6519128958796
"1099",99,11,17.5245452071882
"1100",100,11,17.5779658148411
"1101",1,12,10.5841477498439
"1102",2,12,10.508440144155
"1103",3,12,10.1069612987582
"1104",4,12,10.2708227129593
"1105",5,12,10.7229230485595
"1106",6,12,9.74079972937867
"1107",7,12,10.2228643984638
"1108",8,12,10.6420706597607
"1109",9,12,10.3447470859581
"1110",10,12,10.1005926350026
"1111",11,12,9.51133325564567
"1112",12,12,0
"1113",13,12,11.2634446369297
"1114",14,12,10.3988277106791
"1115",15,12,10.1233965332417
"1116",16,12,10.1134940680704
"1117",17,12,10.416037749057
"1118",18,12,10.1016936106464
"1119",19,12,10.1249602470696
"1120",20,12,9.9110163144928
"1121",21,12,10.2762534008257
"1122",22,12,10.4600995249601
"1123",23,12,10.1853614165025
"1124",24,12,10.4913005215735
"1125",25,12,10.4048232334854
"1126",26,12,10.6115593490853
"1127",27,12,10.6078973329965
"1128",28,12,10.0223077555834
"1129",29,12,10.4117829125454
"1130",30,12,10.1330075585605
"1131",31,12,9.9148225811886
"1132",32,12,9.88188694024765
"1133",33,12,9.6828678168085
"1134",34,12,10.1123834428764
"1135",35,12,10.2912509326689
"1136",36,12,10.4686967199007
"1137",37,12,10.1894042231109
"1138",38,12,10.1384853851082
"1139",39,12,10.344147856579
"1140",40,12,10.2283900666411
"1141",41,12,10.0726820135127
"1142",42,12,10.4386113497725
"1143",43,12,10.3008028465257
"1144",44,12,10.069539871886
"1145",45,12,10.0909343345264
"1146",46,12,10.6058418101593
"1147",47,12,10.7194454954341
"1148",48,12,11.4719834679223
"1149",49,12,10.9755076321665
"1150",50,12,10.7936763952896
"1151",51,12,18.9092408515697
"1152",52,12,18.2930071305955
"1153",53,12,18.3662004453918
"1154",54,12,18.2230825829136
"1155",55,12,18.830149097944
"1156",56,12,17.7000135550262
"1157",57,12,18.4108889823348
"1158",58,12,18.100475782875
"1159",59,12,17.8017566168459
"1160",60,12,18.519704523781
"1161",61,12,18.0206772590814
"1162",62,12,18.2745293074035
"1163",63,12,18.3368600449066
"1164",64,12,18.6667201739183
"1165",65,12,18.8420807180974
"1166",66,12,18.4396326884926
"1167",67,12,18.1423716967511
"1168",68,12,18.0732009821939
"1169",69,12,19.6147138470966
"1170",70,12,19.2331783180222
"1171",71,12,19.1203730400339
"1172",72,12,18.6430646764312
"1173",73,12,18.5520073970014
"1174",74,12,18.1214370695481
"1175",75,12,17.9162973700795
"1176",76,12,18.5208223340496
"1177",77,12,18.6512866033291
"1178",78,12,18.1629740196901
"1179",79,12,18.3258111757573
"1180",80,12,18.4567321337491
"1181",81,12,18.0745412142919
"1182",82,12,18.2478016388209
"1183",83,12,18.448796236576
"1184",84,12,17.9449199806163
"1185",85,12,18.3682734809894
"1186",86,12,18.3080475984257
"1187",87,12,18.6546657819393
"1188",88,12,18.3330199947244
"1189",89,12,18.0231798425866
"1190",90,12,18.2095305447932
"1191",91,12,18.4603937880923
"1192",92,12,18.4634019319559
"1193",93,12,18.4651323133203
"1194",94,12,18.5183327235983
"1195",95,12,17.9400641300153
"1196",96,12,18.0934073876374
"1197",97,12,18.1234240456929
"1198",98,12,18.5025376454143
"1199",99,12,18.5181184960968
"1200",100,12,18.6982867998427
"1201",1,13,11.0537978588644
"1202",2,13,11.8770657939079
"1203",3,13,11.4254358722924
"1204",4,13,11.6835095587601
"1205",5,13,11.4196517821658
"1206",6,13,11.4615980159273
"1207",7,13,11.6174048011647
"1208",8,13,11.3658304064544
"1209",9,13,11.8028473069971
"1210",10,13,11.0962899098968
"1211",11,13,10.475647429564
"1212",12,13,11.2634446369297
"1213",13,13,0
"1214",14,13,10.7868803298884
"1215",15,13,10.585832798562
"1216",16,13,11.8194884412605
"1217",17,13,11.0753551151327
"1218",18,13,11.4637883853215
"1219",19,13,11.1797860899369
"1220",20,13,10.538664966438
"1221",21,13,10.8146581601918
"1222",22,13,11.7135899782745
"1223",23,13,11.1756414172579
"1224",24,13,10.5268901329379
"1225",25,13,11.3667967031573
"1226",26,13,12.3401391616183
"1227",27,13,11.5488009517007
"1228",28,13,11.2994340773012
"1229",29,13,11.440389523786
"1230",30,13,11.827756641275
"1231",31,13,11.4651354257859
"1232",32,13,11.245609413036
"1233",33,13,11.0822353104965
"1234",34,13,11.7218083041524
"1235",35,13,11.6083618086713
"1236",36,13,11.970171916544
"1237",37,13,11.7121547152
"1238",38,13,12.1630337296659
"1239",39,13,11.0675816883803
"1240",40,13,11.474420021391
"1241",41,13,11.8292841480046
"1242",42,13,10.6922448667686
"1243",43,13,11.1361119004993
"1244",44,13,11.2002126025818
"1245",45,13,11.2898073790008
"1246",46,13,11.2976935382533
"1247",47,13,11.502290154724
"1248",48,13,11.0509301871014
"1249",49,13,11.0731803098069
"1250",50,13,11.8076338695214
"1251",51,13,20.2587171603326
"1252",52,13,19.6812863747666
"1253",53,13,19.6762070731444
"1254",54,13,19.7246369182581
"1255",55,13,20.4428260913853
"1256",56,13,19.2487599784156
"1257",57,13,19.9450812967424
"1258",58,13,19.65640618096
"1259",59,13,19.3231724129014
"1260",60,13,19.8903207891836
"1261",61,13,19.3631678486269
"1262",62,13,19.566874834852
"1263",63,13,19.7848623732768
"1264",64,13,20.277862782817
"1265",65,13,20.4864948235389
"1266",66,13,19.8121445336288
"1267",67,13,19.5668417377284
"1268",68,13,19.5545029350739
"1269",69,13,21.073759985127
"1270",70,13,20.752932644472
"1271",71,13,20.6679728305665
"1272",72,13,20.1351839755089
"1273",73,13,19.8847721692738
"1274",74,13,19.5390545443871
"1275",75,13,19.410421845141
"1276",76,13,20.1562650635029
"1277",77,13,20.0790360148327
"1278",78,13,19.7902849047712
"1279",79,13,19.8014014633281
"1280",80,13,19.9702239560739
"1281",81,13,19.6350927300498
"1282",82,13,19.8972405495645
"1283",83,13,19.8802875285914
"1284",84,13,19.535266182339
"1285",85,13,19.7560226649984
"1286",86,13,19.9582346168633
"1287",87,13,20.0711141118131
"1288",88,13,19.5845496325858
"1289",89,13,19.4312774195562
"1290",90,13,19.6866398047668
"1291",91,13,19.8903114731684
"1292",92,13,19.6781375616739
"1293",93,13,19.9225633547447
"1294",94,13,19.8123432957023
"1295",95,13,19.3214751648424
"1296",96,13,19.488368625676
"1297",97,13,19.5001830995707
"1298",98,13,19.8658283795972
"1299",99,13,19.7921979851005
"1300",100,13,20.0670484441143
"1301",1,14,10.2814576280482
"1302",2,14,10.6396371762932
"1303",3,14,10.2674182128656
"1304",4,14,10.1481881455401
"1305",5,14,10.3226481631222
"1306",6,14,9.22820742233023
"1307",7,14,10.0171914492416
"1308",8,14,10.0611823757519
"1309",9,14,10.6778675986174
"1310",10,14,9.91424416474428
"1311",11,14,10.0443715921406
"1312",12,14,10.3988277106791
"1313",13,14,10.7868803298884
"1314",14,14,0
"1315",15,14,9.50135577755705
"1316",16,14,9.97069747576533
"1317",17,14,9.61832010609175
"1318",18,14,9.97229354835014
"1319",19,14,9.68540988648836
"1320",20,14,9.79693420309738
"1321",21,14,9.94289259079346
"1322",22,14,10.1606883400903
"1323",23,14,10.1602109090785
"1324",24,14,9.98476686009857
"1325",25,14,10.1322890625359
"1326",26,14,10.2336052900832
"1327",27,14,10.343182949699
"1328",28,14,10.0316724900917
"1329",29,14,10.3515420538976
"1330",30,14,10.0370563073452
"1331",31,14,9.90681491670601
"1332",32,14,9.9444666133551
"1333",33,14,9.34030063261122
"1334",34,14,9.82049322414973
"1335",35,14,9.54611045013579
"1336",36,14,10.0315537880997
"1337",37,14,9.77105914786758
"1338",38,14,10.1111142030131
"1339",39,14,9.88686660657908
"1340",40,14,9.86227898077063
"1341",41,14,9.5903000968837
"1342",42,14,9.77854043337597
"1343",43,14,9.87580081395084
"1344",44,14,10.2426003551339
"1345",45,14,10.5501281603726
"1346",46,14,10.3518862139976
"1347",47,14,10.2108238511626
"1348",48,14,10.5988963637774
"1349",49,14,10.4572714977338
"1350",50,14,10.1815646219099
"1351",51,14,18.4804396910405
"1352",52,14,17.7177964245383
"1353",53,14,17.7449356623694
"1354",54,14,17.5451938443532
"1355",55,14,18.2148471858645
"1356",56,14,17.0321109754963
"1357",57,14,17.8830738279223
"1358",58,14,17.5430255326568
"1359",59,14,17.2000657135928
"1360",60,14,17.842636666788
"1361",61,14,17.4134615748169
"1362",62,14,17.6180083201959
"1363",63,14,17.6681718837659
"1364",64,14,18.124233458931
"1365",65,14,18.4804688312996
"1366",66,14,17.7149981419944
"1367",67,14,17.5983812497853
"1368",68,14,17.7194331736386
"1369",69,14,19.028871335764
"1370",70,14,18.7335773249009
"1371",71,14,18.6036494425362
"1372",72,14,18.1762249548921
"1373",73,14,17.8502267645307
"1374",74,14,17.4297322769617
"1375",75,14,17.2864978041125
"1376",76,14,17.8840923876602
"1377",77,14,18.2093274112706
"1378",78,14,17.7650281256131
"1379",79,14,17.7789878537614
"1380",80,14,17.8349263874797
"1381",81,14,17.5614862214704
"1382",82,14,17.9159295683837
"1383",83,14,17.9206048226417
"1384",84,14,17.2409694508798
"1385",85,14,17.8293052344437
"1386",86,14,17.9433500558988
"1387",87,14,17.9445812355347
"1388",88,14,17.6952123224177
"1389",89,14,17.5065873415946
"1390",90,14,17.7315459292449
"1391",91,14,17.8378850195016
"1392",92,14,17.8408292550302
"1393",93,14,17.8780968744148
"1394",94,14,17.8051748369197
"1395",95,14,17.313304787807
"1396",96,14,17.3829445672065
"1397",97,14,17.5365467006242
"1398",98,14,17.7977380993307
"1399",99,14,17.8301349255647
"1400",100,14,18.0700256206165
"1401",1,15,9.66788443922982
"1402",2,15,10.1106962925262
"1403",3,15,9.98037907341966
"1404",4,15,10.1319947608858
"1405",5,15,9.95731379608535
"1406",6,15,9.47695487821854
"1407",7,15,10.2369549940477
"1408",8,15,10.0059657161576
"1409",9,15,10.6813934947805
"1410",10,15,9.81061474952071
"1411",11,15,9.63996146778792
"1412",12,15,10.1233965332417
"1413",13,15,10.585832798562
"1414",14,15,9.50135577755705
"1415",15,15,0
"1416",16,15,9.55898131463452
