"","row","col","value"
"1",1,1,0
"2",2,1,11.4888743398634
"3",3,1,6.06173780593371
"4",4,1,14.3478459002762
"5",5,1,16.0462009560963
"6",6,1,9.18382878034898
"7",7,1,5.13141301928251
"8",8,1,6.79973420199654
"9",9,1,7.75235267023245
"10",10,1,15.9563732023974
"11",11,1,10.523570252867
"12",12,1,12.0107469306417
"13",13,1,9.07003327523231
"14",14,1,7.80751190591049
"15",15,1,9.31782687674645
"16",16,1,8.37960139333713
"17",17,1,14.8712213987385
"18",18,1,8.55442933520112
"19",19,1,7.76794068122341
"20",20,1,15.3317460391953
"21",1,2,11.4888743398634
"22",2,2,0
"23",3,2,9.11889212356249
"24",4,2,9.57438053713215
"25",5,2,9.69447975991497
"26",6,2,5.34497680659103
"27",7,2,9.24221706039719
"28",8,2,6.67587122114103
"29",9,2,5.60324250085564
"30",10,2,8.75290089419877
"31",11,2,17.2130132609467
"32",12,2,17.1854621764161
"33",13,2,15.5932739925893
"34",14,2,14.9928257248982
"35",15,2,15.7674225076453
"36",16,2,15.7132700735804
"37",17,2,18.677236842299
"38",18,2,15.996754044672
"39",19,2,16.1417755010038
"40",20,2,19.7300850885044
"41",1,3,6.06173780593371
"42",2,3,9.11889212356249
"43",3,3,0
"44",4,3,12.422391406366
"45",5,3,14.347841168345
"46",6,3,7.83337283024888
"47",7,3,4.97515878781874
"48",8,3,6.23391246197398
"49",9,3,6.38304275557144
"50",10,3,14.3112439978017
"51",11,3,12.0621803155143
"52",12,3,12.3158092280407
"53",13,3,10.0427115282719
"54",14,3,9.72305081077961
"55",15,3,10.1701974564701
"56",16,3,9.8898461947684
"57",17,3,14.7822268886446
"58",18,3,10.0706057876079
"59",19,3,9.95837092865268
"60",20,3,15.5504211371643
"61",1,4,14.3478459002762
"62",2,4,9.57438053713215
"63",3,4,12.422391406366
"64",4,4,0
"65",5,4,6.50486876316732
"66",6,4,9.21040080461632
"67",7,4,12.4970466066094
"68",8,4,10.9565116071919
"69",9,4,9.75499719300631
"70",10,4,9.7727631590921
"71",11,4,20.7220891675389
"72",12,4,21.0495489771911
"73",13,4,19.0391814203403
"74",14,4,18.1878636010288
"75",15,4,19.2236018073861
"76",16,4,18.5121122668245
"77",17,4,20.266103033772
"78",18,4,19.3304919600463
"79",19,4,19.4924595927412
"80",20,4,21.6881337504809
"81",1,5,16.0462009560963
"82",2,5,9.69447975991497
"83",3,5,14.347841168345
"84",4,5,6.50486876316732
"85",5,5,0
"86",6,5,9.15881222196793
"87",7,5,13.8691289799408
"88",8,5,11.0452008758051
"89",9,5,10.3568507915853
"90",10,5,8.12115516000831
"91",11,5,21.7415373769074
"92",12,5,22.1261901262283
"93",13,5,20.3108344545966
"94",14,5,19.4247933947962
"95",15,5,20.3275723041314
"96",16,5,19.9168973914283
"97",17,5,20.9794010126529
"98",18,5,20.4950765556621
"99",19,5,20.8421407239437
"100",20,5,23.015779732945
"101",1,6,9.18382878034898
"102",2,6,5.34497680659103
"103",3,6,7.83337283024888
"104",4,6,9.21040080461632
"105",5,6,9.15881222196793
"106",6,6,0
"107",7,6,7.3074258735915
"108",8,6,4.38104188407443
"109",9,6,3.51700007467051
"110",10,6,8.82961501255128
"111",11,6,15.5871014331127
"112",12,6,16.3237837025789
"113",13,6,14.2694165122736
"114",14,6,13.3371039316586
"115",15,6,13.9902080814805
"116",16,6,13.8126725429061
"117",17,6,17.6040731687969
"118",18,6,14.0872003561662
"119",19,6,14.0015879767803
"120",20,6,19.2868848280642
"121",1,7,5.13141301928251
"122",2,7,9.24221706039719
"123",3,7,4.97515878781874
"124",4,7,12.4970466066094
"125",5,7,13.8691289799408
"126",6,7,7.3074258735915
"127",7,7,0
"128",8,7,5.37940620873427
"129",9,7,5.98071256610255
"130",10,7,14.1170123404146
"131",11,7,12.2305441754418
"132",12,7,13.0492747078139
"133",13,7,10.4609477820648
"134",14,7,9.44520981909316
"135",15,7,10.3523991807186
"136",16,7,10.121425180845
"137",17,7,15.3656634946636
"138",18,7,10.290504472837
"139",19,7,9.65172277400388
"140",20,7,15.9922432489565
"141",1,8,6.79973420199654
"142",2,8,6.67587122114103
"143",3,8,6.23391246197398
"144",4,8,10.9565116071919
"145",5,8,11.0452008758051
"146",6,8,4.38104188407443
"147",7,8,5.37940620873427
"148",8,8,0
"149",9,8,3.76103116386265
"150",10,8,10.843072315766
"151",11,8,13.441100402007
"152",12,8,14.1462653245846
"153",13,8,11.9467169003828
"154",14,8,10.9048340912867
"155",15,8,11.897046314919
"156",16,8,11.4591191226673
"157",17,8,15.8077204381768
"158",18,8,11.7667952457489
"159",19,8,11.5575385009023
"160",20,8,17.2732492660355
"161",1,9,7.75235267023245
"162",2,9,5.60324250085564
"163",3,9,6.38304275557144
"164",4,9,9.75499719300631
"165",5,9,10.3568507915853
"166",6,9,3.51700007467051
"167",7,9,5.98071256610255
"168",8,9,3.76103116386265
"169",9,9,0
"170",10,9,10.1470418158344
"171",11,9,13.8991115000561
"172",12,9,14.4774957989698
"173",13,9,12.3024636298488
"174",14,9,11.3698341651531
"175",15,9,12.1923264288203
"176",16,9,11.9205639507901
"177",17,9,16.0217733847733
"178",18,9,12.1795914743223
"179",19,9,12.059875717546
"180",20,9,17.2947808860987
"181",1,10,15.9563732023974
"182",2,10,8.75290089419877
"183",3,10,14.3112439978017
"184",4,10,9.7727631590921
"185",5,10,8.12115516000831
"186",6,10,8.82961501255128
"187",7,10,14.1170123404146
"188",8,10,10.843072315766
"189",9,10,10.1470418158344
"190",10,10,0
"191",11,10,21.405998460609
"192",12,10,21.7151509385446
"193",13,10,19.9243684853821
"194",14,10,19.0595738263772
"195",15,10,19.8403147127797
"196",16,10,19.4935304018948
"197",17,10,20.8501284432034
"198",18,10,19.9381824559553
"199",19,10,20.2557190099732
"200",20,10,23.5140772257126
"201",1,11,10.523570252867
"202",2,11,17.2130132609467
"203",3,11,12.0621803155143
"204",4,11,20.7220891675389
"205",5,11,21.7415373769074
"206",6,11,15.5871014331127
"207",7,11,12.2305441754418
"208",8,11,13.441100402007
"209",9,11,13.8991115000561
"210",10,11,21.405998460609
"211",11,11,0
"212",12,11,7.04846748777792
"213",13,11,5.23490178132034
"214",14,11,6.30895948957342
"215",15,11,5.2161427827413
"216",16,11,6.04817784715416
"217",17,11,9.18791092779442
"218",18,11,4.34074411148617
"219",19,11,6.28318776419142
"220",20,11,13.3460635705548
"221",1,12,12.0107469306417
"222",2,12,17.1854621764161
"223",3,12,12.3158092280407
"224",4,12,21.0495489771911
"225",5,12,22.1261901262283
"226",6,12,16.3237837025789
"227",7,12,13.0492747078139
"228",8,12,14.1462653245846
"229",9,12,14.4774957989698
"230",10,12,21.7151509385446
"231",11,12,7.04846748777792
"232",12,12,0
"233",13,12,6.22573245976329
"234",14,12,7.32876900917352
"235",15,12,6.70704639190348
"236",16,12,7.27217640285409
"237",17,12,9.10905248864326
"238",18,12,6.75391321142765
"239",19,12,7.88297120609398
"240",20,12,12.6157012422683
"241",1,13,9.07003327523231
"242",2,13,15.5932739925893
"243",3,13,10.0427115282719
"244",4,13,19.0391814203403
"245",5,13,20.3108344545966
"246",6,13,14.2694165122736
"247",7,13,10.4609477820648
"248",8,13,11.9467169003828
"249",9,13,12.3024636298488
"250",10,13,19.9243684853821
"251",11,13,5.23490178132034
"252",12,13,6.22573245976329
"253",13,13,0
"254",14,13,4.36297485312279
"255",15,13,4.47811209966346
"256",16,13,4.16635270858027
"257",17,13,9.40741524810628
"258",18,13,4.10687463626477
"259",19,13,4.84088642471013
"260",20,13,11.62463986566
"261",1,14,7.80751190591049
"262",2,14,14.9928257248982
"263",3,14,9.72305081077961
"264",4,14,18.1878636010288
"265",5,14,19.4247933947962
"266",6,14,13.3371039316586
"267",7,14,9.44520981909316
"268",8,14,10.9048340912867
"269",9,14,11.3698341651531
"270",10,14,19.0595738263772
"271",11,14,6.30895948957342
"272",12,14,7.32876900917352
"273",13,14,4.36297485312279
"274",14,14,0
"275",15,14,4.90251561757149
"276",16,14,4.17167162733606
"277",17,14,10.0337017951976
"278",18,14,4.36028853140249
"279",19,14,3.98946293481142
"280",20,14,11.4808626082674
"281",1,15,9.31782687674645
"282",2,15,15.7674225076453
"283",3,15,10.1701974564701
"284",4,15,19.2236018073861
"285",5,15,20.3275723041314
"286",6,15,13.9902080814805
"287",7,15,10.3523991807186
"288",8,15,11.897046314919
"289",9,15,12.1923264288203
"290",10,15,19.8403147127797
"291",11,15,5.2161427827413
"292",12,15,6.70704639190348
"293",13,15,4.47811209966346
"294",14,15,4.90251561757149
"295",15,15,0
"296",16,15,5.55428859298159
"297",17,15,9.06686700391363
"298",18,15,3.9935301568814
"299",19,15,5.23754735478085
"300",20,15,12.7377925392364
"301",1,16,8.37960139333713
"302",2,16,15.7132700735804
"303",3,16,9.8898461947684
"304",4,16,18.5121122668245
"305",5,16,19.9168973914283
"306",6,16,13.8126725429061
"307",7,16,10.121425180845
"308",8,16,11.4591191226673
"309",9,16,11.9205639507901
"310",10,16,19.4935304018948
"311",11,16,6.04817784715416
"312",12,16,7.27217640285409
"313",13,16,4.16635270858027
"314",14,16,4.17167162733606
"315",15,16,5.55428859298159
"316",16,16,0
"317",17,16,10.1895116803832
"318",18,16,4.31942231464518
"319",19,16,4.71183328169272
"320",20,16,11.8159208850041
"321",1,17,14.8712213987385
"322",2,17,18.677236842299
"323",3,17,14.7822268886446
"324",4,17,20.266103033772
"325",5,17,20.9794010126529
"326",6,17,17.6040731687969
"327",7,17,15.3656634946636
"328",8,17,15.8077204381768
"329",9,17,16.0217733847733
"330",10,17,20.8501284432034
"331",11,17,9.18791092779442
"332",12,17,9.10905248864326
"333",13,17,9.40741524810628
"334",14,17,10.0337017951976
"335",15,17,9.06686700391363
"336",16,17,10.1895116803832
"337",17,17,0
"338",18,17,10.086136187434
"339",19,17,11.8355229711437
"340",20,17,14.5085340701088
"341",1,18,8.55442933520112
"342",2,18,15.996754044672
"343",3,18,10.0706057876079
"344",4,18,19.3304919600463
"345",5,18,20.4950765556621
"346",6,18,14.0872003561662
"347",7,18,10.290504472837
"348",8,18,11.7667952457489
"349",9,18,12.1795914743223
"350",10,18,19.9381824559553
"351",11,18,4.34074411148617
"352",12,18,6.75391321142765
"353",13,18,4.10687463626477
"354",14,18,4.36028853140249
"355",15,18,3.9935301568814
"356",16,18,4.31942231464518
"357",17,18,10.086136187434
"358",18,18,0
"359",19,18,3.99117828771158
"360",20,18,12.5759548135088
"361",1,19,7.76794068122341
"362",2,19,16.1417755010038
"363",3,19,9.95837092865268
"364",4,19,19.4924595927412
"365",5,19,20.8421407239437
"366",6,19,14.0015879767803
"367",7,19,9.65172277400388
"368",8,19,11.5575385009023
"369",9,19,12.059875717546
"370",10,19,20.2557190099732
"371",11,19,6.28318776419142
"372",12,19,7.88297120609398
"373",13,19,4.84088642471013
"374",14,19,3.98946293481142
"375",15,19,5.23754735478085
"376",16,19,4.71183328169272
"377",17,19,11.8355229711437
"378",18,19,3.99117828771158
"379",19,19,0
"380",20,19,13.0144172671813
"381",1,20,15.3317460391953
"382",2,20,19.7300850885044
"383",3,20,15.5504211371643
"384",4,20,21.6881337504809
"385",5,20,23.015779732945
"386",6,20,19.2868848280642
"387",7,20,15.9922432489565
"388",8,20,17.2732492660355
"389",9,20,17.2947808860987
"390",10,20,23.5140772257126
"391",11,20,13.3460635705548
"392",12,20,12.6157012422683
"393",13,20,11.62463986566
"394",14,20,11.4808626082674
"395",15,20,12.7377925392364
"396",16,20,11.8159208850041
"397",17,20,14.5085340701088
"398",18,20,12.5759548135088
"399",19,20,13.0144172671813
"400",20,20,0
