"","row","col","value"
"1",1,1,0
"2",2,1,4.08335031512311
"3",3,1,4.64768537707354
"4",4,1,4.44808877711064
"5",5,1,5.33042243223947
"6",6,1,4.48760397989437
"7",7,1,4.49186460869933
"8",8,1,5.35602819471506
"9",9,1,6.75281913143876
"10",10,1,4.84850901947501
"11",11,1,9.48650771370603
"12",12,1,11.9151354480349
"13",13,1,10.5273394100179
"14",14,1,13.1468524831997
"15",15,1,8.73278692699892
"16",16,1,13.4035841604321
"17",17,1,12.1337709122879
"18",18,1,7.65297751837603
"19",19,1,15.5773826699899
"20",20,1,15.9667084339664
"21",1,2,4.08335031512311
"22",2,2,0
"23",3,2,3.59631694254161
"24",4,2,4.0329273631115
"25",5,2,5.28180065685888
"26",6,2,3.77389196636335
"27",7,2,3.72250858749507
"28",8,2,5.3238886244852
"29",9,2,7.49266151305294
"30",10,2,4.85596324988
"31",11,2,8.30524125897903
"32",12,2,10.5017364317612
"33",13,2,10.2335252337869
"34",14,2,12.3398101366044
"35",15,2,8.01958359649869
"36",16,2,13.0254388149815
"37",17,2,11.3418864469754
"38",18,2,7.33107471730267
"39",19,2,15.3635100768088
"40",20,2,14.6379771254985
"41",1,3,4.64768537707354
"42",2,3,3.59631694254161
"43",3,3,0
"44",4,3,4.69707577158259
"45",5,3,4.87484392456113
"46",6,3,3.99516612778609
"47",7,3,4.52575910740284
"48",8,3,5.61871625242228
"49",9,3,7.16418943035548
"50",10,3,4.52126211196684
"51",11,3,7.82774967657701
"52",12,3,9.82778178999468
"53",13,3,9.70681873709636
"54",14,3,11.8590866683997
"55",15,3,7.82269416630725
"56",16,3,12.5519377849859
"57",17,3,11.2411942232626
"58",18,3,7.5098693772513
"59",19,3,15.0911781795384
"60",20,3,14.0226905746319
"61",1,4,4.44808877711064
"62",2,4,4.0329273631115
"63",3,4,4.69707577158259
"64",4,4,0
"65",5,4,4.89256204602529
"66",6,4,4.8174038208124
"67",7,4,3.8887206014718
"68",8,4,6.57762323007814
"69",9,4,7.40258221725215
"70",10,4,4.85619058335044
"71",11,4,8.99244838962661
"72",12,4,11.3365226369164
"73",13,4,9.8959208035426
"74",14,4,12.705599343976
"75",15,4,8.38994553191533
"76",16,4,13.2318327958177
"77",17,4,12.021522110833
"78",18,4,7.84204653750765
"79",19,4,15.1994368956374
"80",20,4,15.6902063277156
"81",1,5,5.33042243223947
"82",2,5,5.28180065685888
"83",3,5,4.87484392456113
"84",4,5,4.89256204602529
"85",5,5,0
"86",6,5,5.17494699719128
"87",7,5,4.90527750669552
"88",8,5,6.90233647581624
"89",9,5,7.18240123195028
"90",10,5,5.03017722661948
"91",11,5,9.88135539108962
"92",12,5,11.6869009841218
"93",13,5,11.0460449796609
"94",14,5,13.6673072129054
"95",15,5,9.19680999830177
"96",16,5,14.2187250573181
"97",17,5,13.0529613536999
"98",18,5,8.90621010011891
"99",19,5,16.3901897694439
"100",20,5,15.6783101872531
"101",1,6,4.48760397989437
"102",2,6,3.77389196636335
"103",3,6,3.99516612778609
"104",4,6,4.8174038208124
"105",5,6,5.17494699719128
"106",6,6,0
"107",7,6,4.67224398196325
"108",8,6,5.42253598802054
"109",9,6,6.64656274742813
"110",10,6,4.57513828128092
"111",11,6,8.86574839642756
"112",12,6,11.0871207712784
"113",13,6,10.6301945904465
"114",14,6,12.9885988650123
"115",15,6,8.88033456040866
"116",16,6,13.6504810853999
"117",17,6,12.1794824941534
"118",18,6,8.14335895577929
"119",19,6,15.9288100391717
"120",20,6,14.9115295849585
"121",1,7,4.49186460869933
"122",2,7,3.72250858749507
"123",3,7,4.52575910740284
"124",4,7,3.8887206014718
"125",5,7,4.90527750669552
"126",6,7,4.67224398196325
"127",7,7,0
"128",8,7,5.56630224567312
"129",9,7,8.2335851748381
"130",10,7,4.82422317383317
"131",11,7,8.66447108974174
"132",12,7,10.5179476096763
"133",13,7,10.0450381457036
"134",14,7,12.4037010067481
"135",15,7,7.98335193353518
"136",16,7,13.0581354622801
"137",17,7,11.5725091955278
"138",18,7,7.46177642087442
"139",19,7,15.3896512268303
"140",20,7,14.364828847406
"141",1,8,5.35602819471506
"142",2,8,5.3238886244852
"143",3,8,5.61871625242228
"144",4,8,6.57762323007814
"145",5,8,6.90233647581624
"146",6,8,5.42253598802054
"147",7,8,5.56630224567312
"148",8,8,0
"149",9,8,8.48510620057179
"150",10,8,6.60414296078384
"151",11,8,7.70207102558124
"152",12,8,9.67780277320062
"153",13,8,10.247727998174
"154",14,8,10.0222306738656
"155",15,8,6.76829039525226
"156",16,8,10.8560712802355
"157",17,8,8.40957135033451
"158",18,8,6.73080133483507
"159",19,8,12.2949823278824
"160",20,8,12.8177270512395
"161",1,9,6.75281913143876
"162",2,9,7.49266151305294
"163",3,9,7.16418943035548
"164",4,9,7.40258221725215
"165",5,9,7.18240123195028
"166",6,9,6.64656274742813
"167",7,9,8.2335851748381
"168",8,9,8.48510620057179
"169",9,9,0
"170",10,9,6.32143248675799
"171",11,9,12.0552416094614
"172",12,9,14.2858376520515
"173",13,9,12.2042489266631
"174",14,9,15.5210306653379
"175",15,9,11.8807736167623
"176",16,9,15.7240234068828
"177",17,9,14.6995096068807
"178",18,9,10.5692886492836
"179",19,9,17.5107030802038
"180",20,9,18.8110791337816
"181",1,10,4.84850901947501
"182",2,10,4.85596324988
"183",3,10,4.52126211196684
"184",4,10,4.85619058335044
"185",5,10,5.03017722661948
"186",6,10,4.57513828128092
"187",7,10,4.82422317383317
"188",8,10,6.60414296078384
"189",9,10,6.32143248675799
"190",10,10,0
"191",11,10,9.87767776295653
"192",12,10,11.1913766388494
"193",13,10,10.3395590899749
"194",14,10,13.3404672195425
"195",15,10,9.43306240921785
"196",16,10,14.1583656309537
"197",17,10,13.0138615258212
"198",18,10,8.67395990384481
"199",19,10,16.6307053821409
"200",20,10,15.3610355563558
"201",1,11,9.48650771370603
"202",2,11,8.30524125897903
"203",3,11,7.82774967657701
"204",4,11,8.99244838962661
"205",5,11,9.88135539108962
"206",6,11,8.86574839642756
"207",7,11,8.66447108974174
"208",8,11,7.70207102558124
"209",9,11,12.0552416094614
"210",10,11,9.87767776295653
"211",11,11,0
"212",12,11,6.23421392101585
"213",13,11,7.69619026066587
"214",14,11,6.82854649603639
"215",15,11,4.07902466208436
"216",16,11,7.01721247235012
"217",17,11,6.85056304186506
"218",18,11,4.87233249946194
"219",19,11,10.5892338512843
"220",20,11,9.62822593323499
"221",1,12,11.9151354480349
"222",2,12,10.5017364317612
"223",3,12,9.82778178999468
"224",4,12,11.3365226369164
"225",5,12,11.6869009841218
"226",6,12,11.0871207712784
"227",7,12,10.5179476096763
"228",8,12,9.67780277320062
"229",9,12,14.2858376520515
"230",10,12,11.1913766388494
"231",11,12,6.23421392101585
"232",12,12,0
"233",13,12,7.98116666282959
"234",14,12,6.67538840694073
"235",15,12,6.37893367606801
"236",16,12,9.00444771451138
"237",17,12,8.26082976983189
"238",18,12,7.50109665629359
"239",19,12,12.2562795566748
"240",20,12,7.19344453881619
"241",1,13,10.5273394100179
"242",2,13,10.2335252337869
"243",3,13,9.70681873709636
"244",4,13,9.8959208035426
"245",5,13,11.0460449796609
"246",6,13,10.6301945904465
"247",7,13,10.0450381457036
"248",8,13,10.247727998174
"249",9,13,12.2042489266631
"250",10,13,10.3395590899749
"251",11,13,7.69619026066587
"252",12,13,7.98116666282959
"253",13,13,0
"254",14,13,8.66111864293393
"255",15,13,7.08836497432765
"256",16,13,10.5885234278591
"257",17,13,9.68370933482243
"258",18,13,8.44534368072265
"259",19,13,12.285062824142
"260",20,13,12.5063805186217
"261",1,14,13.1468524831997
"262",2,14,12.3398101366044
"263",3,14,11.8590866683997
"264",4,14,12.705599343976
"265",5,14,13.6673072129054
"266",6,14,12.9885988650123
"267",7,14,12.4037010067481
"268",8,14,10.0222306738656
"269",9,14,15.5210306653379
"270",10,14,13.3404672195425
"271",11,14,6.82854649603639
"272",12,14,6.67538840694073
"273",13,14,8.66111864293393
"274",14,14,0
"275",15,14,6.77868699260159
"276",16,14,5.55966455248717
"277",17,14,5.6438057343416
"278",18,14,7.84612249156305
"279",19,14,7.61814520923683
"280",20,14,7.91934656638188
"281",1,15,8.73278692699892
"282",2,15,8.01958359649869
"283",3,15,7.82269416630725
"284",4,15,8.38994553191533
"285",5,15,9.19680999830177
"286",6,15,8.88033456040866
"287",7,15,7.98335193353518
"288",8,15,6.76829039525226
"289",9,15,11.8807736167623
"290",10,15,9.43306240921785
"291",11,15,4.07902466208436
"292",12,15,6.37893367606801
"293",13,15,7.08836497432765
"294",14,15,6.77868699260159
"295",15,15,0
"296",16,15,6.90161792118515
"297",17,15,6.66634279117625
"298",18,15,3.78844192262188
"299",19,15,9.72372964504073
"300",20,15,9.73867258876332
"301",1,16,13.4035841604321
"302",2,16,13.0254388149815
"303",3,16,12.5519377849859
"304",4,16,13.2318327958177
"305",5,16,14.2187250573181
"306",6,16,13.6504810853999
"307",7,16,13.0581354622801
"308",8,16,10.8560712802355
"309",9,16,15.7240234068828
"310",10,16,14.1583656309537
"311",11,16,7.01721247235012
"312",12,16,9.00444771451138
"313",13,16,10.5885234278591
"314",14,16,5.55966455248717
"315",15,16,6.90161792118515
"316",16,16,0
"317",17,16,6.48195323958238
"318",18,16,7.38853204341889
"319",19,16,7.75737530188496
"320",20,16,9.82868925102418
"321",1,17,12.1337709122879
"322",2,17,11.3418864469754
"323",3,17,11.2411942232626
"324",4,17,12.021522110833
"325",5,17,13.0529613536999
"326",6,17,12.1794824941534
"327",7,17,11.5725091955278
"328",8,17,8.40957135033451
"329",9,17,14.6995096068807
"330",10,17,13.0138615258212
"331",11,17,6.85056304186506
"332",12,17,8.26082976983189
"333",13,17,9.68370933482243
"334",14,17,5.6438057343416
"335",15,17,6.66634279117625
"336",16,17,6.48195323958238
"337",17,17,0
"338",18,17,7.33628344824216
"339",19,17,7.25190684755361
"340",20,17,9.97431009521553
"341",1,18,7.65297751837603
"342",2,18,7.33107471730267
"343",3,18,7.5098693772513
"344",4,18,7.84204653750765
"345",5,18,8.90621010011891
"346",6,18,8.14335895577929
"347",7,18,7.46177642087442
"348",8,18,6.73080133483507
"349",9,18,10.5692886492836
"350",10,18,8.67395990384481
"351",11,18,4.87233249946194
"352",12,18,7.50109665629359
"353",13,18,8.44534368072265
"354",14,18,7.84612249156305
"355",15,18,3.78844192262188
"356",16,18,7.38853204341889
"357",17,18,7.33628344824216
"358",18,18,0
"359",19,18,10.6418450910776
"360",20,18,10.6228563254161
"361",1,19,15.5773826699899
"362",2,19,15.3635100768088
"363",3,19,15.0911781795384
"364",4,19,15.1994368956374
"365",5,19,16.3901897694439
"366",6,19,15.9288100391717
"367",7,19,15.3896512268303
"368",8,19,12.2949823278824
"369",9,19,17.5107030802038
"370",10,19,16.6307053821409
"371",11,19,10.5892338512843
"372",12,19,12.2562795566748
"373",13,19,12.285062824142
"374",14,19,7.61814520923683
"375",15,19,9.72372964504073
"376",16,19,7.75737530188496
"377",17,19,7.25190684755361
"378",18,19,10.6418450910776
"379",19,19,0
"380",20,19,13.1079895840343
"381",1,20,15.9667084339664
"382",2,20,14.6379771254985
"383",3,20,14.0226905746319
"384",4,20,15.6902063277156
"385",5,20,15.6783101872531
"386",6,20,14.9115295849585
"387",7,20,14.364828847406
"388",8,20,12.8177270512395
"389",9,20,18.8110791337816
"390",10,20,15.3610355563558
"391",11,20,9.62822593323499
"392",12,20,7.19344453881619
"393",13,20,12.5063805186217
"394",14,20,7.91934656638188
"395",15,20,9.73867258876332
"396",16,20,9.82868925102418
"397",17,20,9.97431009521553
"398",18,20,10.6228563254161
"399",19,20,13.1079895840343
"400",20,20,0
