"","row","col","value"
"1",1,1,0
"2",2,1,11.4503464892913
"3",3,1,10.5184941318373
"4",4,1,14.3716462355813
"5",5,1,11.0547457048993
"6",6,1,15.0994849515496
"7",7,1,10.8138840571209
"8",8,1,15.3840289304903
"9",9,1,13.4848341658711
"10",10,1,12.9728822236546
"11",11,1,19.3480344619985
"12",12,1,22.5462644221376
"13",13,1,19.1420549980747
"14",14,1,25.3701700427142
"15",15,1,26.095176453282
"16",16,1,22.0018205646184
"17",17,1,19.8654624334679
"18",18,1,20.5583505548006
"19",19,1,20.4639197180441
"20",20,1,26.178712154624
"21",1,2,11.4503464892913
"22",2,2,0
"23",3,2,7.73080926414861
"24",4,2,8.97696977740839
"25",5,2,5.75177607079388
"26",6,2,8.79974004557311
"27",7,2,4.73266183481483
"28",8,2,9.56493982606106
"29",9,2,8.9366583600627
"30",10,2,6.60986750018241
"31",11,2,14.8306201005004
"32",12,2,20.2260811114783
"33",13,2,15.267470312575
"34",14,2,23.3269325724979
"35",15,2,24.1040076272872
"36",16,2,19.29968106258
"37",17,2,15.9297966499512
"38",18,2,17.0122118656914
"39",19,2,17.5918263241411
"40",20,2,23.9822295850219
"41",1,3,10.5184941318373
"42",2,3,7.73080926414861
"43",3,3,0
"44",4,3,5.52451414304651
"45",5,3,5.23907856561091
"46",6,3,5.61144030698683
"47",7,3,5.32695238382904
"48",8,3,6.55170686664042
"49",9,3,4.50995833967316
"50",10,3,5.31513588328509
"51",11,3,11.4441752826924
"52",12,3,16.7905456998638
"53",13,3,12.0229190023169
"54",14,3,20.1167328850017
"55",15,3,21.1479191127383
"56",16,3,16.0890840165906
"57",17,3,12.5345805467969
"58",18,3,13.776879988217
"59",19,3,14.2347171254894
"60",20,3,21.0541813326055
"61",1,4,14.3716462355813
"62",2,4,8.97696977740839
"63",3,4,5.52451414304651
"64",4,4,0
"65",5,4,7.48326059751162
"66",6,4,2.58316122805077
"67",7,4,6.56165070955523
"68",8,4,2.3969986462874
"69",9,4,3.21700558816018
"70",10,4,4.57708941645672
"71",11,4,8.24803109044793
"72",12,4,15.786478408384
"73",13,4,9.68064032393976
"74",14,4,19.5171465378058
"75",15,4,20.775597040394
"76",16,4,14.368183341864
"77",17,4,9.95687611526571
"78",18,4,11.7813385930796
"79",19,4,12.4287634445177
"80",20,4,20.4127993055507
"81",1,5,11.0547457048993
"82",2,5,5.75177607079388
"83",3,5,5.23907856561091
"84",4,5,7.48326059751162
"85",5,5,0
"86",6,5,7.13804173635669
"87",7,5,4.678382011549
"88",8,5,8.15841312293117
"89",9,5,6.95209263110198
"90",10,5,5.83488296749663
"91",11,5,12.7651258319809
"92",12,5,17.7317621146678
"93",13,5,13.0457215693371
"94",14,5,21.0483574757764
"95",15,5,21.9831328435742
"96",16,5,17.1687031666238
"97",17,5,13.429596605637
"98",18,5,14.7639670053543
"99",19,5,15.3292057962889
"100",20,5,21.8504249365947
"101",1,6,15.0994849515496
"102",2,6,8.79974004557311
"103",3,6,5.61144030698683
"104",4,6,2.58316122805077
"105",5,6,7.13804173635669
"106",6,6,0
"107",7,6,6.42287125328866
"108",8,6,2.95210354983684
"109",9,6,3.7157385325677
"110",10,6,4.40450880994393
"111",11,6,8.59135771686553
"112",12,6,15.5377449457098
"113",13,6,9.7814407258712
"114",14,6,19.5179783573971
"115",15,6,20.7693737240501
"116",16,6,14.4727439972027
"117",17,6,10.1085393406013
"118",18,6,11.868824315742
"119",19,6,12.5017061127355
"120",20,6,20.2956066313679
"121",1,7,10.8138840571209
"122",2,7,4.73266183481483
"123",3,7,5.32695238382904
"124",4,7,6.56165070955523
"125",5,7,4.678382011549
"126",6,7,6.42287125328866
"127",7,7,0
"128",8,7,7.16810823581483
"129",9,7,6.20222973143449
"130",10,7,4.71847108981398
"131",11,7,12.4163373570853
"132",12,7,17.5812303216651
"133",13,7,12.7563128482432
"134",14,7,21.1492612274946
"135",15,7,21.9196617575271
"136",16,7,16.7702283734904
"137",17,7,13.3536488974153
"138",18,7,14.4999031446299
"139",19,7,14.9863019072577
"140",20,7,21.6917806944518
"141",1,8,15.3840289304903
"142",2,8,9.56493982606106
"143",3,8,6.55170686664042
"144",4,8,2.3969986462874
"145",5,8,8.15841312293117
"146",6,8,2.95210354983684
"147",7,8,7.16810823581483
"148",8,8,0
"149",9,8,4.19804927002277
"150",10,8,5.42676800919414
"151",11,8,8.21412487007924
"152",12,8,15.8492429372878
"153",13,8,9.6931094888276
"154",14,8,19.6385463877226
"155",15,8,20.949976636697
"156",16,8,14.4136225456006
"157",17,8,9.97110869454101
"158",18,8,11.8772387725769
"159",19,8,12.4462104963228
"160",20,8,20.5882789468175
"161",1,9,13.4848341658711
"162",2,9,8.9366583600627
"163",3,9,4.50995833967316
"164",4,9,3.21700558816018
"165",5,9,6.95209263110198
"166",6,9,3.7157385325677
"167",7,9,6.20222973143449
"168",8,9,4.19804927002277
"169",9,9,0
"170",10,9,3.98526699409115
"171",11,9,9.22406628809635
"172",12,9,16.1192211253693
"173",13,9,10.5188319641301
"174",14,9,19.564168285079
"175",15,9,20.6330985481501
"176",16,9,14.8902797253682
"177",17,9,10.8630259671343
"178",18,9,12.2823051076387
"179",19,9,12.9528388442802
"180",20,9,20.4025262120534
"181",1,10,12.9728822236546
"182",2,10,6.60986750018241
"183",3,10,5.31513588328509
"184",4,10,4.57708941645672
"185",5,10,5.83488296749663
"186",6,10,4.40450880994393
"187",7,10,4.71847108981398
"188",8,10,5.42676800919414
"189",9,10,3.98526699409115
"190",10,10,0
"191",11,10,10.1109664271875
"192",12,10,16.3822989018051
"193",13,10,10.980927766538
"194",14,10,20.0736639771754
"195",15,10,21.0990442956032
"196",16,10,15.3852338688527
"197",17,10,11.4701776245317
"198",18,10,12.7625780789152
"199",19,10,13.4660290709656
"200",20,10,20.857925135021
"201",1,11,19.3480344619985
"202",2,11,14.8306201005004
"203",3,11,11.4441752826924
"204",4,11,8.24803109044793
"205",5,11,12.7651258319809
"206",6,11,8.59135771686553
"207",7,11,12.4163373570853
"208",8,11,8.21412487007924
"209",9,11,9.22406628809635
"210",10,11,10.1109664271875
"211",11,11,0
"212",12,11,11.4888743398634
"213",13,11,6.06173780593371
"214",14,11,14.3478459002762
"215",15,11,16.0462009560963
"216",16,11,9.18382878034898
"217",17,11,5.13141301928251
"218",18,11,6.79973420199654
"219",19,11,7.75235267023245
"220",20,11,15.9563732023974
"221",1,12,22.5462644221376
"222",2,12,20.2260811114783
"223",3,12,16.7905456998638
"224",4,12,15.786478408384
"225",5,12,17.7317621146678
"226",6,12,15.5377449457098
"227",7,12,17.5812303216651
"228",8,12,15.8492429372878
"229",9,12,16.1192211253693
"230",10,12,16.3822989018051
"231",11,12,11.4888743398634
"232",12,12,0
"233",13,12,9.11889212356249
"234",14,12,9.57438053713215
"235",15,12,9.69447975991497
"236",16,12,5.34497680659103
"237",17,12,9.24221706039719
"238",18,12,6.67587122114103
"239",19,12,5.60324250085564
"240",20,12,8.75290089419877
"241",1,13,19.1420549980747
"242",2,13,15.267470312575
"243",3,13,12.0229190023169
"244",4,13,9.68064032393976
"245",5,13,13.0457215693371
"246",6,13,9.7814407258712
"247",7,13,12.7563128482432
"248",8,13,9.6931094888276
"249",9,13,10.5188319641301
"250",10,13,10.980927766538
"251",11,13,6.06173780593371
"252",12,13,9.11889212356249
"253",13,13,0
"254",14,13,12.422391406366
"255",15,13,14.347841168345
"256",16,13,7.83337283024888
"257",17,13,4.97515878781874
"258",18,13,6.23391246197398
"259",19,13,6.38304275557144
"260",20,13,14.3112439978017
"261",1,14,25.3701700427142
"262",2,14,23.3269325724979
"263",3,14,20.1167328850017
"264",4,14,19.5171465378058
"265",5,14,21.0483574757764
"266",6,14,19.5179783573971
"267",7,14,21.1492612274946
"268",8,14,19.6385463877226
"269",9,14,19.564168285079
"270",10,14,20.0736639771754
"271",11,14,14.3478459002762
"272",12,14,9.57438053713215
"273",13,14,12.422391406366
"274",14,14,0
"275",15,14,6.50486876316732
"276",16,14,9.21040080461632
"277",17,14,12.4970466066094
"278",18,14,10.9565116071919
"279",19,14,9.75499719300631
"280",20,14,9.7727631590921
"281",1,15,26.095176453282
"282",2,15,24.1040076272872
"283",3,15,21.1479191127383
"284",4,15,20.775597040394
"285",5,15,21.9831328435742
"286",6,15,20.7693737240501
"287",7,15,21.9196617575271
"288",8,15,20.949976636697
"289",9,15,20.6330985481501
"290",10,15,21.0990442956032
"291",11,15,16.0462009560963
"292",12,15,9.69447975991497
"293",13,15,14.347841168345
"294",14,15,6.50486876316732
"295",15,15,0
"296",16,15,9.15881222196793
"297",17,15,13.8691289799408
"298",18,15,11.0452008758051
"299",19,15,10.3568507915853
"300",20,15,8.12115516000831
"301",1,16,22.0018205646184
"302",2,16,19.29968106258
"303",3,16,16.0890840165906
"304",4,16,14.368183341864
"305",5,16,17.1687031666238
"306",6,16,14.4727439972027
"307",7,16,16.7702283734904
"308",8,16,14.4136225456006
"309",9,16,14.8902797253682
"310",10,16,15.3852338688527
"311",11,16,9.18382878034898
"312",12,16,5.34497680659103
"313",13,16,7.83337283024888
"314",14,16,9.21040080461632
"315",15,16,9.15881222196793
"316",16,16,0
"317",17,16,7.3074258735915
"318",18,16,4.38104188407443
"319",19,16,3.51700007467051
"320",20,16,8.82961501255128
"321",1,17,19.8654624334679
"322",2,17,15.9297966499512
"323",3,17,12.5345805467969
"324",4,17,9.95687611526571
"325",5,17,13.429596605637
"326",6,17,10.1085393406013
"327",7,17,13.3536488974153
"328",8,17,9.97110869454101
"329",9,17,10.8630259671343
"330",10,17,11.4701776245317
"331",11,17,5.13141301928251
"332",12,17,9.24221706039719
"333",13,17,4.97515878781874
"334",14,17,12.4970466066094
"335",15,17,13.8691289799408
"336",16,17,7.3074258735915
"337",17,17,0
"338",18,17,5.37940620873427
"339",19,17,5.98071256610255
"340",20,17,14.1170123404146
"341",1,18,20.5583505548006
"342",2,18,17.0122118656914
"343",3,18,13.776879988217
"344",4,18,11.7813385930796
"345",5,18,14.7639670053543
"346",6,18,11.868824315742
"347",7,18,14.4999031446299
"348",8,18,11.8772387725769
"349",9,18,12.2823051076387
"350",10,18,12.7625780789152
"351",11,18,6.79973420199654
"352",12,18,6.67587122114103
"353",13,18,6.23391246197398
"354",14,18,10.9565116071919
"355",15,18,11.0452008758051
"356",16,18,4.38104188407443
"357",17,18,5.37940620873427
"358",18,18,0
"359",19,18,3.76103116386265
"360",20,18,10.843072315766
"361",1,19,20.4639197180441
"362",2,19,17.5918263241411
"363",3,19,14.2347171254894
"364",4,19,12.4287634445177
"365",5,19,15.3292057962889
"366",6,19,12.5017061127355
"367",7,19,14.9863019072577
"368",8,19,12.4462104963228
"369",9,19,12.9528388442802
"370",10,19,13.4660290709656
"371",11,19,7.75235267023245
"372",12,19,5.60324250085564
"373",13,19,6.38304275557144
"374",14,19,9.75499719300631
"375",15,19,10.3568507915853
"376",16,19,3.51700007467051
"377",17,19,5.98071256610255
"378",18,19,3.76103116386265
"379",19,19,0
"380",20,19,10.1470418158344
"381",1,20,26.178712154624
"382",2,20,23.9822295850219
"383",3,20,21.0541813326055
"384",4,20,20.4127993055507
"385",5,20,21.8504249365947
"386",6,20,20.2956066313679
"387",7,20,21.6917806944518
"388",8,20,20.5882789468175
"389",9,20,20.4025262120534
"390",10,20,20.857925135021
"391",11,20,15.9563732023974
"392",12,20,8.75290089419877
"393",13,20,14.3112439978017
"394",14,20,9.7727631590921
"395",15,20,8.12115516000831
"396",16,20,8.82961501255128
"397",17,20,14.1170123404146
"398",18,20,10.843072315766
"399",19,20,10.1470418158344
"400",20,20,0
