"","row","col","value"
"1",1,1,0
"2",2,1,3.71660741981645
"3",3,1,2.54028770424017
"4",4,1,2.80598495406212
"5",5,1,3.71298338455015
"6",6,1,2.28330980776897
"7",7,1,3.27484158102434
"8",8,1,2.00690032943975
"9",9,1,4.57627315557585
"10",10,1,3.73116549770476
"11",11,1,7.91611222365223
"12",12,1,9.61508869923443
"13",13,1,5.93534827436652
"14",14,1,4.77293875927089
"15",15,1,7.18319710572643
"16",16,1,5.51086817741515
"17",17,1,13.2185083529111
"18",18,1,5.75547080520431
"19",19,1,4.58019330369463
"20",20,1,13.2814648292821
"21",1,2,3.71660741981645
"22",2,2,0
"23",3,2,3.68657325206247
"24",4,2,3.41940698151411
"25",5,2,5.2051789513122
"26",6,2,3.54869050094407
"27",7,2,3.63080023875946
"28",8,2,3.63032783435772
"29",9,2,5.12037283505238
"30",10,2,4.23116065560673
"31",11,2,8.02745107927216
"32",12,2,9.12224136896715
"33",13,2,5.85310108284243
"34",14,2,4.7513716574365
"35",15,2,6.71216682748061
"36",16,2,5.34887167877962
"37",17,2,12.7080104301737
"38",18,2,5.43273686589055
"39",19,2,4.90293991446609
"40",20,2,12.8900673534105
"41",1,3,2.54028770424017
"42",2,3,3.68657325206247
"43",3,3,0
"44",4,3,2.48376408383629
"45",5,3,4.21374298956045
"46",6,3,2.38812351275412
"47",7,3,2.75908700739013
"48",8,3,2.41844078437344
"49",9,3,4.82863899161632
"50",10,3,3.64645114390748
"51",11,3,7.70137477275889
"52",12,3,9.38034360284701
"53",13,3,5.79184547191571
"54",14,3,4.86199601667094
"55",15,3,7.24189027452485
"56",16,3,5.30495210887651
"57",17,3,13.4826861204323
"58",18,3,5.45107977227334
"59",19,3,4.49256475645246
"60",20,3,13.5058625881197
"61",1,4,2.80598495406212
"62",2,4,3.41940698151411
"63",3,4,2.48376408383629
"64",4,4,0
"65",5,4,5.13110803952487
"66",6,4,2.48033519744727
"67",7,4,2.69224255803013
"68",8,4,2.46313512036626
"69",9,4,5.08725582240526
"70",10,4,4.07444693232029
"71",11,4,7.83093902223423
"72",12,4,9.86097216904356
"73",13,4,6.12452908193997
"74",14,4,5.10754587361415
"75",15,4,7.46675139557384
"76",16,4,5.54285694570275
"77",17,4,13.6578628776382
"78",18,4,5.48580912002651
"79",19,4,4.93467260389646
"80",20,4,13.4833043354017
"81",1,5,3.71298338455015
"82",2,5,5.2051789513122
"83",3,5,4.21374298956045
"84",4,5,5.13110803952487
"85",5,5,0
"86",6,5,4.29729091225976
"87",7,5,5.67845526728773
"88",8,5,4.27067919651354
"89",9,5,4.18934752882191
"90",10,5,3.97705323027658
"91",11,5,8.63997505723432
"92",12,5,9.45388142388858
"93",13,5,6.3267630515071
"94",14,5,4.94821612827011
"95",15,5,7.57115067381152
"96",16,5,6.01373780350858
"97",17,5,12.3395363296083
"98",18,5,6.62063644304152
"99",19,5,5.71185657505008
"100",20,5,12.5157263248963
"101",1,6,2.28330980776897
"102",2,6,3.54869050094407
"103",3,6,2.38812351275412
"104",4,6,2.48033519744727
"105",5,6,4.29729091225976
"106",6,6,0
"107",7,6,3.02350806417623
"108",8,6,2.19082686481387
"109",9,6,4.70266775758822
"110",10,6,3.59225980108911
"111",11,6,8.0679792269532
"112",12,6,9.75605304935887
"113",13,6,6.00881506423984
"114",14,6,5.07696994955646
"115",15,6,7.48897227186026
"116",16,6,5.47074382197552
"117",17,6,13.5826459186347
"118",18,6,5.69436951070403
"119",19,6,4.97084784087715
"120",20,6,13.5607560347848
"121",1,7,3.27484158102434
"122",2,7,3.63080023875946
"123",3,7,2.75908700739013
"124",4,7,2.69224255803013
"125",5,7,5.67845526728773
"126",6,7,3.02350806417623
"127",7,7,0
"128",8,7,3.35282649008224
"129",9,7,5.21284187339719
"130",10,7,4.16866342003653
"131",11,7,7.38014837135095
"132",12,7,9.32176717385234
"133",13,7,5.38613036845346
"134",14,7,5.24414413219494
"135",15,7,7.37485805745234
"136",16,7,5.2312066116208
"137",17,7,13.5033061519907
"138",18,7,4.99758762022935
"139",19,7,4.89608465200258
"140",20,7,13.4520448281845
"141",1,8,2.00690032943975
"142",2,8,3.63032783435772
"143",3,8,2.41844078437344
"144",4,8,2.46313512036626
"145",5,8,4.27067919651354
"146",6,8,2.19082686481387
"147",7,8,3.35282649008224
"148",8,8,0
"149",9,8,4.76228217328594
"150",10,8,3.86813404601388
"151",11,8,8.14612910938494
"152",12,8,9.87910064668398
"153",13,8,6.28698240742427
"154",14,8,4.97964158153485
"155",15,8,7.30031983441997
"156",16,8,5.73688981569858
"157",17,8,13.7716627581955
"158",18,8,5.74977007845511
"159",19,8,4.54591066258495
"160",20,8,13.5717579692281
"161",1,9,4.57627315557585
"162",2,9,5.12037283505238
"163",3,9,4.82863899161632
"164",4,9,5.08725582240526
"165",5,9,4.18934752882191
"166",6,9,4.70266775758822
"167",7,9,5.21284187339719
"168",8,9,4.76228217328594
"169",9,9,0
"170",10,9,3.22432946419365
"171",11,9,8.59076576115494
"172",12,9,9.10715853826232
"173",13,9,5.96839686498321
"174",14,9,5.30772587234214
"175",15,9,7.02077581369288
"176",16,9,6.06411249873517
"177",17,9,11.6342118429545
"178",18,9,6.57633661369778
"179",19,9,5.96177167337791
"180",20,9,12.0932926106743
"181",1,10,3.73116549770476
"182",2,10,4.23116065560673
"183",3,10,3.64645114390748
"184",4,10,4.07444693232029
"185",5,10,3.97705323027658
"186",6,10,3.59225980108911
"187",7,10,4.16866342003653
"188",8,10,3.86813404601388
"189",9,10,3.22432946419365
"190",10,10,0
"191",11,10,7.9532742379419
"192",12,10,8.55095608148839
"193",13,10,5.05085083095859
"194",14,10,4.6061243200731
"195",15,10,6.28393165946865
"196",16,10,5.0471294460003
"197",17,10,11.9760307306522
"198",18,10,5.51948941994267
"199",19,10,4.84763535274197
"200",20,10,12.2615409251463
"201",1,11,7.91611222365223
"202",2,11,8.02745107927216
"203",3,11,7.70137477275889
"204",4,11,7.83093902223423
"205",5,11,8.63997505723432
"206",6,11,8.0679792269532
"207",7,11,7.38014837135095
"208",8,11,8.14612910938494
"209",9,11,8.59076576115494
"210",10,11,7.9532742379419
"211",11,11,0
"212",12,11,7.04846748777792
"213",13,11,5.23490178132034
"214",14,11,6.30895948957342
"215",15,11,5.2161427827413
"216",16,11,6.04817784715416
"217",17,11,9.18791092779442
"218",18,11,4.34074411148617
"219",19,11,6.28318776419142
"220",20,11,13.3460635705548
"221",1,12,9.61508869923443
"222",2,12,9.12224136896715
"223",3,12,9.38034360284701
"224",4,12,9.86097216904356
"225",5,12,9.45388142388858
"226",6,12,9.75605304935887
"227",7,12,9.32176717385234
"228",8,12,9.87910064668398
"229",9,12,9.10715853826232
"230",10,12,8.55095608148839
"231",11,12,7.04846748777792
"232",12,12,0
"233",13,12,6.22573245976329
"234",14,12,7.32876900917352
"235",15,12,6.70704639190348
"236",16,12,7.27217640285409
"237",17,12,9.10905248864326
"238",18,12,6.75391321142765
"239",19,12,7.88297120609398
"240",20,12,12.6157012422683
"241",1,13,5.93534827436652
"242",2,13,5.85310108284243
"243",3,13,5.79184547191571
"244",4,13,6.12452908193997
"245",5,13,6.3267630515071
"246",6,13,6.00881506423984
"247",7,13,5.38613036845346
"248",8,13,6.28698240742427
"249",9,13,5.96839686498321
"250",10,13,5.05085083095859
"251",11,13,5.23490178132034
"252",12,13,6.22573245976329
"253",13,13,0
"254",14,13,4.36297485312279
"255",15,13,4.47811209966346
"256",16,13,4.16635270858027
"257",17,13,9.40741524810628
"258",18,13,4.10687463626477
"259",19,13,4.84088642471013
"260",20,13,11.62463986566
"261",1,14,4.77293875927089
"262",2,14,4.7513716574365
"263",3,14,4.86199601667094
"264",4,14,5.10754587361415
"265",5,14,4.94821612827011
"266",6,14,5.07696994955646
"267",7,14,5.24414413219494
"268",8,14,4.97964158153485
"269",9,14,5.30772587234214
"270",10,14,4.6061243200731
"271",11,14,6.30895948957342
"272",12,14,7.32876900917352
"273",13,14,4.36297485312279
"274",14,14,0
"275",15,14,4.90251561757149
"276",16,14,4.17167162733606
"277",17,14,10.0337017951976
"278",18,14,4.36028853140249
"279",19,14,3.98946293481142
"280",20,14,11.4808626082674
"281",1,15,7.18319710572643
"282",2,15,6.71216682748061
"283",3,15,7.24189027452485
"284",4,15,7.46675139557384
"285",5,15,7.57115067381152
"286",6,15,7.48897227186026
"287",7,15,7.37485805745234
"288",8,15,7.30031983441997
"289",9,15,7.02077581369288
"290",10,15,6.28393165946865
"291",11,15,5.2161427827413
"292",12,15,6.70704639190348
"293",13,15,4.47811209966346
"294",14,15,4.90251561757149
"295",15,15,0
"296",16,15,5.55428859298159
"297",17,15,9.06686700391363
"298",18,15,3.9935301568814
"299",19,15,5.23754735478085
"300",20,15,12.7377925392364
"301",1,16,5.51086817741515
"302",2,16,5.34887167877962
"303",3,16,5.30495210887651
"304",4,16,5.54285694570275
"305",5,16,6.01373780350858
"306",6,16,5.47074382197552
"307",7,16,5.2312066116208
"308",8,16,5.73688981569858
"309",9,16,6.06411249873517
"310",10,16,5.0471294460003
"311",11,16,6.04817784715416
"312",12,16,7.27217640285409
"313",13,16,4.16635270858027
"314",14,16,4.17167162733606
"315",15,16,5.55428859298159
"316",16,16,0
"317",17,16,10.1895116803832
"318",18,16,4.31942231464518
"319",19,16,4.71183328169272
"320",20,16,11.8159208850041
"321",1,17,13.2185083529111
"322",2,17,12.7080104301737
"323",3,17,13.4826861204323
"324",4,17,13.6578628776382
"325",5,17,12.3395363296083
"326",6,17,13.5826459186347
"327",7,17,13.5033061519907
"328",8,17,13.7716627581955
"329",9,17,11.6342118429545
"330",10,17,11.9760307306522
"331",11,17,9.18791092779442
"332",12,17,9.10905248864326
"333",13,17,9.40741524810628
"334",14,17,10.0337017951976
"335",15,17,9.06686700391363
"336",16,17,10.1895116803832
"337",17,17,0
"338",18,17,10.086136187434
"339",19,17,11.8355229711437
"340",20,17,14.5085340701088
"341",1,18,5.75547080520431
"342",2,18,5.43273686589055
"343",3,18,5.45107977227334
"344",4,18,5.48580912002651
"345",5,18,6.62063644304152
"346",6,18,5.69436951070403
"347",7,18,4.99758762022935
"348",8,18,5.74977007845511
"349",9,18,6.57633661369778
"350",10,18,5.51948941994267
"351",11,18,4.34074411148617
"352",12,18,6.75391321142765
"353",13,18,4.10687463626477
"354",14,18,4.36028853140249
"355",15,18,3.9935301568814
"356",16,18,4.31942231464518
"357",17,18,10.086136187434
"358",18,18,0
"359",19,18,3.99117828771158
"360",20,18,12.5759548135088
"361",1,19,4.58019330369463
"362",2,19,4.90293991446609
"363",3,19,4.49256475645246
"364",4,19,4.93467260389646
"365",5,19,5.71185657505008
"366",6,19,4.97084784087715
"367",7,19,4.89608465200258
"368",8,19,4.54591066258495
"369",9,19,5.96177167337791
"370",10,19,4.84763535274197
"371",11,19,6.28318776419142
"372",12,19,7.88297120609398
"373",13,19,4.84088642471013
"374",14,19,3.98946293481142
"375",15,19,5.23754735478085
"376",16,19,4.71183328169272
"377",17,19,11.8355229711437
"378",18,19,3.99117828771158
"379",19,19,0
"380",20,19,13.0144172671813
"381",1,20,13.2814648292821
"382",2,20,12.8900673534105
"383",3,20,13.5058625881197
"384",4,20,13.4833043354017
"385",5,20,12.5157263248963
"386",6,20,13.5607560347848
"387",7,20,13.4520448281845
"388",8,20,13.5717579692281
"389",9,20,12.0932926106743
"390",10,20,12.2615409251463
"391",11,20,13.3460635705548
"392",12,20,12.6157012422683
"393",13,20,11.62463986566
"394",14,20,11.4808626082674
"395",15,20,12.7377925392364
"396",16,20,11.8159208850041
"397",17,20,14.5085340701088
"398",18,20,12.5759548135088
"399",19,20,13.0144172671813
"400",20,20,0
